0 0
0 0
125.66370614 0.2
125.66370614 1
245.04422698 0.8
245.00073775 0.68526331
244.95167555 0.59099088
244.89207555 0.50778942
244.83047325 0.44473692
244.74895714 0.38392245
244.65603022 0.33450484
244.55563106 0.29619547
244.42717659 0.26172693
244.29931422 0.23804761
244.14636946 0.21906201
243.96945894 0.20607155
243.77572379 0.2002464
243.72611091 0.2
246.78876907 0.2
246.9848321 0.20390662
247.16688443 0.21520139
247.32612679 0.23281148
247.46012167 0.25543404
247.59508049 0.28894831
247.70050736 0.32659863
247.79783709 0.37548128
247.87221682 0.42709052
247.93875514 0.4895959
247.99642641 0.5630468
248.04548649 0.6473737
248.09037776 0.75202554
248.10688514 0.8
251.16954331 0.8
251.12605408 0.68526331
251.07699188 0.59099088
251.01739188 0.50778942
250.95578958 0.44473692
250.87427347 0.38392245
250.78134655 0.33450484
250.68094739 0.29619547
250.55249292 0.26172693
250.42463055 0.23804761
250.27168579 0.21906201
250.09477527 0.20607155
249.90104012 0.2002464
249.85142724 0.2
252.9140854 0.2
253.11014843 0.20390662
253.29220076 0.21520139
253.45144312 0.23281148
253.585438 0.25543404
253.72039682 0.28894831
253.82582369 0.32659863
253.92315342 0.37548128
253.99753315 0.42709052
254.06407147 0.4895959
254.12174274 0.5630468
254.17080282 0.6473737
254.21569409 0.75202554
254.23220147 0.8
257.29485964 0.8
257.25137041 0.68526331
257.20230821 0.59099088
257.14270821 0.50778942
257.08110591 0.44473692
256.9995898 0.38392245
256.90666288 0.33450484
256.80626372 0.29619547
256.67780925 0.26172693
256.54994688 0.23804761
256.39700212 0.21906201
256.2200916 0.20607155
256.02635645 0.2002464
255.97674357 0.2
259.03940173 0.2
259.23546476 0.20390662
259.41751709 0.21520139
259.57675945 0.23281148
259.71075433 0.25543404
259.84571315 0.28894831
259.95114002 0.32659863
260.04846975 0.37548128
260.12284948 0.42709052
260.1893878 0.4895959
260.24705907 0.5630468
260.29611915 0.6473737
260.34101042 0.75202554
260.3575178 0.8
263.42017597 0.8
263.37668674 0.68526331
263.32762454 0.59099088
263.26802454 0.50778942
263.20642224 0.44473692
263.12490613 0.38392245
263.03197921 0.33450484
262.93158005 0.29619547
262.80312558 0.26172693
262.67526321 0.23804761
262.52231845 0.21906201
262.34540793 0.20607155
262.15167278 0.2002464
262.1020599 0.2
265.16471806 0.2
265.36078109 0.20390662
265.54283342 0.21520139
265.70207577 0.23281148
265.83607066 0.25543404
265.97102948 0.28894831
266.07645635 0.32659863
266.17378608 0.37548128
266.24816581 0.42709052
266.31470413 0.4895959
266.3723754 0.5630468
266.42143548 0.6473737
266.46632675 0.75202554
266.48283413 0.8
269.5454923 0.8
269.50200307 0.68526331
269.45294087 0.59099088
269.39334087 0.50778942
269.33173857 0.44473692
269.25022246 0.38392245
269.15729553 0.33450484
269.05689638 0.29619547
268.92844191 0.26172693
268.80057954 0.23804761
268.64763478 0.21906201
268.47072426 0.20607155
268.27698911 0.2002464
268.22737623 0.2
271.29003439 0.2
271.48609742 0.20390662
271.66814975 0.21520139
271.8273921 0.23281148
271.96138699 0.25543404
272.09634581 0.28894831
272.20177268 0.32659863
272.29910241 0.37548128
272.37348214 0.42709052
272.44002046 0.4895959
272.49769173 0.5630468
272.54675181 0.6473737
272.59164308 0.75202554
272.60815046 0.8
275.67080863 0.8
275.6273194 0.68526331
275.5782572 0.59099088
275.5186572 0.50778942
275.4570549 0.44473692
275.37553879 0.38392245
275.28261186 0.33450484
275.18221271 0.29619547
275.05375824 0.26172693
274.92589587 0.23804761
274.77295111 0.21906201
274.59604059 0.20607155
274.40230544 0.2002464
274.35269256 0.2
277.41535072 0.2
277.61141374 0.20390662
277.79346608 0.21520139
277.95270843 0.23281148
278.08670332 0.25543404
278.22166214 0.28894831
278.32708901 0.32659863
278.42441874 0.37548128
278.49879847 0.42709052
278.56533679 0.4895959
278.62300806 0.5630468
278.67206814 0.6473737
278.71695941 0.75202554
278.73346679 0.8
281.79612496 0.8
281.75263573 0.68526331
281.70357353 0.59099088
281.64397353 0.50778942
281.58237123 0.44473692
281.50085512 0.38392245
281.40792819 0.33450484
281.30752904 0.29619547
281.17907457 0.26172693
281.0512122 0.23804761
280.89826744 0.21906201
280.72135692 0.20607155
280.52762177 0.2002464
280.47800889 0.2
283.54066705 0.2
283.73673007 0.20390662
283.91878241 0.21520139
284.07802476 0.23281148
284.21201965 0.25543404
284.34697847 0.28894831
284.45240534 0.32659863
284.54973507 0.37548128
284.6241148 0.42709052
284.69065312 0.4895959
284.74832439 0.5630468
284.79738447 0.6473737
284.84227574 0.75202554
284.85878312 0.8
287.92144129 0.8
287.87795206 0.68526331
287.82888986 0.59099088
287.76928986 0.50778942
287.70768756 0.44473692
287.62617145 0.38392245
287.53324452 0.33450484
287.43284537 0.29619547
287.3043909 0.26172693
287.17652852 0.23804761
287.02358377 0.21906201
286.84667325 0.20607155
286.6529381 0.2002464
286.60332522 0.2
289.66598338 0.2
289.8620464 0.20390662
290.04409874 0.21520139
290.20334109 0.23281148
290.33733598 0.25543404
290.4722948 0.28894831
290.57772167 0.32659863
290.6750514 0.37548128
290.74943112 0.42709052
290.81596945 0.4895959
290.87364072 0.5630468
290.9227008 0.6473737
290.96759207 0.75202554
290.98409945 0.8
294.04675762 0.8
294.00326839 0.68526331
293.95420619 0.59099088
293.89460619 0.50778942
293.83300389 0.44473692
293.75148778 0.38392245
293.65856085 0.33450484
293.5581617 0.29619547
293.42970723 0.26172693
293.30184485 0.23804761
293.1489001 0.21906201
292.97198958 0.20607155
292.77825443 0.2002464
292.72864155 0.2
295.79129971 0.2
295.98736273 0.20390662
296.16941507 0.21520139
296.32865742 0.23281148
296.46265231 0.25543404
296.59761113 0.28894831
296.703038 0.32659863
296.80036773 0.37548128
296.87474745 0.42709052
296.94128578 0.4895959
296.99895705 0.5630468
297.04801713 0.6473737
297.0929084 0.75202554
297.10941578 0.8
300.17207395 0.8
300.12858472 0.68526331
300.07952252 0.59099088
300.01992252 0.50778942
299.95832022 0.44473692
299.87680411 0.38392245
299.78387718 0.33450484
299.68347803 0.29619547
299.55502356 0.26172693
299.42716118 0.23804761
299.27421642 0.21906201
299.09730591 0.20607155
298.90357076 0.2002464
298.85395787 0.2
301.91661604 0.2
302.11267906 0.20390662
302.2947314 0.21520139
302.45397375 0.23281148
302.58796864 0.25543404
302.72292746 0.28894831
302.82835433 0.32659863
302.92568406 0.37548128
303.00006378 0.42709052
303.06660211 0.4895959
303.12427338 0.5630468
303.17333346 0.6473737
303.21822473 0.75202554
303.23473211 0.8
306.29739028 0.8
306.25390105 0.68526331
306.20483885 0.59099088
306.14523885 0.50778942
306.08363655 0.44473692
306.00212044 0.38392245
305.90919351 0.33450484
305.80879436 0.29619547
305.68033989 0.26172693
305.55247751 0.23804761
305.39953275 0.21906201
305.22262224 0.20607155
305.02888709 0.2002464
304.9792742 0.2
308.04193237 0.2
308.23799539 0.20390662
308.42004773 0.21520139
308.57929008 0.23281148
308.71328497 0.25543404
308.84824379 0.28894831
308.95367066 0.32659863
309.05100039 0.37548128
309.12538011 0.42709052
309.19191844 0.4895959
309.24958971 0.5630468
309.29864978 0.6473737
309.34354106 0.75202554
309.36004844 0.8
312.42270661 0.8
312.37921738 0.68526331
312.33015518 0.59099088
312.27055518 0.50778942
312.20895288 0.44473692
312.12743677 0.38392245
312.03450984 0.33450484
311.93411069 0.29619547
311.80565622 0.26172693
311.67779384 0.23804761
311.52484908 0.21906201
311.34793857 0.20607155
311.15420342 0.2002464
311.10459053 0.2
314.1672487 0.2
314.36331172 0.20390662
314.54536406 0.21520139
314.70460641 0.23281148
314.8386013 0.25543404
314.97356012 0.28894831
315.07898699 0.32659863
315.17631672 0.37548128
315.25069644 0.42709052
315.31723477 0.4895959
315.37490604 0.5630468
315.42396611 0.6473737
315.46885739 0.75202554
315.48536477 0.8
318.54802294 0.8
318.50453371 0.68526331
318.45547151 0.59099088
318.39587151 0.50778942
318.33426921 0.44473692
318.2527531 0.38392245
318.15982617 0.33450484
318.05942702 0.29619547
317.93097255 0.26172693
317.80311017 0.23804761
317.65016541 0.21906201
317.4732549 0.20607155
317.27951975 0.2002464
317.22990686 0.2
320.29256503 0.2
320.48862805 0.20390662
320.67068039 0.21520139
320.82992274 0.23281148
320.96391763 0.25543404
321.09887645 0.28894831
321.20430332 0.32659863
321.30163305 0.37548128
321.37601277 0.42709052
321.4425511 0.4895959
321.50022237 0.5630468
321.54928244 0.6473737
321.59417372 0.75202554
321.6106811 0.8
324.67333926 0.8
324.62985004 0.68526331
324.58078784 0.59099088
324.52118784 0.50778942
324.45958554 0.44473692
324.37806943 0.38392245
324.2851425 0.33450484
324.18474335 0.29619547
324.05628888 0.26172693
323.9284265 0.23804761
323.77548174 0.21906201
323.59857123 0.20607155
323.40483608 0.2002464
323.35522319 0.2
326.41788136 0.2
326.61394438 0.20390662
326.79599671 0.21520139
326.95523907 0.23281148
327.08923396 0.25543404
327.22419278 0.28894831
327.32961965 0.32659863
327.42694938 0.37548128
327.5013291 0.42709052
327.56786743 0.4895959
327.6255387 0.5630468
327.67459877 0.6473737
327.71949005 0.75202554
327.73599743 0.8
330.79865559 0.8
330.75516637 0.68526331
330.70610417 0.59099088
330.64650417 0.50778942
330.58490187 0.44473692
330.50338576 0.38392245
330.41045883 0.33450484
330.31005968 0.29619547
330.18160521 0.26172693
330.05374283 0.23804761
329.90079807 0.21906201
329.72388756 0.20607155
329.53015241 0.2002464
329.48053952 0.2
332.54319769 0.2
332.73926071 0.20390662
332.92131304 0.21520139
333.0805554 0.23281148
333.21455029 0.25543404
333.34950911 0.28894831
333.45493598 0.32659863
333.55226571 0.37548128
333.62664543 0.42709052
333.69318376 0.4895959
333.75085503 0.5630468
333.7999151 0.6473737
333.84480638 0.75202554
333.86131376 0.8
336.92397192 0.8
336.8804827 0.68526331
336.8314205 0.59099088
336.7718205 0.50778942
336.7102182 0.44473692
336.62870209 0.38392245
336.53577516 0.33450484
336.435376 0.29619547
336.30692154 0.26172693
336.17905916 0.23804761
336.0261144 0.21906201
335.84920389 0.20607155
335.65546874 0.2002464
335.60585585 0.2
338.66851402 0.2
338.86457704 0.20390662
339.04662937 0.21520139
339.20587173 0.23281148
339.33986662 0.25543404
339.47482544 0.28894831
339.58025231 0.32659863
339.67758204 0.37548128
339.75196176 0.42709052
339.81850009 0.4895959
339.87617136 0.5630468
339.92523143 0.6473737
339.97012271 0.75202554
339.98663009 0.8
343.04928825 0.8
343.00579902 0.68526331
342.95673683 0.59099088
342.89713683 0.50778942
342.83553453 0.44473692
342.75401842 0.38392245
342.66109149 0.33450484
342.56069233 0.29619547
342.43223787 0.26172693
342.30437549 0.23804761
342.15143073 0.21906201
341.97452022 0.20607155
341.78078507 0.2002464
341.73117218 0.2
344.79383035 0.2
344.98989337 0.20390662
345.1719457 0.21520139
345.33118806 0.23281148
345.46518295 0.25543404
345.60014177 0.28894831
345.70556864 0.32659863
345.80289837 0.37548128
345.87727809 0.42709052
345.94381642 0.4895959
346.00148769 0.5630468
346.05054776 0.6473737
346.09543904 0.75202554
346.11194642 0.8
349.17460458 0.8
349.13111535 0.68526331
349.08205316 0.59099088
349.02245316 0.50778942
348.96085086 0.44473692
348.87933475 0.38392245
348.78640782 0.33450484
348.68600866 0.29619547
348.5575542 0.26172693
348.42969182 0.23804761
348.27674706 0.21906201
348.09983655 0.20607155
347.9061014 0.2002464
347.85648851 0.2
350.91914668 0.2
351.1152097 0.20390662
351.29726203 0.21520139
351.45650439 0.23281148
351.59049928 0.25543404
351.7254581 0.28894831
351.83088497 0.32659863
351.9282147 0.37548128
352.00259442 0.42709052
352.06913275 0.4895959
352.12680402 0.5630468
352.17586409 0.6473737
352.22075537 0.75202554
352.23726275 0.8
355.29992091 0.8
355.25643168 0.68526331
355.20736949 0.59099088
355.14776949 0.50778942
355.08616719 0.44473692
355.00465108 0.38392245
354.91172415 0.33450484
354.81132499 0.29619547
354.68287053 0.26172693
354.55500815 0.23804761
354.40206339 0.21906201
354.22515288 0.20607155
354.03141773 0.2002464
353.98180484 0.2
357.04446301 0.2
357.24052603 0.20390662
357.42257836 0.21520139
357.58182072 0.23281148
357.71581561 0.25543404
357.85077442 0.28894831
357.9562013 0.32659863
358.05353103 0.37548128
358.12791075 0.42709052
358.19444908 0.4895959
358.25212035 0.5630468
358.30118042 0.6473737
358.3460717 0.75202554
358.36257908 0.8
361.42523724 0.8
361.38174801 0.68526331
361.33268581 0.59099088
361.27308582 0.50778942
361.21148352 0.44473692
361.12996741 0.38392245
361.03704048 0.33450484
360.93664132 0.29619547
360.80818686 0.26172693
360.68032448 0.23804761
360.52737972 0.21906201
360.35046921 0.20607155
360.15673406 0.2002464
360.10712117 0.2
363.16977934 0.2
363.36584236 0.20390662
363.54789469 0.21520139
363.70713705 0.23281148
363.84113194 0.25543404
363.97609075 0.28894831
364.08151763 0.32659863
364.17884736 0.37548128
364.25322708 0.42709052
364.31976541 0.4895959
364.37743668 0.5630468
364.42649675 0.6473737
364.47138803 0.75202554
364.48789541 0.8
367.55055357 0.8
367.50706434 0.68526331
367.45800214 0.59099088
367.39840215 0.50778942
367.33679984 0.44473692
367.25528374 0.38392245
367.16235681 0.33450484
367.06195765 0.29619547
366.93350319 0.26172693
366.80564081 0.23804761
366.65269605 0.21906201
366.47578554 0.20607155
366.28205039 0.2002464
366.2324375 0.2
369.29509567 0.2
369.49115869 0.20390662
369.67321102 0.21520139
369.83245338 0.23281148
369.96644827 0.25543404
370.10140708 0.28894831
370.20683396 0.32659863
370.30416369 0.37548128
370.37854341 0.42709052
370.44508174 0.4895959
370.502753 0.5630468
370.55181308 0.6473737
370.59670436 0.75202554
370.61321174 0.8
373.6758699 0.8
373.63238067 0.68526331
373.58331847 0.59099088
373.52371848 0.50778942
373.46211617 0.44473692
373.38060007 0.38392245
373.28767314 0.33450484
373.18727398 0.29619547
373.05881952 0.26172693
372.93095714 0.23804761
372.77801238 0.21906201
372.60110187 0.20607155
372.40736672 0.2002464
372.35775383 0.2
375.420412 0.2
375.61647502 0.20390662
375.79852735 0.21520139
375.95776971 0.23281148
376.0917646 0.25543404
376.22672341 0.28894831
376.33215029 0.32659863
376.42948002 0.37548128
376.50385974 0.42709052
376.57039806 0.4895959
376.62806933 0.5630468
376.67712941 0.6473737
376.72202069 0.75202554
376.73852807 0.8
379.80118623 0.8
379.757697 0.68526331
379.7086348 0.59099088
379.64903481 0.50778942
379.5874325 0.44473692
379.50591639 0.38392245
379.41298947 0.33450484
379.31259031 0.29619547
379.18413585 0.26172693
379.05627347 0.23804761
378.90332871 0.21906201
378.7264182 0.20607155
378.53268305 0.2002464
378.48307016 0.2
381.54572832 0.2
381.74179135 0.20390662
381.92384368 0.21520139
382.08308604 0.23281148
382.21708093 0.25543404
382.35203974 0.28894831
382.45746662 0.32659863
382.55479634 0.37548128
382.62917607 0.42709052
382.69571439 0.4895959
382.75338566 0.5630468
382.80244574 0.6473737
382.84733702 0.75202554
382.8638444 0.8
385.92650256 0.8
385.88301333 0.68526331
385.83395113 0.59099088
385.77435114 0.50778942
385.71274883 0.44473692
385.63123272 0.38392245
385.5383058 0.33450484
385.43790664 0.29619547
385.30945218 0.26172693
385.1815898 0.23804761
385.02864504 0.21906201
384.85173453 0.20607155
384.65799938 0.2002464
384.60838649 0.2
387.67104465 0.2
387.86710768 0.20390662
388.04916001 0.21520139
388.20840237 0.23281148
388.34239726 0.25543404
388.47735607 0.28894831
388.58278295 0.32659863
388.68011267 0.37548128
388.7544924 0.42709052
388.82103072 0.4895959
388.87870199 0.5630468
388.92776207 0.6473737
388.97265335 0.75202554
388.98916073 0.8
392.05181889 0.8
392.00832966 0.68526331
391.95926746 0.59099088
391.89966747 0.50778942
391.83806516 0.44473692
391.75654905 0.38392245
391.66362213 0.33450484
391.56322297 0.29619547
391.43476851 0.26172693
391.30690613 0.23804761
391.15396137 0.21906201
390.97705086 0.20607155
390.78331571 0.2002464
390.73370282 0.2
393.79636098 0.2
393.99242401 0.20390662
394.17447634 0.21520139
394.3337187 0.23281148
394.46771359 0.25543404
394.6026724 0.28894831
394.70809927 0.32659863
394.805429 0.37548128
394.87980873 0.42709052
394.94634705 0.4895959
395.00401832 0.5630468
395.0530784 0.6473737
395.09796967 0.75202554
395.11447706 0.8
398.17713522 0.8
398.13364599 0.68526331
398.08458379 0.59099088
398.02498379 0.50778942
397.96338149 0.44473692
397.88186538 0.38392245
397.78893846 0.33450484
397.6885393 0.29619547
397.56008483 0.26172693
397.43222246 0.23804761
397.2792777 0.21906201
397.10236718 0.20607155
396.90863203 0.2002464
396.85901915 0.2
399.92167731 0.2
400.11774034 0.20390662
400.29979267 0.21520139
400.45903503 0.23281148
400.59302992 0.25543404
400.72798873 0.28894831
400.8334156 0.32659863
400.93074533 0.37548128
401.00512506 0.42709052
401.07166338 0.4895959
401.12933465 0.5630468
401.17839473 0.6473737
401.223286 0.75202554
401.23979339 0.8
404.30245155 0.8
404.25896232 0.68526331
404.20990012 0.59099088
404.15030012 0.50778942
404.08869782 0.44473692
404.00718171 0.38392245
403.91425479 0.33450484
403.81385563 0.29619547
403.68540116 0.26172693
403.55753879 0.23804761
403.40459403 0.21906201
403.22768351 0.20607155
403.03394836 0.2002464
402.98433548 0.2
406.04699364 0.2
406.24305667 0.20390662
406.425109 0.21520139
406.58435136 0.23281148
406.71834624 0.25543404
406.85330506 0.28894831
406.95873193 0.32659863
407.05606166 0.37548128
407.13044139 0.42709052
407.19697971 0.4895959
407.25465098 0.5630468
407.30371106 0.6473737
407.34860233 0.75202554
407.36510971 0.8
410.42776788 0.8
410.38427865 0.68526331
410.33521645 0.59099088
410.27561645 0.50778942
410.21401415 0.44473692
410.13249804 0.38392245
410.03957112 0.33450484
409.93917196 0.29619547
409.81071749 0.26172693
409.68285512 0.23804761
409.52991036 0.21906201
409.35299984 0.20607155
409.15926469 0.2002464
409.10965181 0.2
412.17230997 0.2
412.368373 0.20390662
412.55042533 0.21520139
412.70966769 0.23281148
412.84366257 0.25543404
412.97862139 0.28894831
413.08404826 0.32659863
413.18137799 0.37548128
413.25575772 0.42709052
413.32229604 0.4895959
413.37996731 0.5630468
413.42902739 0.6473737
413.47391866 0.75202554
413.49042604 0.8
416.55308421 0.8
416.50959498 0.68526331
416.46053278 0.59099088
416.40093278 0.50778942
416.33933048 0.44473692
416.25781437 0.38392245
416.16488745 0.33450484
416.06448829 0.29619547
415.93603382 0.26172693
415.80817145 0.23804761
415.65522669 0.21906201
415.47831617 0.20607155
415.28458102 0.2002464
415.23496814 0.2
418.2976263 0.2
418.49368933 0.20390662
418.67574166 0.21520139
418.83498402 0.23281148
418.9689789 0.25543404
419.10393772 0.28894831
419.20936459 0.32659863
419.30669432 0.37548128
419.38107405 0.42709052
419.44761237 0.4895959
419.50528364 0.5630468
419.55434372 0.6473737
419.59923499 0.75202554
419.61574237 0.8
422.67840054 0.8
422.63491131 0.68526331
422.58584911 0.59099088
422.52624911 0.50778942
422.46464681 0.44473692
422.3831307 0.38392245
422.29020377 0.33450484
422.18980462 0.29619547
422.06135015 0.26172693
421.93348778 0.23804761
421.78054302 0.21906201
421.6036325 0.20607155
421.40989735 0.2002464
421.36028447 0.2
424.42294263 0.2
424.61900566 0.20390662
424.80105799 0.21520139
424.96030034 0.23281148
425.09429523 0.25543404
425.22925405 0.28894831
425.33468092 0.32659863
425.43201065 0.37548128
425.50639038 0.42709052
425.5729287 0.4895959
425.63059997 0.5630468
425.67966005 0.6473737
425.72455132 0.75202554
425.7410587 0.8
428.80371687 0.8
428.76022764 0.68526331
428.71116544 0.59099088
428.65156544 0.50778942
428.58996314 0.44473692
428.50844703 0.38392245
428.4155201 0.33450484
428.31512095 0.29619547
428.18666648 0.26172693
428.05880411 0.23804761
427.90585935 0.21906201
427.72894883 0.20607155
427.53521368 0.2002464
427.4856008 0.2
430.54825896 0.2
430.74432198 0.20390662
430.92637432 0.21520139
431.08561667 0.23281148
431.21961156 0.25543404
431.35457038 0.28894831
431.45999725 0.32659863
431.55732698 0.37548128
431.63170671 0.42709052
431.69824503 0.4895959
431.7559163 0.5630468
431.80497638 0.6473737
431.84986765 0.75202554
431.86637503 0.8
434.9290332 0.8
434.88554397 0.68526331
434.83648177 0.59099088
434.77688177 0.50778942
434.71527947 0.44473692
434.63376336 0.38392245
434.54083643 0.33450484
434.44043728 0.29619547
434.31198281 0.26172693
434.18412044 0.23804761
434.03117568 0.21906201
433.85426516 0.20607155
433.66053001 0.2002464
433.61091713 0.2
436.67357529 0.2
436.86963831 0.20390662
437.05169065 0.21520139
437.210933 0.23281148
437.34492789 0.25543404
437.47988671 0.28894831
437.58531358 0.32659863
437.68264331 0.37548128
437.75702304 0.42709052
437.82356136 0.4895959
437.88123263 0.5630468
437.93029271 0.6473737
437.97518398 0.75202554
437.99169136 0.8
441.05434953 0.8
441.0108603 0.68526331
440.9617981 0.59099088
440.9021981 0.50778942
440.8405958 0.44473692
440.75907969 0.38392245
440.66615276 0.33450484
440.56575361 0.29619547
440.43729914 0.26172693
440.30943677 0.23804761
440.15649201 0.21906201
439.97958149 0.20607155
439.78584634 0.2002464
439.73623346 0.2
442.79889162 0.2
442.99495464 0.20390662
443.17700698 0.21520139
443.33624933 0.23281148
443.47024422 0.25543404
443.60520304 0.28894831
443.71062991 0.32659863
443.80795964 0.37548128
443.88233937 0.42709052
443.94887769 0.4895959
444.00654896 0.5630468
444.05560904 0.6473737
444.10050031 0.75202554
444.11700769 0.8
447.17966586 0.8
447.13617663 0.68526331
447.08711443 0.59099088
447.02751443 0.50778942
446.96591213 0.44473692
446.88439602 0.38392245
446.79146909 0.33450484
446.69106994 0.29619547
446.56261547 0.26172693
446.43475309 0.23804761
446.28180834 0.21906201
446.10489782 0.20607155
445.91116267 0.2002464
445.86154979 0.2
448.92420795 0.2
449.12027097 0.20390662
449.30232331 0.21520139
449.46156566 0.23281148
449.59556055 0.25543404
449.73051937 0.28894831
449.83594624 0.32659863
449.93327597 0.37548128
450.00765569 0.42709052
450.07419402 0.4895959
450.13186529 0.5630468
450.18092537 0.6473737
450.22581664 0.75202554
450.24232402 0.8
453.30498219 0.8
453.26149296 0.68526331
453.21243076 0.59099088
453.15283076 0.50778942
453.09122846 0.44473692
453.00971235 0.38392245
452.91678542 0.33450484
452.81638627 0.29619547
452.6879318 0.26172693
452.56006942 0.23804761
452.40712467 0.21906201
452.23021415 0.20607155
452.036479 0.2002464
451.98686612 0.2
455.04952428 0.2
455.2455873 0.20390662
455.42763964 0.21520139
455.58688199 0.23281148
455.72087688 0.25543404
455.8558357 0.28894831
455.96126257 0.32659863
456.0585923 0.37548128
456.13297202 0.42709052
456.19951035 0.4895959
456.25718162 0.5630468
456.3062417 0.6473737
456.35113297 0.75202554
456.36764035 0.8
459.43029852 0.8
459.38680929 0.68526331
459.33774709 0.59099088
459.27814709 0.50778942
459.21654479 0.44473692
459.13502868 0.38392245
459.04210175 0.33450484
458.9417026 0.29619547
458.81324813 0.26172693
458.68538575 0.23804761
458.53244099 0.21906201
458.35553048 0.20607155
458.16179533 0.2002464
458.11218244 0.2
461.17484061 0.2
461.37090363 0.20390662
461.55295597 0.21520139
461.71219832 0.23281148
461.84619321 0.25543404
461.98115203 0.28894831
462.0865789 0.32659863
462.18390863 0.37548128
462.25828835 0.42709052
462.32482668 0.4895959
462.38249795 0.5630468
462.43155803 0.6473737
462.4764493 0.75202554
462.49295668 0.8
465.55561485 0.8
465.51212562 0.68526331
465.46306342 0.59099088
465.40346342 0.50778942
465.34186112 0.44473692
465.26034501 0.38392245
465.16741808 0.33450484
465.06701893 0.29619547
464.93856446 0.26172693
464.81070208 0.23804761
464.65775732 0.21906201
464.48084681 0.20607155
464.28711166 0.2002464
464.23749877 0.2
467.30015694 0.2
467.49621996 0.20390662
467.6782723 0.21520139
467.83751465 0.23281148
467.97150954 0.25543404
468.10646836 0.28894831
468.21189523 0.32659863
468.30922496 0.37548128
468.38360468 0.42709052
468.45014301 0.4895959
468.50781428 0.5630468
468.55687435 0.6473737
468.60176563 0.75202554
468.61827301 0.8
471.68093118 0.8
471.63744195 0.68526331
471.58837975 0.59099088
471.52877975 0.50778942
471.46717745 0.44473692
471.38566134 0.38392245
471.29273441 0.33450484
471.19233526 0.29619547
471.06388079 0.26172693
470.93601841 0.23804761
470.78307365 0.21906201
470.60616314 0.20607155
470.41242799 0.2002464
470.3628151 0.2
473.42547327 0.2
473.62153629 0.20390662
473.80358863 0.21520139
473.96283098 0.23281148
474.09682587 0.25543404
474.23178469 0.28894831
474.33721156 0.32659863
474.43454129 0.37548128
474.50892101 0.42709052
474.57545934 0.4895959
474.63313061 0.5630468
474.68219068 0.6473737
474.72708196 0.75202554
474.74358934 0.8
477.80624751 0.8
477.76275828 0.68526331
477.71369608 0.59099088
477.65409608 0.50778942
477.59249378 0.44473692
477.51097767 0.38392245
477.41805074 0.33450484
477.31765159 0.29619547
477.18919712 0.26172693
477.06133474 0.23804761
476.90838998 0.21906201
476.73147947 0.20607155
476.53774432 0.2002464
476.48813143 0.2
479.5507896 0.2
479.74685262 0.20390662
479.92890496 0.21520139
480.08814731 0.23281148
480.2221422 0.25543404
480.35710102 0.28894831
480.46252789 0.32659863
480.55985762 0.37548128
480.63423734 0.42709052
480.70077567 0.4895959
480.75844694 0.5630468
480.80750701 0.6473737
480.85239829 0.75202554
480.86890567 0.8
483.93156383 0.8
483.88807461 0.68526331
483.83901241 0.59099088
483.77941241 0.50778942
483.71781011 0.44473692
483.636294 0.38392245
483.54336707 0.33450484
483.44296792 0.29619547
483.31451345 0.26172693
483.18665107 0.23804761
483.03370631 0.21906201
482.8567958 0.20607155
482.66306065 0.2002464
482.61344776 0.2
485.67610593 0.2
485.87216895 0.20390662
486.05422128 0.21520139
486.21346364 0.23281148
486.34745853 0.25543404
486.48241735 0.28894831
486.58784422 0.32659863
486.68517395 0.37548128
486.75955367 0.42709052
486.826092 0.4895959
486.88376327 0.5630468
486.93282334 0.6473737
486.97771462 0.75202554
486.994222 0.8
490.05688016 0.8
490.01339094 0.68526331
489.96432874 0.59099088
489.90472874 0.50778942
489.84312644 0.44473692
489.76161033 0.38392245
489.6686834 0.33450484
489.56828425 0.29619547
489.43982978 0.26172693
489.3119674 0.23804761
489.15902264 0.21906201
488.98211213 0.20607155
488.78837698 0.2002464
488.73876409 0.2
491.80142226 0.2
491.99748528 0.20390662
492.17953761 0.21520139
492.33877997 0.23281148
492.47277486 0.25543404
492.60773368 0.28894831
492.71316055 0.32659863
492.81049028 0.37548128
492.88487 0.42709052
492.95140833 0.4895959
493.0090796 0.5630468
493.05813967 0.6473737
493.10303095 0.75202554
493.11953833 0.8
496.18219649 0.8
496.13870727 0.68526331
496.08964507 0.59099088
496.03004507 0.50778942
495.96844277 0.44473692
495.88692666 0.38392245
495.79399973 0.33450484
495.69360057 0.29619547
495.56514611 0.26172693
495.43728373 0.23804761
495.28433897 0.21906201
495.10742846 0.20607155
494.91369331 0.2002464
494.86408042 0.2
497.92673859 0.2
498.12280161 0.20390662
498.30485394 0.21520139
498.4640963 0.23281148
498.59809119 0.25543404
498.73305001 0.28894831
498.83847688 0.32659863
498.93580661 0.37548128
499.01018633 0.42709052
499.07672466 0.4895959
499.13439593 0.5630468
499.183456 0.6473737
499.22834728 0.75202554
499.24485466 0.8
502.30751282 0.8
502.26402359 0.68526331
502.2149614 0.59099088
502.1553614 0.50778942
502.0937591 0.44473692
502.01224299 0.38392245
501.91931606 0.33450484
501.8189169 0.29619547
501.69046244 0.26172693
501.56260006 0.23804761
501.4096553 0.21906201
501.23274479 0.20607155
501.03900964 0.2002464
500.98939675 0.2
504.05205492 0.2
504.24811794 0.20390662
504.43017027 0.21520139
504.58941263 0.23281148
504.72340752 0.25543404
504.85836634 0.28894831
504.96379321 0.32659863
505.06112294 0.37548128
505.13550266 0.42709052
505.20204099 0.4895959
505.25971226 0.5630468
505.30877233 0.6473737
505.35366361 0.75202554
505.37017099 0.8
508.43282915 0.8
508.38933992 0.68526331
508.34027773 0.59099088
508.28067773 0.50778942
508.21907543 0.44473692
508.13755932 0.38392245
508.04463239 0.33450484
507.94423323 0.29619547
507.81577877 0.26172693
507.68791639 0.23804761
507.53497163 0.21906201
507.35806112 0.20607155
507.16432597 0.2002464
507.11471308 0.2
510.17737125 0.2
510.37343427 0.20390662
510.5554866 0.21520139
510.71472896 0.23281148
510.84872385 0.25543404
510.98368267 0.28894831
511.08910954 0.32659863
511.18643927 0.37548128
511.26081899 0.42709052
511.32735732 0.4895959
511.38502859 0.5630468
511.43408866 0.6473737
511.47897994 0.75202554
511.49548732 0.8
514.55814548 0.8
514.51465625 0.68526331
514.46559406 0.59099088
514.40599406 0.50778942
514.34439176 0.44473692
514.26287565 0.38392245
514.16994872 0.33450484
514.06954956 0.29619547
513.9410951 0.26172693
513.81323272 0.23804761
513.66028796 0.21906201
513.48337745 0.20607155
513.2896423 0.2002464
513.24002941 0.2
516.30268758 0.2
516.4987506 0.20390662
516.68080293 0.21520139
516.84004529 0.23281148
516.97404018 0.25543404
517.10899899 0.28894831
517.21442587 0.32659863
517.3117556 0.37548128
517.38613532 0.42709052
517.45267365 0.4895959
517.51034492 0.5630468
517.55940499 0.6473737
517.60429627 0.75202554
517.62080365 0.8
520.68346181 0.8
520.63997258 0.68526331
520.59091038 0.59099088
520.53131039 0.50778942
520.46970809 0.44473692
520.38819198 0.38392245
520.29526505 0.33450484
520.19486589 0.29619547
520.06641143 0.26172693
519.93854905 0.23804761
519.78560429 0.21906201
519.60869378 0.20607155
519.41495863 0.2002464
519.36534574 0.2
522.42800391 0.2
522.62406693 0.20390662
522.80611926 0.21520139
522.96536162 0.23281148
523.09935651 0.25543404
523.23431532 0.28894831
523.3397422 0.32659863
523.43707193 0.37548128
523.51145165 0.42709052
523.57798998 0.4895959
523.63566125 0.5630468
523.68472132 0.6473737
523.7296126 0.75202554
523.74611998 0.8
526.80877814 0.8
526.76528891 0.68526331
526.71622671 0.59099088
526.65662672 0.50778942
526.59502441 0.44473692
526.51350831 0.38392245
526.42058138 0.33450484
526.32018222 0.29619547
526.19172776 0.26172693
526.06386538 0.23804761
525.91092062 0.21906201
525.73401011 0.20607155
525.54027496 0.2002464
525.49066207 0.2
528.55332024 0.2
528.74938326 0.20390662
528.93143559 0.21520139
529.09067795 0.23281148
529.22467284 0.25543404
529.35963165 0.28894831
529.46505853 0.32659863
529.56238826 0.37548128
529.63676798 0.42709052
529.70330631 0.4895959
529.76097757 0.5630468
529.81003765 0.6473737
529.85492893 0.75202554
529.87143631 0.8
532.93409447 0.8
532.89060524 0.68526331
532.84154304 0.59099088
532.78194305 0.50778942
532.72034074 0.44473692
532.63882464 0.38392245
532.54589771 0.33450484
532.44549855 0.29619547
532.31704409 0.26172693
532.18918171 0.23804761
532.03623695 0.21906201
531.85932644 0.20607155
531.66559129 0.2002464
531.6159784 0.2
534.67863656 0.2
534.87469959 0.20390662
535.05675192 0.21520139
535.21599428 0.23281148
535.34998917 0.25543404
535.48494798 0.28894831
535.59037486 0.32659863
535.68770459 0.37548128
535.76208431 0.42709052
535.82862263 0.4895959
535.8862939 0.5630468
535.93535398 0.6473737
535.98024526 0.75202554
535.99675264 0.8
539.0594108 0.8
539.01592157 0.68526331
538.96685937 0.59099088
538.90725938 0.50778942
538.84565707 0.44473692
538.76414096 0.38392245
538.67121404 0.33450484
538.57081488 0.29619547
538.44236042 0.26172693
538.31449804 0.23804761
538.16155328 0.21906201
537.98464277 0.20607155
537.79090762 0.2002464
537.74129473 0.2
540.80395289 0.2
541.00001592 0.20390662
541.18206825 0.21520139
541.34131061 0.23281148
541.4753055 0.25543404
541.61026431 0.28894831
541.71569119 0.32659863
541.81302091 0.37548128
541.88740064 0.42709052
541.95393896 0.4895959
542.01161023 0.5630468
542.06067031 0.6473737
542.10556159 0.75202554
542.12206897 0.8
545.18472713 0.8
545.1412379 0.68526331
545.0921757 0.59099088
545.03257571 0.50778942
544.9709734 0.44473692
544.88945729 0.38392245
544.79653037 0.33450484
544.69613121 0.29619547
544.56767675 0.26172693
544.43981437 0.23804761
544.28686961 0.21906201
544.1099591 0.20607155
543.91622395 0.2002464
543.86661106 0.2
546.92926922 0.2
547.12533225 0.20390662
547.30738458 0.21520139
547.46662694 0.23281148
547.60062183 0.25543404
547.73558064 0.28894831
547.84100752 0.32659863
547.93833724 0.37548128
548.01271697 0.42709052
548.07925529 0.4895959
548.13692656 0.5630468
548.18598664 0.6473737
548.23087791 0.75202554
548.2473853 0.8
551.31004346 0.8
551.26655423 0.68526331
551.21749203 0.59099088
551.15789203 0.50778942
551.09628973 0.44473692
551.01477362 0.38392245
550.9218467 0.33450484
550.82144754 0.29619547
550.69299308 0.26172693
550.5651307 0.23804761
550.41218594 0.21906201
550.23527543 0.20607155
550.04154028 0.2002464
549.99192739 0.2
553.05458555 0.2
553.25064858 0.20390662
553.43270091 0.21520139
553.59194327 0.23281148
553.72593816 0.25543404
553.86089697 0.28894831
553.96632384 0.32659863
554.06365357 0.37548128
554.1380333 0.42709052
554.20457162 0.4895959
554.26224289 0.5630468
554.31130297 0.6473737
554.35619424 0.75202554
554.37270163 0.8
557.43535979 0.8
557.39187056 0.68526331
557.34280836 0.59099088
557.28320836 0.50778942
557.22160606 0.44473692
557.14008995 0.38392245
557.04716303 0.33450484
556.94676387 0.29619547
556.8183094 0.26172693
556.69044703 0.23804761
556.53750227 0.21906201
556.36059175 0.20607155
556.1668566 0.2002464
556.11724372 0.2
559.17990188 0.2
559.37596491 0.20390662
559.55801724 0.21520139
559.7172596 0.23281148
559.85125448 0.25543404
559.9862133 0.28894831
560.09164017 0.32659863
560.1889699 0.37548128
560.26334963 0.42709052
560.32988795 0.4895959
560.38755922 0.5630468
560.4366193 0.6473737
560.48151057 0.75202554
560.49801796 0.8
563.56067612 0.8
563.51718689 0.68526331
563.46812469 0.59099088
563.40852469 0.50778942
563.34692239 0.44473692
563.26540628 0.38392245
563.17247936 0.33450484
563.0720802 0.29619547
562.94362573 0.26172693
562.81576336 0.23804761
562.6628186 0.21906201
562.48590808 0.20607155
562.29217293 0.2002464
562.24256005 0.2
565.30521821 0.2
565.50128124 0.20390662
565.68333357 0.21520139
565.84257593 0.23281148
565.97657081 0.25543404
566.11152963 0.28894831
566.2169565 0.32659863
566.31428623 0.37548128
566.38866596 0.42709052
566.45520428 0.4895959
566.51287555 0.5630468
566.56193563 0.6473737
566.6068269 0.75202554
566.62333428 0.8
569.68599245 0.8
569.64250322 0.68526331
569.59344102 0.59099088
569.53384102 0.50778942
569.47223872 0.44473692
569.39072261 0.38392245
569.29779569 0.33450484
569.19739653 0.29619547
569.06894206 0.26172693
568.94107969 0.23804761
568.78813493 0.21906201
568.61122441 0.20607155
568.41748926 0.2002464
568.36787638 0.2
571.43053454 0.2
571.62659757 0.20390662
571.8086499 0.21520139
571.96789226 0.23281148
572.10188714 0.25543404
572.23684596 0.28894831
572.34227283 0.32659863
572.43960256 0.37548128
572.51398229 0.42709052
572.58052061 0.4895959
572.63819188 0.5630468
572.68725196 0.6473737
572.73214323 0.75202554
572.74865061 0.8
575.81130878 0.8
575.76781955 0.68526331
575.71875735 0.59099088
575.65915735 0.50778942
575.59755505 0.44473692
575.51603894 0.38392245
575.42311202 0.33450484
575.32271286 0.29619547
575.19425839 0.26172693
575.06639602 0.23804761
574.91345126 0.21906201
574.73654074 0.20607155
574.54280559 0.2002464
574.49319271 0.2
577.55585087 0.2
577.7519139 0.20390662
577.93396623 0.21520139
578.09320859 0.23281148
578.22720347 0.25543404
578.36216229 0.28894831
578.46758916 0.32659863
578.56491889 0.37548128
578.63929862 0.42709052
578.70583694 0.4895959
578.76350821 0.5630468
578.81256829 0.6473737
578.85745956 0.75202554
578.87396694 0.8
581.93662511 0.8
581.89313588 0.68526331
581.84407368 0.59099088
581.78447368 0.50778942
581.72287138 0.44473692
581.64135527 0.38392245
581.54842834 0.33450484
581.44802919 0.29619547
581.31957472 0.26172693
581.19171235 0.23804761
581.03876759 0.21906201
580.86185707 0.20607155
580.66812192 0.2002464
580.61850904 0.2
583.6811672 0.2
583.87723023 0.20390662
584.05928256 0.21520139
584.21852491 0.23281148
584.3525198 0.25543404
584.48747862 0.28894831
584.59290549 0.32659863
584.69023522 0.37548128
584.76461495 0.42709052
584.83115327 0.4895959
584.88882454 0.5630468
584.93788462 0.6473737
584.98277589 0.75202554
584.99928327 0.8
588.06194144 0.8
588.01845221 0.68526331
587.96939001 0.59099088
587.90979001 0.50778942
587.84818771 0.44473692
587.7666716 0.38392245
587.67374467 0.33450484
587.57334552 0.29619547
587.44489105 0.26172693
587.31702868 0.23804761
587.16408392 0.21906201
586.9871734 0.20607155
586.79343825 0.2002464
586.74382537 0.2
589.80648353 0.2
590.00254655 0.20390662
590.18459889 0.21520139
590.34384124 0.23281148
590.47783613 0.25543404
590.61279495 0.28894831
590.71822182 0.32659863
590.81555155 0.37548128
590.88993128 0.42709052
590.9564696 0.4895959
591.01414087 0.5630468
591.06320095 0.6473737
591.10809222 0.75202554
591.1245996 0.8
594.18725777 0.8
594.14376854 0.68526331
594.09470634 0.59099088
594.03510634 0.50778942
593.97350404 0.44473692
593.89198793 0.38392245
593.799061 0.33450484
593.69866185 0.29619547
593.57020738 0.26172693
593.44234501 0.23804761
593.28940025 0.21906201
593.11248973 0.20607155
592.91875458 0.2002464
592.8691417 0.2
595.93179986 0.2
596.12786288 0.20390662
596.30991522 0.21520139
596.46915757 0.23281148
596.60315246 0.25543404
596.73811128 0.28894831
596.84353815 0.32659863
596.94086788 0.37548128
597.01524761 0.42709052
597.08178593 0.4895959
597.1394572 0.5630468
597.18851728 0.6473737
597.23340855 0.75202554
597.24991593 0.8
600.3125741 0.8
600.26908487 0.68526331
600.22002267 0.59099088
600.16042267 0.50778942
600.09882037 0.44473692
600.01730426 0.38392245
599.92437733 0.33450484
599.82397818 0.29619547
599.69552371 0.26172693
599.56766133 0.23804761
599.41471658 0.21906201
599.23780606 0.20607155
599.04407091 0.2002464
598.99445803 0.2
602.05711619 0.2
602.25317921 0.20390662
602.43523155 0.21520139
602.5944739 0.23281148
602.72846879 0.25543404
602.86342761 0.28894831
602.96885448 0.32659863
603.06618421 0.37548128
603.14056394 0.42709052
603.20710226 0.4895959
603.26477353 0.5630468
603.31383361 0.6473737
603.35872488 0.75202554
603.37523226 0.8
606.43789043 0.8
606.3944012 0.68526331
606.345339 0.59099088
606.285739 0.50778942
606.2241367 0.44473692
606.14262059 0.38392245
606.04969366 0.33450484
605.94929451 0.29619547
605.82084004 0.26172693
605.69297766 0.23804761
605.54003291 0.21906201
605.36312239 0.20607155
605.16938724 0.2002464
605.11977436 0.2
608.18243252 0.2
608.37849554 0.20390662
608.56054788 0.21520139
608.71979023 0.23281148
608.85378512 0.25543404
608.98874394 0.28894831
609.09417081 0.32659863
609.19150054 0.37548128
609.26588026 0.42709052
609.33241859 0.4895959
609.39008986 0.5630468
609.43914994 0.6473737
609.48404121 0.75202554
609.50054859 0.8
612.56320676 0.8
612.51971753 0.68526331
612.47065533 0.59099088
612.41105533 0.50778942
612.34945303 0.44473692
612.26793692 0.38392245
612.17500999 0.33450484
612.07461084 0.29619547
611.94615637 0.26172693
611.81829399 0.23804761
611.66534923 0.21906201
611.48843872 0.20607155
611.29470357 0.2002464
611.24509069 0.2
614.30774885 0.2
614.50381187 0.20390662
614.68586421 0.21520139
614.84510656 0.23281148
614.97910145 0.25543404
615.11406027 0.28894831
615.21948714 0.32659863
615.31681687 0.37548128
615.39119659 0.42709052
615.45773492 0.4895959
615.51540619 0.5630468
615.56446627 0.6473737
615.60935754 0.75202554
615.62586492 0.8
618.68852309 0.8
618.64503386 0.68526331
618.59597166 0.59099088
618.53637166 0.50778942
618.47476936 0.44473692
618.39325325 0.38392245
618.30032632 0.33450484
618.19992717 0.29619547
618.0714727 0.26172693
617.94361032 0.23804761
617.79066556 0.21906201
617.61375505 0.20607155
617.4200199 0.2002464
617.37040701 0.2
620.43306518 0.2
620.6291282 0.20390662
620.81118054 0.21520139
620.97042289 0.23281148
621.10441778 0.25543404
621.2393766 0.28894831
621.34480347 0.32659863
621.4421332 0.37548128
621.51651292 0.42709052
621.58305125 0.4895959
621.64072252 0.5630468
621.68978259 0.6473737
621.73467387 0.75202554
621.75118125 0.8
624.81383942 0.8
624.77035019 0.68526331
624.72128799 0.59099088
624.66168799 0.50778942
624.60008569 0.44473692
624.51856958 0.38392245
624.42564265 0.33450484
624.3252435 0.29619547
624.19678903 0.26172693
624.06892665 0.23804761
623.91598189 0.21906201
623.73907138 0.20607155
623.54533623 0.2002464
623.49572334 0.2
626.55838151 0.2
626.75444453 0.20390662
626.93649687 0.21520139
627.09573922 0.23281148
627.22973411 0.25543404
627.36469293 0.28894831
627.4701198 0.32659863
627.56744953 0.37548128
627.64182925 0.42709052
627.70836758 0.4895959
627.76603885 0.5630468
627.81509892 0.6473737
627.8599902 0.75202554
627.87649758 0.8
630.93915575 0.8
630.89566652 0.68526331
630.84660432 0.59099088
630.78700432 0.50778942
630.72540202 0.44473692
630.64388591 0.38392245
630.55095898 0.33450484
630.45055983 0.29619547
630.32210536 0.26172693
630.19424298 0.23804761
630.04129822 0.21906201
629.86438771 0.20607155
629.67065256 0.2002464
629.62103967 0.2
632.68369784 0.2
632.87976086 0.20390662
633.0618132 0.21520139
633.22105555 0.23281148
633.35505044 0.25543404
633.49000926 0.28894831
633.59543613 0.32659863
633.69276586 0.37548128
633.76714558 0.42709052
633.83368391 0.4895959
633.89135518 0.5630468
633.94041525 0.6473737
633.98530653 0.75202554
634.00181391 0.8
637.06447208 0.8
637.02098285 0.68526331
636.97192065 0.59099088
636.91232065 0.50778942
636.85071835 0.44473692
636.76920224 0.38392245
636.67627531 0.33450484
636.57587616 0.29619547
636.44742169 0.26172693
636.31955931 0.23804761
636.16661455 0.21906201
635.98970404 0.20607155
635.79596889 0.2002464
635.746356 0.2
638.80901417 0.2
639.00507719 0.20390662
639.18712953 0.21520139
639.34637188 0.23281148
639.48036677 0.25543404
639.61532559 0.28894831
639.72075246 0.32659863
639.81808219 0.37548128
639.89246191 0.42709052
639.95900024 0.4895959
640.01667151 0.5630468
640.06573158 0.6473737
640.11062286 0.75202554
640.12713024 0.8
643.1897884 0.8
643.14629918 0.68526331
643.09723698 0.59099088
643.03763698 0.50778942
642.97603468 0.44473692
642.89451857 0.38392245
642.80159164 0.33450484
642.70119249 0.29619547
642.57273802 0.26172693
642.44487564 0.23804761
642.29193088 0.21906201
642.11502037 0.20607155
641.92128522 0.2002464
641.87167233 0.2
644.9343305 0.2
645.13039352 0.20390662
645.31244585 0.21520139
645.47168821 0.23281148
645.6056831 0.25543404
645.74064192 0.28894831
645.84606879 0.32659863
645.94339852 0.37548128
646.01777824 0.42709052
646.08431657 0.4895959
646.14198784 0.5630468
646.19104791 0.6473737
646.23593919 0.75202554
646.25244657 0.8
649.31510473 0.8
649.27161551 0.68526331
649.22255331 0.59099088
649.16295331 0.50778942
649.10135101 0.44473692
649.0198349 0.38392245
648.92690797 0.33450484
648.82650882 0.29619547
648.69805435 0.26172693
648.57019197 0.23804761
648.41724721 0.21906201
648.2403367 0.20607155
648.04660155 0.2002464
647.99698866 0.2
651.05964683 0.2
651.25570985 0.20390662
651.43776218 0.21520139
651.59700454 0.23281148
651.73099943 0.25543404
651.86595825 0.28894831
651.97138512 0.32659863
652.06871485 0.37548128
652.14309457 0.42709052
652.2096329 0.4895959
652.26730417 0.5630468
652.31636424 0.6473737
652.36125552 0.75202554
652.3777629 0.8
655.44042106 0.8
655.39693184 0.68526331
655.34786964 0.59099088
655.28826964 0.50778942
655.22666734 0.44473692
655.14515123 0.38392245
655.0522243 0.33450484
654.95182514 0.29619547
654.82337068 0.26172693
654.6955083 0.23804761
654.54256354 0.21906201
654.36565303 0.20607155
654.17191788 0.2002464
654.12230499 0.2
657.18496316 0.2
657.38102618 0.20390662
657.56307851 0.21520139
657.72232087 0.23281148
657.85631576 0.25543404
657.99127458 0.28894831
658.09670145 0.32659863
658.19403118 0.37548128
658.2684109 0.42709052
658.33494923 0.4895959
658.3926205 0.5630468
658.44168057 0.6473737
658.48657185 0.75202554
658.50307923 0.8
661.56573739 0.8
661.52224816 0.68526331
661.47318597 0.59099088
661.41358597 0.50778942
661.35198367 0.44473692
661.27046756 0.38392245
661.17754063 0.33450484
661.07714147 0.29619547
660.94868701 0.26172693
660.82082463 0.23804761
660.66787987 0.21906201
660.49096936 0.20607155
660.29723421 0.2002464
660.24762132 0.2
663.31027949 0.2
663.50634251 0.20390662
663.68839484 0.21520139
663.8476372 0.23281148
663.98163209 0.25543404
664.11659091 0.28894831
664.22201778 0.32659863
664.31934751 0.37548128
664.39372723 0.42709052
664.46026556 0.4895959
664.51793683 0.5630468
664.5669969 0.6473737
664.61188818 0.75202554
664.62839556 0.8
667.69105372 0.8
667.64756449 0.68526331
667.5985023 0.59099088
667.5389023 0.50778942
667.4773 0.44473692
667.39578389 0.38392245
667.30285696 0.33450484
667.2024578 0.29619547
667.07400334 0.26172693
666.94614096 0.23804761
666.7931962 0.21906201
666.61628569 0.20607155
666.42255054 0.2002464
666.37293765 0.2
669.43559582 0.2
669.63165884 0.20390662
669.81371117 0.21520139
669.97295353 0.23281148
670.10694842 0.25543404
670.24190724 0.28894831
670.34733411 0.32659863
670.44466384 0.37548128
670.51904356 0.42709052
670.58558189 0.4895959
670.64325316 0.5630468
670.69231323 0.6473737
670.73720451 0.75202554
670.75371189 0.8
673.81637005 0.8
673.77288082 0.68526331
673.72381863 0.59099088
673.66421863 0.50778942
673.60261633 0.44473692
673.52110022 0.38392245
673.42817329 0.33450484
673.32777413 0.29619547
673.19931967 0.26172693
673.07145729 0.23804761
672.91851253 0.21906201
672.74160202 0.20607155
672.54786687 0.2002464
672.49825398 0.2
675.56091215 0.2
675.75697517 0.20390662
675.9390275 0.21520139
676.09826986 0.23281148
676.23226475 0.25543404
676.36722356 0.28894831
676.47265044 0.32659863
676.56998017 0.37548128
676.64435989 0.42709052
676.71089822 0.4895959
676.76856949 0.5630468
676.81762956 0.6473737
676.86252084 0.75202554
676.87902822 0.8
679.94168638 0.8
679.89819715 0.68526331
679.84913495 0.59099088
679.78953496 0.50778942
679.72793266 0.44473692
679.64641655 0.38392245
679.55348962 0.33450484
679.45309046 0.29619547
679.324636 0.26172693
679.19677362 0.23804761
679.04382886 0.21906201
678.86691835 0.20607155
678.6731832 0.2002464
678.62357031 0.2
681.68622848 0.2
681.8822915 0.20390662
682.06434383 0.21520139
682.22358619 0.23281148
682.35758108 0.25543404
682.49253989 0.28894831
682.59796677 0.32659863
682.6952965 0.37548128
682.76967622 0.42709052
682.83621455 0.4895959
682.89388582 0.5630468
682.94294589 0.6473737
682.98783717 0.75202554
683.00434455 0.8
686.06700271 0.8
686.02351348 0.68526331
685.97445128 0.59099088
685.91485129 0.50778942
685.85324898 0.44473692
685.77173288 0.38392245
685.67880595 0.33450484
685.57840679 0.29619547
685.44995233 0.26172693
685.32208995 0.23804761
685.16914519 0.21906201
684.99223468 0.20607155
684.79849953 0.2002464
684.74888664 0.2
687.81154481 0.2
688.00760783 0.20390662
688.18966016 0.21520139
688.34890252 0.23281148
688.48289741 0.25543404
688.61785622 0.28894831
688.7232831 0.32659863
688.82061283 0.37548128
688.89499255 0.42709052
688.96153088 0.4895959
689.01920214 0.5630468
689.06826222 0.6473737
689.1131535 0.75202554
689.12966088 0.8
692.19231904 0.8
692.14882981 0.68526331
692.09976761 0.59099088
692.04016762 0.50778942
691.97856531 0.44473692
691.89704921 0.38392245
691.80412228 0.33450484
691.70372312 0.29619547
691.57526866 0.26172693
691.44740628 0.23804761
691.29446152 0.21906201
691.11755101 0.20607155
690.92381586 0.2002464
690.87420297 0.2
693.93686113 0.2
694.13292416 0.20390662
694.31497649 0.21520139
694.47421885 0.23281148
694.60821374 0.25543404
694.74317255 0.28894831
694.84859943 0.32659863
694.94592916 0.37548128
695.02030888 0.42709052
695.0868472 0.4895959
695.14451847 0.5630468
695.19357855 0.6473737
695.23846983 0.75202554
695.25497721 0.8
698.31763537 0.8
698.27414614 0.68526331
698.22508394 0.59099088
698.16548395 0.50778942
698.10388164 0.44473692
698.02236553 0.38392245
697.92943861 0.33450484
697.82903945 0.29619547
697.70058499 0.26172693
697.57272261 0.23804761
697.41977785 0.21906201
697.24286734 0.20607155
697.04913219 0.2002464
696.9995193 0.2
700.06217746 0.2
700.25824049 0.20390662
700.44029282 0.21520139
700.59953518 0.23281148
700.73353007 0.25543404
700.86848888 0.28894831
700.97391576 0.32659863
701.07124548 0.37548128
701.14562521 0.42709052
701.21216353 0.4895959
701.2698348 0.5630468
701.31889488 0.6473737
701.36378616 0.75202554
701.38029354 0.8
704.4429517 0.8
704.39946247 0.68526331
704.35040027 0.59099088
704.29080028 0.50778942
704.22919797 0.44473692
704.14768186 0.38392245
704.05475494 0.33450484
703.95435578 0.29619547
703.82590132 0.26172693
703.69803894 0.23804761
703.54509418 0.21906201
703.36818367 0.20607155
703.17444852 0.2002464
703.12483563 0.2
706.18749379 0.2
706.38355682 0.20390662
706.56560915 0.21520139
706.72485151 0.23281148
706.8588464 0.25543404
706.99380521 0.28894831
707.09923209 0.32659863
707.19656181 0.37548128
707.27094154 0.42709052
707.33747986 0.4895959
707.39515113 0.5630468
707.44421121 0.6473737
707.48910248 0.75202554
707.50560987 0.8
710.56826803 0.8
710.5247788 0.68526331
710.4757166 0.59099088
710.4161166 0.50778942
710.3545143 0.44473692
710.27299819 0.38392245
710.18007127 0.33450484
710.07967211 0.29619547
709.95121765 0.26172693
709.82335527 0.23804761
709.67041051 0.21906201
709.49349999 0.20607155
709.29976485 0.2002464
709.25015196 0.2
712.31281012 0.2
712.50887315 0.20390662
712.69092548 0.21520139
712.85016784 0.23281148
712.98416273 0.25543404
713.11912154 0.28894831
713.22454841 0.32659863
713.32187814 0.37548128
713.39625787 0.42709052
713.46279619 0.4895959
713.52046746 0.5630468
713.56952754 0.6473737
713.61441881 0.75202554
713.6309262 0.8
716.69358436 0.8
716.65009513 0.68526331
716.60103293 0.59099088
716.54143293 0.50778942
716.47983063 0.44473692
716.39831452 0.38392245
716.3053876 0.33450484
716.20498844 0.29619547
716.07653397 0.26172693
715.9486716 0.23804761
715.79572684 0.21906201
715.61881632 0.20607155
715.42508117 0.2002464
715.37546829 0.2
718.43812645 0.2
718.63418948 0.20390662
718.81624181 0.21520139
718.97548417 0.23281148
719.10947905 0.25543404
719.24443787 0.28894831
719.34986474 0.32659863
719.44719447 0.37548128
719.5215742 0.42709052
719.58811252 0.4895959
719.64578379 0.5630468
719.69484387 0.6473737
719.73973514 0.75202554
719.75624252 0.8
722.81890069 0.8
722.77541146 0.68526331
722.72634926 0.59099088
722.66674926 0.50778942
722.60514696 0.44473692
722.52363085 0.38392245
722.43070393 0.33450484
722.33030477 0.29619547
722.2018503 0.26172693
722.07398793 0.23804761
721.92104317 0.21906201
721.74413265 0.20607155
721.5503975 0.2002464
721.50078462 0.2
724.56344278 0.2
724.75950581 0.20390662
724.94155814 0.21520139
725.1008005 0.23281148
725.23479538 0.25543404
725.3697542 0.28894831
725.47518107 0.32659863
725.5725108 0.37548128
725.64689053 0.42709052
725.71342885 0.4895959
725.77110012 0.5630468
725.8201602 0.6473737
725.86505147 0.75202554
725.88155885 0.8
728.94421702 0.8
728.90072779 0.68526331
728.85166559 0.59099088
728.79206559 0.50778942
728.73046329 0.44473692
728.64894718 0.38392245
728.55602026 0.33450484
728.4556211 0.29619547
728.32716663 0.26172693
728.19930426 0.23804761
728.0463595 0.21906201
727.86944898 0.20607155
727.67571383 0.2002464
727.62610095 0.2
730.68875911 0.2
730.88482214 0.20390662
731.06687447 0.21520139
731.22611683 0.23281148
731.36011171 0.25543404
731.49507053 0.28894831
731.6004974 0.32659863
731.69782713 0.37548128
731.77220686 0.42709052
731.83874518 0.4895959
731.89641645 0.5630468
731.94547653 0.6473737
731.9903678 0.75202554
732.00687518 0.8
735.06953335 0.8
735.02604412 0.68526331
734.97698192 0.59099088
734.91738192 0.50778942
734.85577962 0.44473692
734.77426351 0.38392245
734.68133659 0.33450484
734.58093743 0.29619547
734.45248296 0.26172693
734.32462059 0.23804761
734.17167583 0.21906201
733.99476531 0.20607155
733.80103016 0.2002464
733.75141728 0.2
736.81407544 0.2
737.01013847 0.20390662
737.1921908 0.21520139
737.35143315 0.23281148
737.48542804 0.25543404
737.62038686 0.28894831
737.72581373 0.32659863
737.82314346 0.37548128
737.89752319 0.42709052
737.96406151 0.4895959
738.02173278 0.5630468
738.07079286 0.6473737
738.11568413 0.75202554
738.13219151 0.8
741.19484968 0.8
741.15136045 0.68526331
741.10229825 0.59099088
741.04269825 0.50778942
740.98109595 0.44473692
740.89957984 0.38392245
740.80665291 0.33450484
740.70625376 0.29619547
740.57779929 0.26172693
740.44993692 0.23804761
740.29699216 0.21906201
740.12008164 0.20607155
739.92634649 0.2002464
739.87673361 0.2
742.93939177 0.2
743.1354548 0.20390662
743.31750713 0.21520139
743.47674948 0.23281148
743.61074437 0.25543404
743.74570319 0.28894831
743.85113006 0.32659863
743.94845979 0.37548128
744.02283952 0.42709052
744.08937784 0.4895959
744.14704911 0.5630468
744.19610919 0.6473737
744.24100046 0.75202554
744.25750784 0.8
747.32016601 0.8
747.27667678 0.68526331
747.22761458 0.59099088
747.16801458 0.50778942
747.10641228 0.44473692
747.02489617 0.38392245
746.93196924 0.33450484
746.83157009 0.29619547
746.70311562 0.26172693
746.57525325 0.23804761
746.42230849 0.21906201
746.24539797 0.20607155
746.05166282 0.2002464
746.00204994 0.2
749.0647081 0.2
749.26077112 0.20390662
749.44282346 0.21520139
749.60206581 0.23281148
749.7360607 0.25543404
749.87101952 0.28894831
749.97644639 0.32659863
750.07377612 0.37548128
750.14815585 0.42709052
750.21469417 0.4895959
750.27236544 0.5630468
750.32142552 0.6473737
750.36631679 0.75202554
750.38282417 0.8
753.44548234 0.8
753.40199311 0.68526331
753.35293091 0.59099088
753.29333091 0.50778942
753.23172861 0.44473692
753.1502125 0.38392245
753.05728557 0.33450484
752.95688642 0.29619547
752.82843195 0.26172693
752.70056958 0.23804761
752.54762482 0.21906201
752.3707143 0.20607155
752.17697915 0.2002464
752.12736627 0.2
755.19002443 0.2
755.38608745 0.20390662
755.56813979 0.21520139
755.72738214 0.23281148
755.86137703 0.25543404
755.99633585 0.28894831
756.10176272 0.32659863
756.19909245 0.37548128
756.27347218 0.42709052
756.3400105 0.4895959
756.39768177 0.5630468
756.44674185 0.6473737
756.49163312 0.75202554
756.5081405 0.8
759.57079867 0.8
759.52730944 0.68526331
759.47824724 0.59099088
759.41864724 0.50778942
759.35704494 0.44473692
759.27552883 0.38392245
759.1826019 0.33450484
759.08220275 0.29619547
758.95374828 0.26172693
758.8258859 0.23804761
758.67294115 0.21906201
758.49603063 0.20607155
758.30229548 0.2002464
758.2526826 0.2
761.31534076 0.2
761.51140378 0.20390662
761.69345612 0.21520139
761.85269847 0.23281148
761.98669336 0.25543404
762.12165218 0.28894831
762.22707905 0.32659863
762.32440878 0.37548128
762.39878851 0.42709052
762.46532683 0.4895959
762.5229981 0.5630468
762.57205818 0.6473737
762.61694945 0.75202554
762.63345683 0.8
765.696115 0.8
765.65262577 0.68526331
765.60356357 0.59099088
765.54396357 0.50778942
765.48236127 0.44473692
765.40084516 0.38392245
765.30791823 0.33450484
765.20751908 0.29619547
765.07906461 0.26172693
764.95120223 0.23804761
764.79825748 0.21906201
764.62134696 0.20607155
764.42761181 0.2002464
764.37799893 0.2
767.44065709 0.2
767.63672011 0.20390662
767.81877245 0.21520139
767.9780148 0.23281148
768.11200969 0.25543404
768.24696851 0.28894831
768.35239538 0.32659863
768.44972511 0.37548128
768.52410483 0.42709052
768.59064316 0.4895959
768.64831443 0.5630468
768.69737451 0.6473737
768.74226578 0.75202554
768.75877316 0.8
771.82143133 0.8
771.7779421 0.68526331
771.7288799 0.59099088
771.6692799 0.50778942
771.6076776 0.44473692
771.52616149 0.38392245
771.43323456 0.33450484
771.33283541 0.29619547
771.20438094 0.26172693
771.07651856 0.23804761
770.9235738 0.21906201
770.74666329 0.20607155
770.55292814 0.2002464
770.50331526 0.2
773.56597342 0.2
773.76203644 0.20390662
773.94408878 0.21520139
774.10333113 0.23281148
774.23732602 0.25543404
774.37228484 0.28894831
774.47771171 0.32659863
774.57504144 0.37548128
774.64942116 0.42709052
774.71595949 0.4895959
774.77363076 0.5630468
774.82269084 0.6473737
774.86758211 0.75202554
774.88408949 0.8
777.94674766 0.8
777.90325843 0.68526331
777.85419623 0.59099088
777.79459623 0.50778942
777.73299393 0.44473692
777.65147782 0.38392245
777.55855089 0.33450484
777.45815174 0.29619547
777.32969727 0.26172693
777.20183489 0.23804761
777.04889013 0.21906201
776.87197962 0.20607155
776.67824447 0.2002464
776.62863158 0.2
779.69128975 0.2
779.88735277 0.20390662
780.06940511 0.21520139
780.22864746 0.23281148
780.36264235 0.25543404
780.49760117 0.28894831
780.60302804 0.32659863
780.70035777 0.37548128
780.77473749 0.42709052
780.84127582 0.4895959
780.89894709 0.5630468
780.94800716 0.6473737
780.99289844 0.75202554
781.00940582 0.8
784.07206399 0.8
784.02857476 0.68526331
783.97951256 0.59099088
783.91991256 0.50778942
783.85831026 0.44473692
783.77679415 0.38392245
783.68386722 0.33450484
783.58346807 0.29619547
783.4550136 0.26172693
783.32715122 0.23804761
783.17420646 0.21906201
782.99729595 0.20607155
782.8035608 0.2002464
782.75394791 0.2
785.81660608 0.2
786.0126691 0.20390662
786.19472144 0.21520139
786.35396379 0.23281148
786.48795868 0.25543404
786.6229175 0.28894831
786.72834437 0.32659863
786.8256741 0.37548128
786.90005382 0.42709052
786.96659215 0.4895959
787.02426342 0.5630468
787.07332349 0.6473737
787.11821477 0.75202554
787.13472215 0.8
790.19738032 0.8
790.15389109 0.68526331
790.10482889 0.59099088
790.04522889 0.50778942
789.98362659 0.44473692
789.90211048 0.38392245
789.80918355 0.33450484
789.7087844 0.29619547
789.58032993 0.26172693
789.45246755 0.23804761
789.29952279 0.21906201
789.12261228 0.20607155
788.92887713 0.2002464
788.87926424 0.2
791.94192241 0.2
792.13798543 0.20390662
792.32003777 0.21520139
792.47928012 0.23281148
792.61327501 0.25543404
792.74823383 0.28894831
792.8536607 0.32659863
792.95099043 0.37548128
793.02537015 0.42709052
793.09190848 0.4895959
793.14957975 0.5630468
793.19863982 0.6473737
793.2435311 0.75202554
793.26003848 0.8
796.32269665 0.8
796.27920742 0.68526331
796.23014522 0.59099088
796.17054522 0.50778942
796.10894292 0.44473692
796.02742681 0.38392245
795.93449988 0.33450484
795.83410073 0.29619547
795.70564626 0.26172693
795.57778388 0.23804761
795.42483912 0.21906201
795.24792861 0.20607155
795.05419346 0.2002464
795.00458057 0.2
798.06723874 0.2
798.26330176 0.20390662
798.44535409 0.21520139
798.60459645 0.23281148
798.73859134 0.25543404
798.87355016 0.28894831
798.97897703 0.32659863
799.07630676 0.37548128
799.15068648 0.42709052
799.21722481 0.4895959
799.27489608 0.5630468
799.32395615 0.6473737
799.36884743 0.75202554
799.38535481 0.8
802.44801297 0.8
802.40452375 0.68526331
802.35546155 0.59099088
802.29586155 0.50778942
802.23425925 0.44473692
802.15274314 0.38392245
802.05981621 0.33450484
801.95941706 0.29619547
801.83096259 0.26172693
801.70310021 0.23804761
801.55015545 0.21906201
801.37324494 0.20607155
801.17950979 0.2002464
801.1298969 0.2
804.19255507 0.2
804.38861809 0.20390662
804.57067042 0.21520139
804.72991278 0.23281148
804.86390767 0.25543404
804.99886649 0.28894831
805.10429336 0.32659863
805.20162309 0.37548128
805.27600281 0.42709052
805.34254114 0.4895959
805.40021241 0.5630468
805.44927248 0.6473737
805.49416376 0.75202554
805.51067114 0.8
808.5733293 0.8
808.52984008 0.68526331
808.48077788 0.59099088
808.42117788 0.50778942
808.35957558 0.44473692
808.27805947 0.38392245
808.18513254 0.33450484
808.08473338 0.29619547
807.95627892 0.26172693
807.82841654 0.23804761
807.67547178 0.21906201
807.49856127 0.20607155
807.30482612 0.2002464
807.25521323 0.2
810.3178714 0.2
810.51393442 0.20390662
810.69598675 0.21520139
810.85522911 0.23281148
810.989224 0.25543404
811.12418282 0.28894831
811.22960969 0.32659863
811.32693942 0.37548128
811.40131914 0.42709052
811.46785747 0.4895959
811.52552874 0.5630468
811.57458881 0.6473737
811.61948009 0.75202554
811.63598747 0.8
814.69864563 0.8
814.65515641 0.68526331
814.60609421 0.59099088
814.54649421 0.50778942
814.48489191 0.44473692
814.4033758 0.38392245
814.31044887 0.33450484
814.21004971 0.29619547
814.08159525 0.26172693
813.95373287 0.23804761
813.80078811 0.21906201
813.6238776 0.20607155
813.43014245 0.2002464
813.38052956 0.2
816.44318773 0.2
816.63925075 0.20390662
816.82130308 0.21520139
816.98054544 0.23281148
817.11454033 0.25543404
817.24949915 0.28894831
817.35492602 0.32659863
817.45225575 0.37548128
817.52663547 0.42709052
817.5931738 0.4895959
817.65084507 0.5630468
817.69990514 0.6473737
817.74479642 0.75202554
817.7613038 0.8
820.82396196 0.8
820.78047273 0.68526331
820.73141054 0.59099088
820.67181054 0.50778942
820.61020824 0.44473692
820.52869213 0.38392245
820.4357652 0.33450484
820.33536604 0.29619547
820.20691158 0.26172693
820.0790492 0.23804761
819.92610444 0.21906201
819.74919393 0.20607155
819.55545878 0.2002464
819.50584589 0.2
822.56850406 0.2
822.76456708 0.20390662
822.94661941 0.21520139
823.10586177 0.23281148
823.23985666 0.25543404
823.37481548 0.28894831
823.48024235 0.32659863
823.57757208 0.37548128
823.6519518 0.42709052
823.71849013 0.4895959
823.7761614 0.5630468
823.82522147 0.6473737
823.87011275 0.75202554
823.88662013 0.8
826.94927829 0.8
826.90578906 0.68526331
826.85672687 0.59099088
826.79712687 0.50778942
826.73552457 0.44473692
826.65400846 0.38392245
826.56108153 0.33450484
826.46068237 0.29619547
826.33222791 0.26172693
826.20436553 0.23804761
826.05142077 0.21906201
825.87451026 0.20607155
825.68077511 0.2002464
825.63116222 0.2
828.69382039 0.2
828.88988341 0.20390662
829.07193574 0.21520139
829.2311781 0.23281148
829.36517299 0.25543404
829.50013181 0.28894831
829.60555868 0.32659863
829.70288841 0.37548128
829.77726813 0.42709052
829.84380646 0.4895959
829.90147773 0.5630468
829.9505378 0.6473737
829.99542908 0.75202554
830.01193646 0.8
833.07459462 0.8
833.03110539 0.68526331
832.98204319 0.59099088
832.9224432 0.50778942
832.8608409 0.44473692
832.77932479 0.38392245
832.68639786 0.33450484
832.5859987 0.29619547
832.45754424 0.26172693
832.32968186 0.23804761
832.1767371 0.21906201
831.99982659 0.20607155
831.80609144 0.2002464
831.75647855 0.2
834.81913672 0.2
835.01519974 0.20390662
835.19725207 0.21520139
835.35649443 0.23281148
835.49048932 0.25543404
835.62544813 0.28894831
835.73087501 0.32659863
835.82820474 0.37548128
835.90258446 0.42709052
835.96912279 0.4895959
836.02679406 0.5630468
836.07585413 0.6473737
836.12074541 0.75202554
836.13725279 0.8
839.19991095 0.8
839.15642172 0.68526331
839.10735952 0.59099088
839.04775953 0.50778942
838.98615723 0.44473692
838.90464112 0.38392245
838.81171419 0.33450484
838.71131503 0.29619547
838.58286057 0.26172693
838.45499819 0.23804761
838.30205343 0.21906201
838.12514292 0.20607155
837.93140777 0.2002464
837.88179488 0.2
840.94445305 0.2
841.14051607 0.20390662
841.3225684 0.21520139
841.48181076 0.23281148
841.61580565 0.25543404
841.75076446 0.28894831
841.85619134 0.32659863
841.95352107 0.37548128
842.02790079 0.42709052
842.09443912 0.4895959
842.15211039 0.5630468
842.20117046 0.6473737
842.24606174 0.75202554
842.26256912 0.8
845.32522728 0.8
845.28173805 0.68526331
845.23267585 0.59099088
845.17307586 0.50778942
845.11147355 0.44473692
845.02995745 0.38392245
844.93703052 0.33450484
844.83663136 0.29619547
844.7081769 0.26172693
844.58031452 0.23804761
844.42736976 0.21906201
844.25045925 0.20607155
844.0567241 0.2002464
844.00711121 0.2
847.06976938 0.2
847.2658324 0.20390662
847.44788473 0.21520139
847.60712709 0.23281148
847.74112198 0.25543404
847.87608079 0.28894831
847.98150767 0.32659863
848.0788374 0.37548128
848.15321712 0.42709052
848.21975545 0.4895959
848.27742671 0.5630468
848.32648679 0.6473737
848.37137807 0.75202554
848.38788545 0.8
851.45054361 0.8
851.40705438 0.68526331
851.35799218 0.59099088
851.29839219 0.50778942
851.23678988 0.44473692
851.15527378 0.38392245
851.06234685 0.33450484
850.96194769 0.29619547
850.83349323 0.26172693
850.70563085 0.23804761
850.55268609 0.21906201
850.37577558 0.20607155
850.18204043 0.2002464
850.13242754 0.2
853.1950857 0.2
853.1950857 0
853.1950857 0
