0 0
0 0
6.28318531 1
-614.89427487 0.00137916
-612.61236543 0
-615.7521601 0.01
-615.7521601 0.4
-615.72425581 0.41225525
-615.7233297 0.42019472
-615.74079253 0.42341501
-615.7521601 0.42
-615.7693727 0.42345449
-615.7831766 0.41789517
-615.7800644 0.41225525
-615.7521601 0.4
-615.7521601 0.3994
-615.72259151 0.41240071
-615.72131315 0.42058425
-615.73886909 0.42430566
-615.7521601 0.4206
-615.76973701 0.42430347
-615.78469084 0.41890869
-615.7817287 0.41240071
-615.7521601 0.3994
-615.7521601 0.398764
-615.72082864 0.41255615
-615.71922731 0.42101608
-615.73684795 0.42521269
-615.7521601 0.421236
-615.77008064 0.42519527
-615.78617297 0.4200041
-615.78349156 0.41255615
-615.7521601 0.398764
-615.7521601 0.39808984
-615.71896146 0.41272231
-615.71695984 0.42140691
-615.73456621 0.42614007
-615.7521601 0.42191016
-615.77046836 0.42612986
-615.78766683 0.42113103
-615.78535875 0.41272231
-615.7521601 0.39808984
-615.7521601 0.39737523
-615.71698389 0.41290001
-615.71462809 0.42185734
-615.73225849 0.42708745
-615.75153096 0.42305674
-615.7521601 0.42262477
-615.77087526 0.42711171
-615.78916361 0.42231298
-615.78804629 0.41331395
-615.78733631 0.41290001
-615.7521601 0.39737523
-615.7521601 0.39661774
-615.71488954 0.41309014
-615.71212015 0.42227337
-615.72963915 0.42804935
-615.75020609 0.42459087
-615.7521601 0.42338226
-615.77126536 0.42814394
-615.79062999 0.42357958
-615.79121342 0.41424209
-615.78943067 0.41309014
-615.7521601 0.39661774
-615.7521601 0.39581481
-615.71267164 0.41329364
-615.7095199 0.42274182
-615.72692011 0.4290334
-615.74864188 0.42616477
-615.7521601 0.42418519
-615.7716361 0.42922851
-615.79205563 0.42493341
-615.79449936 0.41535793
-615.79164857 0.41329364
-615.7521601 0.39581481
-615.7521601 0.3949637
-615.71032306 0.41351158
-615.70677625 0.42322048
-615.72410838 0.4300473
-615.74685134 0.42777584
-615.7521601 0.4250363
-615.77211208 0.43037136
-615.79358985 0.42629075
-615.79769465 0.41647486
-615.79399715 0.41351158
-615.7521601 0.3949637
-615.7521601 0.39406152
-615.70783628 0.41374508
-615.70392483 0.42376462
-615.72108175 0.43108208
-615.74484906 0.42942311
-615.7521601 0.42593848
-615.77244271 0.43156859
-615.79492317 0.42782544
-615.80101171 0.41784429
-615.79648392 0.41374508
-615.7521601 0.39406152
-615.7521601 0.39310521
-615.70520338 0.41399538
-615.70086273 0.42425052
-615.7177563 0.43212316
-615.74242571 0.43116681
-615.7521601 0.42689479
-615.77284685 0.43283015
-615.79632893 0.42939196
-615.80430193 0.41930836
-615.79911683 0.41399538
-615.7521601 0.39310521
-615.7521601 0.39209152
-615.70241599 0.41426383
-615.69768886 0.42482522
-615.71441034 0.43321728
-615.73989448 0.43291518
-615.7521601 0.42790848
-615.77327425 0.43415875
-615.79774904 0.43102924
-615.80757966 0.42087735
-615.80190421 0.41426383
-615.7521601 0.39209152
-615.7521601 0.39101701
-615.69946533 0.41455189
-615.69434187 0.42541786
-615.71083177 0.4343345
-615.73703068 0.43472805
-615.7521601 0.42898299
-615.77368316 0.43555543
-615.79912115 0.43276569
-615.8108486 0.42260828
-615.80485487 0.41455189
-615.7521601 0.39101701
-615.7521601 0.38987804
-615.69634213 0.41486118
-615.69081383 0.42602886
-615.70701109 0.43547306
-615.73381536 0.43660066
-615.7521601 0.43012196
-615.77407089 0.43702306
-615.80043556 0.43460422
-615.81410143 0.42443488
-615.80797807 0.41486118
-615.7521601 0.38987804
-615.7521601 0.38867072
-615.69303666 0.41519343
-615.68708808 0.42663999
-615.70301462 0.43665169
-615.73044474 0.43850361
-615.7521601 0.43132928
-615.77456337 0.43857807
-615.80190546 0.43648446
-615.81733161 0.42641084
-615.81128355 0.41519343
-615.7521601 0.38867072
-615.7521601 0.38739096
-615.68953867 0.41555056
-615.68320676 0.42736965
-615.69884065 0.43787721
-615.72667597 0.44046935
-615.75064122 0.43365404
-615.7521601 0.43260904
-615.77490789 0.44019911
-615.80309657 0.4385363
-615.82050453 0.42857668
-615.81630179 0.41651407
-615.81478154 0.41555056
-615.7521601 0.38739096
-615.7521601 0.38603442
-615.6858374 0.41593466
-615.67908373 0.42804316
-615.69424498 0.43907749
-615.72252792 0.44248772
-615.74838599 0.4363276
-615.7521601 0.43396558
-615.77541237 0.4419248
-615.80455183 0.44061827
-615.82372669 0.43075666
-615.82167907 0.41818539
-615.8184828 0.41593466
-615.7521601 0.38603442
-615.7521601 0.38459648
-615.68192158 0.41634801
-615.67476708 0.42880851
-615.68961967 0.44038218
-615.71825686 0.44454712
-615.74578277 0.43906937
-615.7521601 0.43540352
-615.77585573 0.44373476
-615.80587615 0.44283729
-615.82685748 0.43317064
-615.82715632 0.42009121
-615.82239863 0.41634801
-615.7521601 0.38459648
-615.7521601 0.38307227
-615.67777935 0.41679313
-615.6702273 0.42962642
-615.68479268 0.44174871
-615.71376035 0.44666371
-615.74283983 0.44188616
-615.7521601 0.43692773
-615.77632731 0.4456454
-615.80703027 0.44519726
-615.82987936 0.43579356
-615.83276944 0.42235073
-615.82654086 0.41679313
-615.7521601 0.38307227
-615.7521601 0.38145661
-615.71414939 0.39970117
-615.67339831 0.41727274
-615.6654467 0.43047869
-615.67967877 0.44315222
-615.70888358 0.44884159
-615.73940392 0.44483673
-615.7521601 0.43854339
-615.77677898 0.44765537
-615.80831353 0.44764523
-615.83290354 0.43851743
-615.83832826 0.42479424
-615.83092189 0.41727274
-615.75796844 0.38566187
-615.7521601 0.38145661
-615.7521601 0.379744
-615.71180703 0.3991021
-615.6687655 0.41778985
-615.66040985 0.43134468
-615.67419469 0.44455967
-615.703458 0.45106918
-615.73526745 0.44796386
-615.7521601 0.440256
-615.77715907 0.44976082
-615.80966119 0.45020536
-615.83587632 0.44140074
-615.84383617 0.42739602
-615.83555471 0.41778985
-615.75834033 0.38420202
-615.7521601 0.379744
-615.7521601 0.37792865
-615.70931646 0.39846949
-615.66386733 0.41834775
-615.65511506 0.43227045
-615.66847405 0.44603438
-615.69777128 0.45335544
-615.73074173 0.45115762
-615.7521601 0.44207135
-615.77756153 0.45198265
-615.8108092 0.45292079
-615.83868624 0.44451238
-615.84932374 0.43029229
-615.84045288 0.41834775
-615.75873764 0.38265464
-615.7521601 0.37792865
-615.7521601 0.37600436
-615.71316615 0.39522854
-615.65868964 0.41895005
-615.64955855 0.43333575
-615.66271954 0.44769633
-615.69229252 0.4557596
-615.72643507 0.4543082
-615.7521601 0.44399564
-615.77813415 0.45435705
-615.81229119 0.45573196
-615.84177928 0.44760256
-615.85477766 0.43321272
-615.84563057 0.41895005
-615.75817241 0.38043767
-615.7521601 0.37600436
-615.7521601 0.37396463
-615.71073435 0.39436212
-615.65321768 0.41960072
-615.6436994 0.43435085
-615.6563519 0.44925822
-615.68576973 0.45816387
-615.72079468 0.45773505
-615.7491596 0.4481223
-615.7521601 0.44603537
-615.77848627 0.4568159
-615.81328507 0.45873634
-615.84433101 0.45112194
-615.86009218 0.43682102
-615.85394533 0.42162425
-615.85110252 0.41960072
-615.758563 0.37866441
-615.7521601 0.37396463
-615.7521601 0.3718025
-615.71390434 0.39113135
-615.64743609 0.42030411
-615.63754893 0.43552441
-615.64993985 0.45103727
-615.67948569 0.46072046
-615.71546372 0.46113932
-615.74600238 0.45215528
-615.7521601 0.4481975
-615.77902331 0.45944745
-615.81465292 0.4618562
-615.84723412 0.45462565
-615.86541213 0.44031961
-615.86207011 0.42445603
-615.85688412 0.42030411
-615.75812312 0.37626986
-615.7521601 0.3718025
-615.7521601 0.36951065
-615.71149198 0.39001836
-615.64132891 0.42106498
-615.63107456 0.43664043
-615.64287692 0.45268941
-615.6723634 0.46328607
-615.70892131 0.4647424
-615.74175599 0.45662756
-615.7521601 0.45048935
-615.77959684 0.46223162
-615.81577032 0.46515269
-615.84993448 0.45838675
-615.87062335 0.44414932
-615.87017382 0.42754548
-615.8629913 0.42106498
-615.75851508 0.37424652
-615.7521601 0.36951065
-615.7521601 0.36708129
-615.71411544 0.38671751
-615.6348796 0.42188858
-615.62427674 0.43793664
-615.63575676 0.45459303
-615.66522598 0.46600099
-615.70249616 0.46839022
-615.73725755 0.46109979
-615.7521601 0.45291871
-615.78009929 0.46515208
-615.81700889 0.46860875
-615.85261775 0.46233069
-615.87572858 0.44825303
-615.878409 0.43116449
-615.86944061 0.42188858
-615.75816902 0.37163115
-615.7521601 0.36708129
-615.7521601 0.36450617
-615.71617896 0.38347453
-615.63482894 0.41868144
-615.62807108 0.42278069
-615.61713306 0.43933175
-615.62833147 0.45661803
-615.65781229 0.46883967
-615.69575773 0.47215293
-615.73202675 0.46579667
-615.7521601 0.45549383
-615.78063469 0.46824136
-615.81830041 0.47224139
-615.85503381 0.4665481
-615.88063094 0.45271738
-615.88654398 0.43506995
-615.87624913 0.42278069
-615.80070348 0.38863589
-615.75791133 0.36891582
-615.7521601 0.36450617
-615.7521601 0.36177654
-615.71386174 0.38189995
-615.62796228 0.41938135
-615.62088569 0.42374762
-615.6096282 0.44077718
-615.62026254 0.45852611
-615.64945921 0.47164997
-615.68784832 0.47605837
-615.72609467 0.47068783
-615.7521601 0.45822346
-615.78109168 0.47148062
-615.81939541 0.47606508
-615.85742552 0.4709599
-615.88555129 0.45731397
-615.8946037 0.43938593
-615.88343451 0.42374762
-615.81751227 0.39295139
-615.75829741 0.3664512
-615.7521601 0.36177654
-615.7521601 0.35888313
-615.70276158 0.38380631
-615.62005816 0.42052068
-615.61330532 0.42479634
-615.6017479 0.44230503
-615.61218402 0.46081493
-615.64128756 0.47471502
-615.68046294 0.48007899
-615.72008898 0.47560577
-615.7505108 0.46237772
-615.7521601 0.46111687
-615.78152123 0.47489094
-615.82078907 0.48008561
-615.86033545 0.47544152
-615.89051138 0.46208284
-615.90255594 0.44377801
-615.89273639 0.42607436
-615.89101488 0.42479634
-615.82831113 0.39472926
-615.7580976 0.36344709
-615.7521601 0.35888313
-615.7521601 0.35581612
-615.70452412 0.38022512
-615.61179546 0.42171974
-615.60531138 0.4259345
-615.59347544 0.44395087
-615.60336453 0.462921
-615.63213028 0.47773109
-615.67159278 0.48422146
-615.71259256 0.48091586
-615.74587888 0.46855966
-615.7521601 0.46418388
-615.78197691 0.4784972
-615.82185533 0.48431381
-615.86261014 0.48031383
-615.89500444 0.46740044
-615.91034709 0.44901706
-615.90413621 0.4302888
-615.89900883 0.4259345
-615.83907128 0.39639231
-615.75795475 0.36029985
-615.7521601 0.35581612
-615.7521601 0.35256509
-615.70589923 0.37660175
-615.61099932 0.41845122
-615.59688488 0.42717051
-615.58479802 0.44566311
-615.59445428 0.46541052
-615.62300193 0.48100532
-615.66265171 0.48850679
-615.70474405 0.48632314
-615.74080241 0.47475868
-615.7521601 0.46743491
-615.78234281 0.48227659
-615.82269269 0.48875062
-615.86451583 0.48548885
-615.89932987 0.47301489
-615.91796086 0.45449989
-615.915363 0.43490312
-615.90743533 0.42717051
-615.84988725 0.39798048
-615.75785839 0.35699366
-615.7521601 0.35256509
-615.7521601 0.34911899
-615.70694557 0.37290315
-615.60163086 0.41984138
-615.58800654 0.42851359
-615.57569911 0.44747776
-615.58490828 0.46782295
-615.61338408 0.48439853
-615.65354352 0.49296726
-615.69654295 0.49186257
-615.73480482 0.48128066
-615.7521601 0.47088101
-615.78304961 0.4863724
-615.82430231 0.49345184
-615.86745967 0.49070115
-615.90400264 0.47866503
-615.92556814 0.46003536
-615.92630885 0.4396855
-615.91631367 0.42851359
-615.86084382 0.39952706
-615.75780111 0.35351349
-615.7521601 0.34911899
-615.7521601 0.34546613
-615.70394614 0.37070414
-615.60216954 0.41561006
-615.57865684 0.42997389
-615.56616311 0.44940272
-615.57491154 0.47033593
-615.60289494 0.48776937
-615.64294466 0.49748509
-615.68714153 0.49765946
-615.72747435 0.48826059
-615.7521601 0.47453387
-615.78335261 0.49056761
-615.82495265 0.49834871
-615.8689987 0.49643083
-615.90748173 0.48516498
-615.93253519 0.4666866
-615.93738598 0.44548554
-615.92566337 0.42997389
-615.8675306 0.39905275
-615.75819745 0.35012472
-615.7521601 0.34546613
-615.7521601 0.3415941
-615.70472678 0.36667271
-615.59152 0.41722347
-615.56881617 0.43156257
-615.55614868 0.45169122
-615.56486071 0.47340508
-615.59300536 0.49171895
-615.63355923 0.50237576
-615.67884169 0.50348035
-615.72111497 0.49484222
-615.7521601 0.4784059
-615.7840202 0.49512
-615.82643807 0.50356062
-615.87170048 0.50224473
-615.91206974 0.49139929
-615.93986917 0.4729553
-615.94811732 0.45120205
-615.93550404 0.43156257
-615.87935658 0.40071151
-615.75817677 0.34623574
-615.7521601 0.3415941
-615.7521601 0.33748975
-615.70524024 0.36250464
-615.5902703 0.41357826
-615.55846491 0.43329184
-615.54568714 0.45387763
-615.55392389 0.47616769
-615.58146305 0.49533721
-615.6221684 0.50725057
-615.66789143 0.50968645
-615.71180352 0.50243242
-615.74699012 0.48644418
-615.7521601 0.48251025
-615.78467195 0.49992403
-615.82787117 0.50905338
-615.87380351 0.50844506
-615.91609203 0.49818459
-615.94678287 0.47993642
-615.95873567 0.45776412
-615.9494791 0.43655936
-615.9458553 0.43329184
-615.89147527 0.40238749
-615.76622144 0.34696531
-615.7521601 0.33748975
-615.7521601 0.33313913
-615.70551335 0.35817526
-615.57844135 0.4153527
-615.54758365 0.43517514
-615.53471013 0.45647734
-615.54291676 0.47956215
-615.5705484 0.49963522
-615.61162764 0.51254937
-615.65821438 0.5160071
-615.70377508 0.50968058
-615.7417157 0.49431044
-615.7521601 0.48686087
-615.78486424 0.50483309
-615.8282033 0.51472567
-615.87521446 0.51502466
-615.91897399 0.50568548
-615.95252124 0.48813318
-615.96888199 0.46578608
-615.9643395 0.44328249
-615.95673656 0.43517514
-615.90394877 0.40410571
-615.75823047 0.33779536
-615.7521601 0.33313913
-615.7521601 0.32852748
-615.69654097 0.35757328
-615.57385313 0.41298122
-615.5361533 0.43722719
-615.5232286 0.45925954
-615.53141709 0.48315149
-615.55911919 0.50414381
-615.59999537 0.51797601
-615.64731835 0.52261059
-615.69444408 0.51739585
-615.73472403 0.50306612
-615.7521601 0.49147252
-615.78545918 0.51016992
-615.82946957 0.52080187
-615.8774876 0.52183708
-615.92288614 0.51313072
-615.95898225 0.49592423
-615.97896107 0.47312462
-615.97811509 0.44949426
-615.96816691 0.43722719
-615.92009316 0.40754365
-615.75796325 0.33298478
-615.7521601 0.32852748
-615.7521601 0.32363913
-615.69622035 0.35294716
-615.57110385 0.40936058
-615.52415535 0.43946413
-615.51126228 0.46193236
-615.51897362 0.48637343
-615.54591872 0.50820577
-615.58667667 0.52336452
-615.63453509 0.52944933
-615.68313355 0.52565616
-615.72613461 0.51248347
-615.7521601 0.49636087
-615.78602957 0.51580061
-615.83066272 0.52719987
-615.87961788 0.52901565
-615.92656926 0.52100998
-615.96513042 0.50424793
-615.98862761 0.48139879
-615.99204689 0.45703952
-615.98016486 0.43946413
-615.93321636 0.40936058
-615.75807267 0.32814571
-615.7521601 0.32363913
-615.7521601 0.31845748
-615.69568301 0.3480978
-615.56813245 0.40557563
-615.51673371 0.43742315
-615.51157208 0.44190363
-615.49873061 0.46510789
-615.50644329 0.49035954
-615.53339512 0.51312179
-615.57431927 0.52933881
-615.62272757 0.5365755
-615.67254431 0.533935
-615.71774779 0.521741
-615.7521601 0.50154252
-615.78657242 0.521741
-615.8317759 0.533935
-615.88159264 0.5365755
-615.93000094 0.52933881
-615.97092509 0.51312179
-615.99787692 0.49035954
-616.0055896 0.46510789
-615.99274813 0.44190363
-615.94686837 0.4112986
-615.82127974 0.35352323
-615.75820685 0.32302362
-615.7521601 0.31845748
-615.7521601 0.31296493
-615.69493078 0.3430043
-615.56487865 0.40161822
-615.50344201 0.43999039
-615.49838682 0.44456502
-615.4856541 0.46851383
-615.49338667 0.49458349
-615.5203257 0.51828584
-615.56135818 0.53557954
-615.61021782 0.54400306
-615.66111063 0.54257842
-615.70833348 0.53146834
-615.74602697 0.51197967
-615.7521601 0.50703507
-615.78708466 0.52800777
-615.83280215 0.54102326
-615.8833994 0.54453219
-615.9331594 0.53813278
-615.97632709 0.52256268
-616.00691236 0.49971307
-616.01878967 0.47367496
-616.01002663 0.4490219
-616.00593338 0.44456502
-615.96108659 0.41337985
-615.84880374 0.35984743
-615.75836652 0.31760048
-615.7521601 0.31296493
-615.7521601 0.30714282
-615.69686453 0.33637721
-615.5571981 0.39960613
-615.49499014 0.43820824
-615.48458426 0.44746943
-615.47202535 0.47213031
-615.47974288 0.49898594
-615.50655054 0.52361761
-615.54751528 0.54201619
-615.59661648 0.55170639
-615.64836119 0.55163844
-615.6973887 0.54181954
-615.73820261 0.52331405
-615.7521601 0.51285718
-615.78749922 0.53459065
-615.83358253 0.54845278
-615.88478683 0.55290408
-615.93572306 0.54747065
-615.98098832 0.53273222
-616.01492808 0.51033664
-616.03148049 0.48374994
-616.02761742 0.45777024
-616.01973595 0.44746943
-615.96847098 0.41128441
-615.85876866 0.35838573
-615.75827585 0.31167314
-615.7521601 0.30714282
-615.7521601 0.30097139
-615.69560874 0.33075838
-615.55279153 0.39549142
-615.48674202 0.43600664
-615.47015072 0.45063994
-615.45782658 0.47605502
-615.46560766 0.5037366
-615.4923665 0.52932111
-615.53392195 0.54902417
-615.58334533 0.55983866
-615.63587265 0.56097063
-615.68645529 0.55230854
-615.73042968 0.53444023
-615.7521601 0.51902861
-615.78794026 0.54156254
-615.83441302 0.55629529
-615.88621781 0.56169825
-615.93826455 0.55723574
-615.98547687 0.54334929
-616.02252785 0.52147068
-616.04344702 0.49481122
-616.04457722 0.46725251
-616.03416948 0.45063994
-615.98396863 0.41356102
-615.88795035 0.36502254
-615.76631581 0.31035447
-615.7521601 0.30097139
-615.7521601 0.29442967
-615.6844989 0.32901673
-615.54342062 0.39356018
-615.47733242 0.43435416
-615.45507458 0.45410168
-615.44302546 0.48063801
-615.45111686 0.50908741
-615.47839738 0.53586167
-615.52008342 0.55650471
-615.56970511 0.56838664
-615.62280675 0.5707097
-615.67466821 0.56326205
-615.72104114 0.54645482
-615.7521601 0.52557033
-615.7888414 0.54914936
-615.83632522 0.56480414
-615.88862456 0.57096899
-615.94153667 0.56733961
-615.99093027 0.55401363
-616.03091913 0.53227021
-616.05549915 0.50519004
-616.06078484 0.47657778
-616.04924562 0.45410168
-616.00245803 0.41750475
-615.91168151 0.36922762
-615.76620834 0.3036732
-615.7521601 0.29442967
-615.7521601 0.28749545
-615.68532998 0.32164606
-615.54469512 0.38556281
-615.46716835 0.43285234
-615.43934658 0.45788205
-615.42767423 0.48519522
-615.43588414 0.51446889
-615.46309878 0.54222235
-615.50468802 0.5640076
-615.55509165 0.57729181
-615.60870948 0.58089709
-615.66175265 0.57475852
-615.71036208 0.55912877
-615.74883276 0.53545507
-615.7521601 0.53250455
-615.78921766 0.55692316
-615.83697818 0.57350776
-615.88969062 0.58069742
-615.94345946 0.57815999
-615.99451816 0.56588248
-616.03730758 0.54493089
-616.06629002 0.51773012
-616.0767217 0.48820869
-616.06721844 0.4607139
-616.06497362 0.45788205
-616.02122891 0.42156668
-615.93538201 0.37337311
-615.75853011 0.29201077
-615.7521601 0.28749545
-615.7521601 0.28014518
-615.67333183 0.3193263
-615.53338315 0.38366704
-615.45618858 0.4314951
-615.42296025 0.4620108
-615.41174126 0.4900535
-615.42030478 0.52053896
-615.44756786 0.54917812
-615.48904175 0.57201187
-615.53940284 0.58653438
-615.59407153 0.59153173
-615.64875492 0.58660271
-615.69916114 0.57214299
-615.74071343 0.54936072
-615.7521601 0.53985482
-615.78948146 0.56508915
-615.83735405 0.58261801
-615.89104757 0.59094185
-615.94620151 0.58938627
-615.99855718 0.57807558
-616.04366384 0.55793776
-616.07663766 0.53074016
-616.09189666 0.50050722
-616.08732955 0.47114625
-616.08135996 0.4620108
-616.04037737 0.42580615
-615.95917108 0.37753201
-615.75861869 0.28463816
-615.7521601 0.28014518
-615.7521601 0.27235389
-615.67029972 0.31262875
-615.52623929 0.37903867
-615.4459109 0.42909099
-615.40591228 0.46652023
-615.39520535 0.49576361
-615.40418526 0.5270205
-615.4314891 0.55653815
-615.47346536 0.58070422
-615.52454906 0.59650415
-615.57945581 0.60266306
-615.63486586 0.59900958
-615.68752603 0.58555914
-615.73225985 0.56334735
-615.7521601 0.54764611
-615.79031797 0.57402235
-615.83907895 0.59258987
-615.89301228 0.60177621
-615.94868596 0.60121514
-616.00216864 0.59094786
-616.04997948 0.57141247
-616.08621653 0.54471487
-616.10626027 0.51395113
-616.10706995 0.48331072
-616.09840793 0.46652023
-616.05840931 0.42909099
-615.97808092 0.37903867
-615.83402048 0.31262875
-615.7521601 0.27235389
-615.7521601 0.26409513
-615.67262542 0.30309539
-615.53131051 0.36736137
-615.44784277 0.41721469
-615.39564617 0.46199638
-615.388203 0.47144531
-615.37810549 0.50142198
-615.38724414 0.53345971
-615.41486494 0.56433038
-615.45664611 0.58956207
-615.50753014 0.60663629
-615.56329875 0.61429447
-615.61927474 0.61210326
-615.67336409 0.60015087
-615.72075225 0.57925044
-615.7521601 0.55590487
-615.79049756 0.5831256
-615.83923769 0.60268654
-615.89401799 0.61311503
-615.95007811 0.61373496
-616.00533298 0.60452142
-616.05506113 0.58604314
-616.09496563 0.55967782
-616.11969845 0.52857326
-616.12587719 0.49634377
-616.1161172 0.47144531
-616.08007844 0.43503528
-616.00744992 0.38615571
-615.89660501 0.33100615
-615.75893217 0.26859245
-615.7521601 0.26409513
-615.7521601 0.25534083
-615.65879368 0.2998314
-615.51688518 0.36526922
-615.43414589 0.41599634
-615.38111518 0.46219896
-615.36983674 0.47682386
-615.36042599 0.50805352
-615.37034089 0.54134472
-615.39823215 0.57302678
-615.44063844 0.59954481
-615.492245 0.61783759
-615.5480792 0.62656742
-615.60527105 0.62550329
-615.66035263 0.61471294
-615.71036658 0.5945405
-615.75023176 0.56650974
-615.7521601 0.56465917
-615.79128335 0.59309142
-615.84082307 0.61377302
-615.89566679 0.62512822
-615.95283032 0.62678114
-616.00884353 0.61862652
-616.06085796 0.60086449
-616.10392965 0.57478169
-616.13274996 0.54338666
-616.14383679 0.51020137
-616.13575939 0.47888356
-616.13448347 0.47682386
-616.09382363 0.43425214
-616.02152657 0.38436476
-615.91138107 0.32830364
-615.75916085 0.25986138
-615.7521601 0.25534083
-615.7521601 0.24606128
-615.51335506 0.35671377
-615.42819906 0.4085092
-615.37088966 0.45707399
-615.35082221 0.48269666
-615.34217953 0.51465012
-615.35231972 0.54871508
-615.38054724 0.58180321
-615.42268066 0.6093954
-615.47393608 0.62898822
-615.53045096 0.63931455
-615.58788531 0.63981075
-615.64473343 0.63046222
-615.69668434 0.61175557
-615.73992706 0.58489182
-615.7521601 0.57393872
-615.79136717 0.60323883
-615.84074273 0.62495802
-615.8962879 0.63766378
-615.95358215 0.64060131
-616.01110409 0.63368395
-616.06460502 0.61720987
-616.11039087 0.59221969
-616.14381584 0.56094564
-616.16071341 0.52653982
-616.15853086 0.49319243
-616.153498 0.48269666
-616.11546841 0.43967682
-616.04716131 0.38910708
-615.94035344 0.33155217
-615.75944304 0.25061742
-615.7521601 0.24606128
-615.7521601 0.23622496
-615.62780829 0.2925692
-615.49663567 0.35442221
-615.41232498 0.4073741
-615.35499167 0.45741139
-615.33117292 0.48910761
-615.32339591 0.52235764
-615.334408 0.55771781
-615.36290173 0.5916077
-615.40562216 0.6205398
-615.45750628 0.64141423
-615.51388388 0.65284801
-615.5723088 0.65458586
-615.62975989 0.64653242
-615.68392157 0.62879291
-615.73029331 0.60247771
-615.7521601 0.58377504
-615.79209139 0.61435571
-615.84216697 0.63727775
-615.89758838 0.65096872
-615.95579902 0.65506749
-616.0137604 0.64934865
-616.06922447 0.63381823
-616.11779244 0.60940441
-616.15497653 0.57819209
-616.17666801 0.54320127
-616.18004347 0.50857736
-616.17314729 0.48910761
-616.13768118 0.44552809
-616.07329718 0.3941641
-615.97028601 0.33502472
-615.7521601 0.23622496
-615.7521601 0.22579846
-615.50865468 0.33591839
-615.41025806 0.39532067
-615.34283816 0.45293136
-615.31090748 0.49610386
-615.30409292 0.53068491
-615.31603342 0.56737249
-615.34536174 0.60256587
-615.38807508 0.6323484
-615.44055421 0.65454348
-615.4976162 0.66721072
-615.55695435 0.6700919
-615.61568955 0.66303814
-615.67089277 0.64641644
-615.72004241 0.62066242
-615.7521601 0.59420154
-615.79206813 0.62566637
-615.84267599 0.64997574
-615.89871651 0.66497626
-615.95776358 0.67030715
-616.01691399 0.66569204
-616.07327306 0.65136991
-616.12445155 0.62767113
-616.16520761 0.59668659
-616.19152977 0.56130428
-616.20039732 0.52498115
-616.19341273 0.49610386
-616.16148204 0.45293136
-616.09406215 0.39532067
-615.99566553 0.33591839
-615.7521601 0.22579846
-615.7521601 0.21474636
-615.50685945 0.32386652
-615.40688454 0.38327815
-615.3357118 0.44236715
-615.29493886 0.49400997
-615.29004984 0.50373592
-615.28428861 0.53962728
-615.29679099 0.57698664
-615.32663817 0.61355592
-615.3697836 0.64471087
-615.42180643 0.66798358
-615.47931578 0.68213589
-615.53839381 0.6864706
-615.59733261 0.6810873
-615.65440327 0.6659204
-615.70565149 0.64173893
-615.74762493 0.60984079
-615.7521601 0.60525364
-615.79265165 0.63802277
-615.84290975 0.66328482
-615.89940423 0.67966856
-615.95813369 0.68631741
-616.01733975 0.68325542
-616.07533583 0.67034218
-616.12824535 0.64818844
-616.17274832 0.61796098
-616.20448476 0.58203847
-616.21944187 0.54429859
-616.21611332 0.50832434
-616.21427037 0.50373592
-616.18030294 0.45474718
-616.11585766 0.39667633
-616.02188785 0.33676803
-615.89183817 0.27546955
-615.7521601 0.21474636
-615.7521601 0.20303115
-615.50337589 0.31164249
-615.40201269 0.37118459
-615.32795669 0.43154777
-615.28209188 0.48640127
-615.26862949 0.51205775
-615.26393101 0.54858252
-615.27708859 0.58727724
-615.3068504 0.62466458
-615.35023988 0.65734037
-615.4025242 0.68214248
-615.46041268 0.69782412
-615.52007803 0.7036331
-615.57996928 0.69964662
-615.63857001 0.68573453
-615.69211326 0.66252968
-615.73741165 0.63118155
-615.7521601 0.61696885
-615.79320483 0.65108625
-615.8439158 0.67766149
-615.90087476 0.69533401
-615.96017763 0.7032138
-616.02022338 0.70131648
-616.07858048 0.6897253
-616.13352771 0.66854033
-616.18100024 0.63890578
-616.2168403 0.60303998
-616.2372443 0.56400637
-616.23965821 0.52601947
-616.23569072 0.51205775
-616.20528326 0.46312761
-616.1469587 0.40500771
-616.06039674 0.34427701
-615.94887085 0.28683197
-615.7521601 0.20303115
-615.7521601 0.19061302
-615.51093232 0.29283112
-615.40561126 0.35214765
-615.32633065 0.41376501
-615.27373727 0.47209138
-615.24668157 0.52112689
-615.24319919 0.55903253
-615.25741127 0.59910902
-615.28803296 0.63786204
-615.33211881 0.67187481
-615.38498212 0.69794279
-615.44243628 0.71462755
-615.50272538 0.72171669
-615.56351091 0.71891629
-615.6224958 0.70634176
-615.67810832 0.68407828
-615.72637735 0.65327795
-615.7521601 0.62938698
-615.79379451 0.66494438
-615.84500244 0.69290424
-615.90147102 0.71167529
-615.96132892 0.72097489
-616.02220165 0.72041543
-616.08179942 0.71001995
-616.13862724 0.68981091
-616.18881184 0.66079495
-616.22838396 0.62505067
-616.25366413 0.58551532
-616.26191622 0.54561477
-616.25763864 0.52112689
-616.23058294 0.47209138
-616.17798955 0.41376501
-616.09870895 0.35214765
-615.99338788 0.29283112
-615.7521601 0.19061302
-615.7521601 0.1774498
-615.50386546 0.27998861
-615.39733416 0.33968493
-615.31647586 0.40235286
-615.26119069 0.46293583
-615.22757277 0.52114024
-615.2242468 0.53100454
-615.22204484 0.57020039
-615.23724114 0.61157297
-615.26854809 0.65163569
-615.31308578 0.68698096
-615.36624878 0.71437456
-615.423959 0.73236883
-615.48461041 0.740775
-615.54600436 0.7392673
-615.6060043 0.7279036
-615.66328225 0.70669156
-615.71408791 0.67663967
-615.7521601 0.6425502
-615.79340983 0.6789312
-615.84474949 0.70842158
-615.90135022 0.72872767
-615.96147576 0.73958909
-616.02288349 0.74058215
-616.08343801 0.73166872
-616.14093257 0.71319466
-616.19373568 0.68536316
-616.23774124 0.64965543
-616.26833072 0.60934159
-616.28262251 0.56785009
-616.28007341 0.53100454
-616.25620528 0.48172061
-616.20227535 0.4161867
-616.12723633 0.35351958
-616.02614813 0.2927749
-615.87622074 0.2270144
-615.7521601 0.1774498
-615.7521601 0.16349678
-615.50804398 0.26041072
-615.39765105 0.32002675
-615.3127897 0.38361818
-615.24775967 0.45340951
-615.21037223 0.51563388
-615.20137138 0.54175559
-615.20052994 0.58231552
-615.21679947 0.62505969
-615.24888806 0.66649678
-615.29397372 0.70321749
-615.3475194 0.7319498
-615.4055443 0.75123653
-615.46658328 0.76091704
-615.52747948 0.76073096
-615.58844319 0.75067834
-615.64631059 0.73104004
-615.69959788 0.70198631
-615.74430389 0.66499815
-615.7521601 0.65650322
-615.79383849 0.69433304
-615.84548104 0.72528802
-615.9023278 0.74702267
-615.96277481 0.75930689
-616.023612 0.76173573
-616.08504262 0.75430849
-616.14394762 0.73716253
-616.19896692 0.71040215
-616.24623668 0.67534269
-616.2817869 0.63433727
-616.30174356 0.59136208
-616.30454248 0.55000634
-616.30294882 0.54175559
-616.27853656 0.48590231
-616.22770093 0.41902398
-616.1570292 0.35513606
-616.06058782 0.29280617
-615.92619878 0.23027812
-615.7521601 0.16349678
-615.7521601 0.14870659
-615.51409154 0.23868237
-615.40058229 0.29714594
-615.31219622 0.36041673
-615.24236708 0.43164228
-615.19862268 0.49802407
-615.17810671 0.55344874
-615.17887291 0.59625657
-615.19653703 0.64034355
-615.22963935 0.68308699
-615.27542401 0.72108208
-615.32943007 0.75102921
-615.38778435 0.7714731
-615.44916902 0.78228955
-615.51052128 0.7831845
-615.57115681 0.77440822
-615.63027877 0.75583332
-615.68554657 0.72761001
-615.73318793 0.69107359
-615.7521601 0.67129341
-615.79422814 0.71061625
-615.84612089 0.74308668
-615.90314742 0.76630462
-615.96383296 0.78007432
-616.02505357 0.78394292
-616.08609658 0.77811581
-616.14622148 0.76241801
-616.20225719 0.73740829
-616.25261271 0.70333283
-616.29252192 0.66273658
-616.3185211 0.61861738
-616.3279919 0.5753047
-616.3262135 0.55344874
-616.30569752 0.49802407
-616.26195312 0.43164228
-616.19212399 0.36041673
-616.10373791 0.29714594
-615.99022867 0.23868237
-615.7521601 0.14870659
-615.7521601 0.13302899
-615.51743807 0.21670162
-615.40059326 0.27424086
-615.30923833 0.3371926
-615.23578734 0.40942049
-615.18380404 0.48551939
-615.1575141 0.55105369
-615.15450894 0.5661565
-615.15676902 0.61033778
-615.17549224 0.65576969
-615.20927665 0.69988377
-615.25544868 0.73928226
-615.30963511 0.77063072
-615.3680718 0.7924665
-615.42958162 0.80470185
-615.49119671 0.80699757
-615.55238379 0.79959441
-615.61254219 0.78231735
-615.66859116 0.75577068
-615.71907228 0.72015619
-615.7521601 0.68697101
-615.79450864 0.72777732
-615.84650687 0.76178336
-615.90354683 0.78653701
-615.96428648 0.80188252
-616.02569272 0.80731856
-616.08719635 0.8030461
-616.14824351 0.78884923
-616.20582678 0.7651689
-616.25866811 0.73213493
-616.3022011 0.69211615
-616.33362973 0.64708822
-616.34937945 0.60117669
-616.34981126 0.5661565
-616.33010475 0.50474374
-616.28547836 0.43080741
-616.22002755 0.35882389
-616.13702733 0.29477102
-616.02851382 0.2351144
-615.86702478 0.17184847
-615.7521601 0.13302899
-615.7521601 0.11641073
-615.5176466 0.1942881
-615.39709245 0.25113983
-615.30325736 0.31385206
-615.22721773 0.38685151
-615.17163001 0.4657507
-615.14010866 0.53684385
-615.1306385 0.57995529
-615.13443361 0.62551709
-615.15422583 0.67230642
-615.18868147 0.71780952
-615.23521336 0.75863414
-615.28953709 0.79140855
-615.34799702 0.81466281
-615.40955309 0.82834981
-615.47132754 0.83208691
-615.53292933 0.82611159
-615.59394017 0.81020944
-615.65143722 0.78487468
-615.70426692 0.75019699
-615.74794164 0.70860737
-615.7521601 0.70358927
-615.79474661 0.74591971
-615.84679643 0.78150866
-615.90378363 0.80784861
-615.96449466 0.82482789
-616.02598241 0.83189726
-616.08781226 0.82925949
-616.1496036 0.81666609
-616.2084986 0.7944453
-616.26350868 0.76262439
-616.311033 0.72261062
-616.34681651 0.67770625
-616.36857131 0.63030945
-616.37407509 0.58481289
-616.37368171 0.57995529
-616.357793 0.51860145
-616.32010112 0.44473105
-616.2570962 0.36484097
-616.1726665 0.29246133
-616.07000212 0.23141933
-615.92538641 0.1714266
-615.7521601 0.11641073
-615.7521601 0.09879537
-615.7521601 0
-613.657765 0
-613.657765 0.4
-613.62986071 0.41225525
-613.6289346 0.42019472
-613.64639743 0.42341501
-613.657765 0.42
-613.6749776 0.42345449
-613.68878149 0.41789517
-613.6856693 0.41225525
-613.657765 0.4
-613.657765 0.3994
-613.62819641 0.41240071
-613.62691805 0.42058425
-613.64447399 0.42430566
-613.657765 0.4206
-613.6753419 0.42430347
-613.69029574 0.41890869
-613.68733359 0.41240071
-613.657765 0.3994
-613.657765 0.398764
-613.62643354 0.41255615
-613.62483221 0.42101608
-613.64245285 0.42521269
-613.657765 0.421236
-613.67568554 0.42519527
-613.69177787 0.4200041
-613.68909646 0.41255615
-613.657765 0.398764
-613.657765 0.39808984
-613.62456636 0.41272231
-613.62256474 0.42140691
-613.64017111 0.42614007
-613.657765 0.42191016
-613.67607326 0.42612986
-613.69327172 0.42113103
-613.69096364 0.41272231
-613.657765 0.39808984
-613.657765 0.39737523
-613.62258879 0.41290001
-613.62023299 0.42185734
-613.63786339 0.42708745
-613.65713586 0.42305674
-613.657765 0.42262477
-613.67648016 0.42711171
-613.69476851 0.42231298
-613.69365118 0.41331395
-613.69294121 0.41290001
-613.657765 0.39737523
-613.657765 0.39661774
-613.62049444 0.41309014
-613.61772504 0.42227337
-613.63524405 0.42804935
-613.65581099 0.42459087
-613.657765 0.42338226
-613.67687026 0.42814394
-613.69623489 0.42357958
-613.69681832 0.41424209
-613.69503556 0.41309014
-613.657765 0.39661774
-613.657765 0.39581481
-613.61827654 0.41329364
-613.6151248 0.42274182
-613.632525 0.4290334
-613.65424678 0.42616477
-613.657765 0.42418519
-613.677241 0.42922851
-613.69766053 0.42493341
-613.70010426 0.41535793
-613.69725346 0.41329364
-613.657765 0.39581481
-613.657765 0.3949637
-613.61592796 0.41351158
-613.61238115 0.42322048
-613.62971328 0.4300473
-613.65245624 0.42777584
-613.657765 0.4250363
-613.67771697 0.43037136
-613.69919475 0.42629075
-613.70329955 0.41647486
-613.69960204 0.41351158
-613.657765 0.3949637
-613.657765 0.39406152
-613.61344118 0.41374508
-613.60952973 0.42376462
-613.62668665 0.43108208
-613.65045396 0.42942311
-613.657765 0.42593848
-613.67804761 0.43156859
-613.70052806 0.42782544
-613.70661661 0.41784429
-613.70208882 0.41374508
-613.657765 0.39406152
-613.657765 0.39310521
-613.61080828 0.41399538
-613.60646763 0.42425052
-613.6233612 0.43212316
-613.64803061 0.43116681
-613.657765 0.42689479
-613.67845175 0.43283015
-613.70193382 0.42939196
-613.70990682 0.41930836
-613.70472173 0.41399538
-613.657765 0.39310521
-613.657765 0.39209152
-613.60802089 0.41426383
-613.60329376 0.42482522
-613.62001524 0.43321728
-613.64549937 0.43291518
-613.657765 0.42790848
-613.67887915 0.43415875
-613.70335394 0.43102924
-613.71318456 0.42087735
-613.70750911 0.41426383
-613.657765 0.39209152
-613.657765 0.39101701
-613.60507023 0.41455189
-613.59994676 0.42541786
-613.61643667 0.4343345
-613.64263558 0.43472805
-613.657765 0.42898299
-613.67928806 0.43555543
-613.70472604 0.43276569
-613.7164535 0.42260828
-613.71045977 0.41455189
-613.657765 0.39101701
-613.657765 0.38987804
-613.60194703 0.41486118
-613.59641873 0.42602886
-613.61261599 0.43547306
-613.63942026 0.43660066
-613.657765 0.43012196
-613.67967579 0.43702306
-613.70604046 0.43460422
-613.71970633 0.42443488
-613.71358297 0.41486118
-613.657765 0.38987804
-613.657765 0.38867072
-613.59864156 0.41519343
-613.59269297 0.42663999
-613.60861951 0.43665169
-613.63604963 0.43850361
-613.657765 0.43132928
-613.68016827 0.43857807
-613.70751036 0.43648446
-613.72293651 0.42641084
-613.71688845 0.41519343
-613.657765 0.38867072
-613.657765 0.38739096
-613.59514357 0.41555056
-613.58881166 0.42736965
-613.60444555 0.43787721
-613.63228087 0.44046935
-613.65624612 0.43365404
-613.657765 0.43260904
-613.68051278 0.44019911
-613.70870146 0.4385363
-613.72610943 0.42857668
-613.72190669 0.41651407
-613.72038644 0.41555056
-613.657765 0.38739096
-613.657765 0.38603442
-613.5914423 0.41593466
-613.58468863 0.42804316
-613.59984988 0.43907749
-613.62813282 0.44248772
-613.65399088 0.4363276
-613.657765 0.43396558
-613.68101727 0.4419248
-613.71015673 0.44061827
-613.72933159 0.43075666
-613.72728396 0.41818539
-613.7240877 0.41593466
-613.657765 0.38603442
-613.657765 0.38459648
-613.58752647 0.41634801
-613.58037197 0.42880851
-613.59522457 0.44038218
-613.62386175 0.44454712
-613.65138767 0.43906937
-613.657765 0.43540352
-613.68146063 0.44373476
-613.71148105 0.44283729
-613.73246238 0.43317064
-613.73276122 0.42009121
-613.72800353 0.41634801
-613.657765 0.38459648
-613.657765 0.38307227
-613.58338425 0.41679313
-613.57583219 0.42962642
-613.59039758 0.44174871
-613.61936525 0.44666371
-613.64844473 0.44188616
-613.657765 0.43692773
-613.68193221 0.4456454
-613.71263517 0.44519726
-613.73548426 0.43579356
-613.73837434 0.42235073
-613.73214576 0.41679313
-613.657765 0.38307227
-613.657765 0.38145661
-613.61975429 0.39970117
-613.57900321 0.41727274
-613.5710516 0.43047869
-613.58528367 0.44315222
-613.61448847 0.44884159
-613.64500882 0.44483673
-613.657765 0.43854339
-613.68238388 0.44765537
-613.71391843 0.44764523
-613.73850844 0.43851743
-613.74393315 0.42479424
-613.73652679 0.41727274
-613.66357333 0.38566187
-613.657765 0.38145661
-613.657765 0.379744
-613.61741193 0.3991021
-613.57437039 0.41778985
-613.56601474 0.43134468
-613.57979959 0.44455967
-613.60906289 0.45106918
-613.64087235 0.44796386
-613.657765 0.440256
-613.68276397 0.44976082
-613.71526609 0.45020536
-613.74148122 0.44140074
-613.74944107 0.42739602
-613.74115961 0.41778985
-613.66394523 0.38420202
-613.657765 0.379744
-613.657765 0.37792865
-613.61492136 0.39846949
-613.56947222 0.41834775
-613.56071996 0.43227045
-613.57407895 0.44603438
-613.60337618 0.45335544
-613.63634662 0.45115762
-613.657765 0.44207135
-613.68316643 0.45198265
-613.7164141 0.45292079
-613.74429114 0.44451238
-613.75492864 0.43029229
-613.74605778 0.41834775
-613.66434254 0.38265464
-613.657765 0.37792865
-613.657765 0.37600436
-613.61877105 0.39522854
-613.56429454 0.41895005
-613.55516345 0.43333575
-613.56832444 0.44769633
-613.59789742 0.4557596
-613.63203997 0.4543082
-613.657765 0.44399564
-613.68373904 0.45435705
-613.71789609 0.45573196
-613.74738418 0.44760256
-613.76038256 0.43321272
-613.75123546 0.41895005
-613.66377731 0.38043767
-613.657765 0.37600436
-613.657765 0.37396463
-613.61633925 0.39436212
-613.55882258 0.41960072
-613.5493043 0.43435085
-613.5619568 0.44925822
-613.59137463 0.45816387
-613.62639958 0.45773505
-613.6547645 0.4481223
-613.657765 0.44603537
-613.68409117 0.4568159
-613.71888997 0.45873634
-613.74993591 0.45112194
-613.76569707 0.43682102
-613.75955023 0.42162425
-613.75670742 0.41960072
-613.6641679 0.37866441
-613.657765 0.37396463
-613.657765 0.3718025
-613.61950924 0.39113135
-613.55304099 0.42030411
-613.54315383 0.43552441
-613.55554474 0.45103727
-613.58509058 0.46072046
-613.62106861 0.46113932
-613.65160728 0.45215528
-613.657765 0.4481975
-613.68462821 0.45944745
-613.72025782 0.4618562
-613.75283901 0.45462565
-613.77101703 0.44031961
-613.76767501 0.42445603
-613.76248902 0.42030411
-613.66372801 0.37626986
-613.657765 0.3718025
-613.657765 0.36951065
-613.61709688 0.39001836
-613.5469338 0.42106498
-613.53667946 0.43664043
-613.54848182 0.45268941
-613.5779683 0.46328607
-613.61452621 0.4647424
-613.64736089 0.45662756
-613.657765 0.45048935
-613.68520174 0.46223162
-613.72137522 0.46515269
-613.75553937 0.45838675
-613.77622824 0.44414932
-613.77577872 0.42754548
-613.7685962 0.42106498
-613.66411997 0.37424652
-613.657765 0.36951065
-613.657765 0.36708129
-613.61972034 0.38671751
-613.5404845 0.42188858
-613.52988164 0.43793664
-613.54136166 0.45459303
-613.57083087 0.46600099
-613.60810106 0.46839022
-613.64286245 0.46109979
-613.657765 0.45291871
-613.68570419 0.46515208
-613.72261379 0.46860875
-613.75822265 0.46233069
-613.78133348 0.44825303
-613.7840139 0.43116449
-613.7750455 0.42188858
-613.66377391 0.37163115
-613.657765 0.36708129
-613.657765 0.36450617
-613.62178386 0.38347453
-613.54043384 0.41868144
-613.53367597 0.42278069
-613.52273795 0.43933175
-613.53393636 0.45661803
-613.56341719 0.46883967
-613.60136263 0.47215293
-613.63763164 0.46579667
-613.657765 0.45549383
-613.68623959 0.46824136
-613.72390531 0.47224139
-613.76063871 0.4665481
-613.78623583 0.45271738
-613.79214888 0.43506995
-613.78185403 0.42278069
-613.70630837 0.38863589
-613.66351623 0.36891582
-613.657765 0.36450617
-613.657765 0.36177654
-613.61946664 0.38189995
-613.53356718 0.41938135
-613.52649059 0.42374762
-613.5152331 0.44077718
-613.52586744 0.45852611
-613.55506411 0.47164997
-613.59345322 0.47605837
-613.63169957 0.47068783
-613.657765 0.45822346
-613.68669657 0.47148062
-613.72500031 0.47606508
-613.76303042 0.4709599
-613.79115619 0.45731397
-613.80020859 0.43938593
-613.78903941 0.42374762
-613.72311717 0.39295139
-613.66390231 0.3664512
-613.657765 0.36177654
-613.657765 0.35888313
-613.60836648 0.38380631
-613.52566306 0.42052068
-613.51891022 0.42479634
-613.50735279 0.44230503
-613.51778892 0.46081493
-613.54689246 0.47471502
-613.58606784 0.48007899
-613.62569388 0.47560577
-613.6561157 0.46237772
-613.657765 0.46111687
-613.68712612 0.47489094
-613.72639397 0.48008561
-613.76594035 0.47544152
-613.79611628 0.46208284
-613.80816084 0.44377801
-613.79834128 0.42607436
-613.79661978 0.42479634
-613.73391603 0.39472926
-613.6637025 0.36344709
-613.657765 0.35888313
-613.657765 0.35581612
-613.61012902 0.38022512
-613.51740036 0.42171974
-613.51091627 0.4259345
-613.49908034 0.44395087
-613.50896943 0.462921
-613.53773518 0.47773109
-613.57719768 0.48422146
-613.61819746 0.48091586
-613.65148378 0.46855966
-613.657765 0.46418388
-613.6875818 0.4784972
-613.72746022 0.48431381
-613.76821504 0.48031383
-613.80060934 0.46740044
-613.81595198 0.44901706
-613.80974111 0.4302888
-613.80461373 0.4259345
-613.74467617 0.39639231
-613.66355965 0.36029985
-613.657765 0.35581612
-613.657765 0.35256509
-613.61150413 0.37660175
-613.51660422 0.41845122
-613.50248978 0.42717051
-613.49040292 0.44566311
-613.50005917 0.46541052
-613.52860682 0.48100532
-613.56825661 0.48850679
-613.61034895 0.48632314
-613.64640731 0.47475868
-613.657765 0.46743491
-613.68794771 0.48227659
-613.72829758 0.48875062
-613.77012073 0.48548885
-613.80493477 0.47301489
-613.82356576 0.45449989
-613.8209679 0.43490312
-613.81304023 0.42717051
-613.75549215 0.39798048
-613.66346329 0.35699366
-613.657765 0.35256509
-613.657765 0.34911899
-613.61255047 0.37290315
-613.50723575 0.41984138
-613.49361143 0.42851359
-613.48130401 0.44747776
-613.49051318 0.46782295
-613.51898898 0.48439853
-613.55914841 0.49296726
-613.60214785 0.49186257
-613.64040971 0.48128066
-613.657765 0.47088101
-613.68865451 0.4863724
-613.7299072 0.49345184
-613.77306457 0.49070115
-613.80960753 0.47866503
-613.83117303 0.46003536
-613.83191375 0.4396855
-613.82191857 0.42851359
-613.76644871 0.39952706
-613.66340601 0.35351349
-613.657765 0.34911899
-613.657765 0.34546613
-613.60955104 0.37070414
-613.50777444 0.41561006
-613.48426174 0.42997389
-613.47176801 0.44940272
-613.48051644 0.47033593
-613.50849984 0.48776937
-613.54854956 0.49748509
-613.59274643 0.49765946
-613.63307925 0.48826059
-613.657765 0.47453387
-613.68895751 0.49056761
-613.73055755 0.49834871
-613.7746036 0.49643083
-613.81308663 0.48516498
-613.83814009 0.4666866
-613.84299088 0.44548554
-613.83126826 0.42997389
-613.7731355 0.39905275
-613.66380235 0.35012472
-613.657765 0.34546613
-613.657765 0.3415941
-613.61033168 0.36667271
-613.4971249 0.41722347
-613.47442106 0.43156257
-613.46175357 0.45169122
-613.47046561 0.47340508
-613.49861026 0.49171895
-613.53916413 0.50237576
-613.58444659 0.50348035
-613.62671987 0.49484222
-613.657765 0.4784059
-613.68962509 0.49512
-613.73204297 0.50356062
-613.77730538 0.50224473
-613.81767464 0.49139929
-613.84547407 0.4729553
-613.85372222 0.45120205
-613.84110894 0.43156257
-613.78496147 0.40071151
-613.66378166 0.34623574
-613.657765 0.3415941
-613.657765 0.33748975
-613.61084514 0.36250464
-613.4958752 0.41357826
-613.46406981 0.43329184
-613.45129204 0.45387763
-613.45952879 0.47616769
-613.48706795 0.49533721
-613.5277733 0.50725057
-613.57349633 0.50968645
-613.61740842 0.50243242
-613.65259502 0.48644418
-613.657765 0.48251025
-613.69027685 0.49992403
-613.73347607 0.50905338
-613.77940841 0.50844506
-613.82169692 0.49818459
-613.85238777 0.47993642
-613.86434057 0.45776412
-613.85508399 0.43655936
-613.85146019 0.43329184
-613.79708017 0.40238749
-613.67182634 0.34696531
-613.657765 0.33748975
-613.657765 0.33313913
-613.61111825 0.35817526
-613.48404625 0.4153527
-613.45318854 0.43517514
-613.44031503 0.45647734
-613.44852166 0.47956215
-613.47615329 0.49963522
-613.51723254 0.51254937
-613.56381928 0.5160071
-613.60937998 0.50968058
-613.6473206 0.49431044
-613.657765 0.48686087
-613.69046913 0.50483309
-613.7338082 0.51472567
-613.78081936 0.51502466
-613.82457889 0.50568548
-613.85812614 0.48813318
-613.87448689 0.46578608
-613.8699444 0.44328249
-613.86234146 0.43517514
-613.80955367 0.40410571
-613.66383537 0.33779536
-613.657765 0.33313913
-613.657765 0.32852748
-613.60214587 0.35757328
-613.47945803 0.41298122
-613.44175819 0.43722719
-613.4288335 0.45925954
-613.43702199 0.48315149
-613.46472409 0.50414381
-613.50560027 0.51797601
-613.55292324 0.52261059
-613.60004898 0.51739585
-613.64032893 0.50306612
-613.657765 0.49147252
-613.69106408 0.51016992
-613.73507447 0.52080187
-613.7830925 0.52183708
-613.82849104 0.51313072
-613.86458715 0.49592423
-613.88456597 0.47312462
-613.88371998 0.44949426
-613.87377181 0.43722719
-613.82569806 0.40754365
-613.66356815 0.33298478
-613.657765 0.32852748
-613.657765 0.32363913
-613.60182525 0.35294716
-613.47670875 0.40936058
-613.42976025 0.43946413
-613.41686718 0.46193236
-613.42457852 0.48637343
-613.45152362 0.50820577
-613.49228157 0.52336452
-613.54013999 0.52944933
-613.58873845 0.52565616
-613.63173951 0.51248347
-613.657765 0.49636087
-613.69163446 0.51580061
-613.73626762 0.52719987
-613.78522278 0.52901565
-613.83217415 0.52100998
-613.87073532 0.50424793
-613.89423251 0.48139879
-613.89765178 0.45703952
-613.88576976 0.43946413
-613.83882125 0.40936058
-613.66367757 0.32814571
-613.657765 0.32363913
-613.657765 0.31845748
-613.6012879 0.3480978
-613.47373735 0.40557563
-613.42233861 0.43742315
-613.41717698 0.44190363
-613.4043355 0.46510789
-613.41204818 0.49035954
-613.43900001 0.51312179
-613.47992417 0.52933881
-613.52833246 0.5365755
-613.57814921 0.533935
-613.62335269 0.521741
-613.657765 0.50154252
-613.69217731 0.521741
-613.73738079 0.533935
-613.78719754 0.5365755
-613.83560583 0.52933881
-613.87652999 0.51312179
-613.90348182 0.49035954
-613.9111945 0.46510789
-613.89835302 0.44190363
-613.85247327 0.4112986
-613.72688464 0.35352323
-613.66381175 0.32302362
-613.657765 0.31845748
-613.657765 0.31296493
-613.60053567 0.3430043
-613.47048355 0.40161822
-613.40904691 0.43999039
-613.40399172 0.44456502
-613.39125899 0.46851383
-613.39899156 0.49458349
-613.4259306 0.51828584
-613.46696307 0.53557954
-613.51582272 0.54400306
-613.56671553 0.54257842
-613.61393837 0.53146834
-613.65163187 0.51197967
-613.657765 0.50703507
-613.69268956 0.52800777
-613.73840705 0.54102326
-613.7890043 0.54453219
-613.8387643 0.53813278
-613.88193198 0.52256268
-613.91251726 0.49971307
-613.92439456 0.47367496
-613.91563153 0.4490219
-613.91153828 0.44456502
-613.86669149 0.41337985
-613.75440864 0.35984743
-613.66397142 0.31760048
-613.657765 0.31296493
-613.657765 0.30714282
-613.60246942 0.33637721
-613.462803 0.39960613
-613.40059504 0.43820824
-613.39018915 0.44746943
-613.37763025 0.47213031
-613.38534778 0.49898594
-613.41215544 0.52361761
-613.45312018 0.54201619
-613.50222138 0.55170639
-613.55396609 0.55163844
-613.6029936 0.54181954
-613.6438075 0.52331405
-613.657765 0.51285718
-613.69310411 0.53459065
-613.73918742 0.54845278
-613.79039173 0.55290408
-613.84132796 0.54747065
-613.88659322 0.53273222
-613.92053297 0.51033664
-613.93708539 0.48374994
-613.93322232 0.45777024
-613.92534085 0.44746943
-613.87407588 0.41128441
-613.76437356 0.35838573
-613.66388075 0.31167314
-613.657765 0.30714282
-613.657765 0.30097139
-613.60121363 0.33075838
-613.45839642 0.39549142
-613.39234692 0.43600664
-613.37575562 0.45063994
-613.36343147 0.47605502
-613.37121255 0.5037366
-613.3979714 0.52932111
-613.43952685 0.54902417
-613.48895023 0.55983866
-613.54147755 0.56097063
-613.59206019 0.55230854
-613.63603458 0.53444023
-613.657765 0.51902861
-613.69354516 0.54156254
-613.74001791 0.55629529
-613.79182271 0.56169825
-613.84386944 0.55723574
-613.89108177 0.54334929
-613.92813275 0.52147068
-613.94905192 0.49481122
-613.95018212 0.46725251
-613.93977438 0.45063994
-613.88957352 0.41356102
-613.79355525 0.36502254
-613.6719207 0.31035447
-613.657765 0.30097139
-613.657765 0.29442967
-613.5901038 0.32901673
-613.44902551 0.39356018
-613.38293731 0.43435416
-613.36067948 0.45410168
-613.34863036 0.48063801
-613.35672176 0.50908741
-613.38400228 0.53586167
-613.42568832 0.55650471
-613.47531 0.56838664
-613.52841164 0.5707097
-613.58027311 0.56326205
-613.62664604 0.54645482
-613.657765 0.52557033
-613.6944463 0.54914936
-613.74193011 0.56480414
-613.79422946 0.57096899
-613.84714156 0.56733961
-613.89653517 0.55401363
-613.93652403 0.53227021
-613.96110405 0.50519004
-613.96638974 0.47657778
-613.95485052 0.45410168
-613.90806293 0.41750475
-613.81728641 0.36922762
-613.67181324 0.3036732
-613.657765 0.29442967
-613.657765 0.28749545
-613.59093488 0.32164606
-613.45030001 0.38556281
-613.37277325 0.43285234
-613.34495148 0.45788205
-613.33327913 0.48519522
-613.34148904 0.51446889
-613.36870368 0.54222235
-613.41029291 0.5640076
-613.46069655 0.57729181
-613.51431437 0.58089709
-613.56735755 0.57475852
-613.61596697 0.55912877
-613.65443766 0.53545507
-613.657765 0.53250455
-613.69482256 0.55692316
-613.74258308 0.57350776
-613.79529552 0.58069742
-613.84906435 0.57815999
-613.90012306 0.56588248
-613.94291248 0.54493089
-613.97189492 0.51773012
-613.9823266 0.48820869
-613.97282334 0.4607139
-613.97057852 0.45788205
-613.92683381 0.42156668
-613.84098691 0.37337311
-613.66413501 0.29201077
-613.657765 0.28749545
-613.657765 0.28014518
-613.57893673 0.3193263
-613.43898805 0.38366704
-613.36179348 0.4314951
-613.32856514 0.4620108
-613.31734616 0.4900535
-613.32590968 0.52053896
-613.35317276 0.54917812
-613.39464665 0.57201187
-613.44500774 0.58653438
-613.49967643 0.59153173
-613.55435982 0.58660271
-613.60476604 0.57214299
-613.64631832 0.54936072
-613.657765 0.53985482
-613.69508635 0.56508915
-613.74295894 0.58261801
-613.79665247 0.59094185
-613.85180641 0.58938627
-613.90416208 0.57807558
-613.94926874 0.55793776
-613.98224255 0.53074016
-613.99750155 0.50050722
-613.99293444 0.47114625
-613.98696486 0.4620108
-613.94598226 0.42580615
-613.86477598 0.37753201
-613.66422359 0.28463816
-613.657765 0.28014518
-613.657765 0.27235389
-613.57590462 0.31262875
-613.43184418 0.37903867
-613.35151579 0.42909099
-613.31151718 0.46652023
-613.30081025 0.49576361
-613.30979015 0.5270205
-613.337094 0.55653815
-613.37907026 0.58070422
-613.43015396 0.59650415
-613.48506071 0.60266306
-613.54047076 0.59900958
-613.59313093 0.58555914
-613.63786475 0.56334735
-613.657765 0.54764611
-613.69592287 0.57402235
-613.74468385 0.59258987
-613.79861718 0.60177621
-613.85429086 0.60121514
-613.90777354 0.59094786
-613.95558438 0.57141247
-613.99182142 0.54471487
-614.01186517 0.51395113
-614.01267484 0.48331072
-614.00401282 0.46652023
-613.96401421 0.42909099
-613.88368582 0.37903867
-613.73962538 0.31262875
-613.657765 0.27235389
-613.657765 0.26409513
-613.57823032 0.30309539
-613.43691541 0.36736137
-613.35344767 0.41721469
-613.30125107 0.46199638
-613.2938079 0.47144531
-613.28371038 0.50142198
-613.29284904 0.53345971
-613.32046983 0.56433038
-613.362251 0.58956207
-613.41313504 0.60663629
-613.46890365 0.61429447
-613.52487964 0.61210326
-613.57896899 0.60015087
-613.62635715 0.57925044
-613.657765 0.55590487
-613.69610246 0.5831256
-613.74484258 0.60268654
-613.79962289 0.61311503
-613.85568301 0.61373496
-613.91093788 0.60452142
-613.96066603 0.58604314
-614.00057052 0.55967782
-614.02530335 0.52857326
-614.03148209 0.49634377
-614.0217221 0.47144531
-613.98568334 0.43503528
-613.91305482 0.38615571
-613.8022099 0.33100615
-613.66453707 0.26859245
-613.657765 0.26409513
-613.657765 0.25534083
-613.56439858 0.2998314
-613.42249008 0.36526922
-613.33975079 0.41599634
-613.28672007 0.46219896
-613.27544163 0.47682386
-613.26603088 0.50805352
-613.27594579 0.54134472
-613.30383705 0.57302678
-613.34624334 0.59954481
-613.3978499 0.61783759
-613.4536841 0.62656742
-613.51087595 0.62550329
-613.56595752 0.61471294
-613.61597148 0.5945405
-613.65583665 0.56650974
-613.657765 0.56465917
-613.69688825 0.59309142
-613.74642797 0.61377302
-613.80127168 0.62512822
-613.85843522 0.62678114
-613.91444843 0.61862652
-613.96646286 0.60086449
-614.00953455 0.57478169
-614.03835486 0.54338666
-614.04944169 0.51020137
-614.04136429 0.47888356
-614.04008837 0.47682386
-613.99942853 0.43425214
-613.92713147 0.38436476
-613.81698597 0.32830364
-613.66476575 0.25986138
-613.657765 0.25534083
-613.657765 0.24606128
-613.41895996 0.35671377
-613.33380395 0.4085092
-613.27649455 0.45707399
-613.2564271 0.48269666
-613.24778443 0.51465012
-613.25792462 0.54871508
-613.28615213 0.58180321
-613.32828556 0.6093954
-613.37954098 0.62898822
-613.43605585 0.63931455
-613.49349021 0.63981075
-613.55033832 0.63046222
-613.60228924 0.61175557
-613.64553196 0.58489182
-613.657765 0.57393872
-613.69697207 0.60323883
-613.74634762 0.62495802
-613.80189279 0.63766378
-613.85918704 0.64060131
-613.91670898 0.63368395
-613.97020992 0.61720987
-614.01599577 0.59221969
-614.04942074 0.56094564
-614.06631831 0.52653982
-614.06413576 0.49319243
-614.0591029 0.48269666
-614.02107331 0.43967682
-613.95276621 0.38910708
-613.84595834 0.33155217
-613.66504794 0.25061742
-613.657765 0.24606128
-613.657765 0.23622496
-613.53341319 0.2925692
-613.40224057 0.35442221
-613.31792988 0.4073741
-613.26059657 0.45741139
-613.23677782 0.48910761
-613.22900081 0.52235764
-613.2400129 0.55771781
-613.26850662 0.5916077
-613.31122706 0.6205398
-613.36311117 0.64141423
-613.41948878 0.65284801
-613.4779137 0.65458586
-613.53536478 0.64653242
-613.58952647 0.62879291
-613.63589821 0.60247771
-613.657765 0.58377504
-613.69769629 0.61435571
-613.74777187 0.63727775
-613.80319328 0.65096872
-613.86140391 0.65506749
-613.9193653 0.64934865
-613.97482937 0.63381823
-614.02339734 0.60940441
-614.06058143 0.57819209
-614.08227291 0.54320127
-614.08564837 0.50857736
-614.07875218 0.48910761
-614.04328608 0.44552809
-613.97890208 0.3941641
-613.87589091 0.33502472
-613.657765 0.23622496
-613.657765 0.22579846
-613.41425958 0.33591839
-613.31586296 0.39532067
-613.24844306 0.45293136
-613.21651238 0.49610386
-613.20969782 0.53068491
-613.22163832 0.56737249
-613.25096664 0.60256587
-613.29367998 0.6323484
-613.34615911 0.65454348
-613.4032211 0.66721072
-613.46255925 0.6700919
-613.52129444 0.66303814
-613.57649767 0.64641644
-613.62564731 0.62066242
-613.657765 0.59420154
-613.69767302 0.62566637
-613.74828089 0.64997574
-613.8043214 0.66497626
-613.86336848 0.67030715
-613.92251889 0.66569204
-613.97887796 0.65136991
-614.03005645 0.62767113
-614.07081251 0.59668659
-614.09713467 0.56130428
-614.10600222 0.52498115
-614.09901763 0.49610386
-614.06708694 0.45293136
-613.99966705 0.39532067
-613.90127043 0.33591839
-613.657765 0.22579846
-613.657765 0.21474636
-613.41246435 0.32386652
-613.31248944 0.38327815
-613.2413167 0.44236715
-613.20054375 0.49400997
-613.19565473 0.50373592
-613.18989351 0.53962728
-613.20239588 0.57698664
-613.23224307 0.61355592
-613.2753885 0.64471087
-613.32741133 0.66798358
-613.38492068 0.68213589
-613.44399871 0.6864706
-613.5029375 0.6810873
-613.56000817 0.6659204
-613.61125639 0.64173893
-613.65322983 0.60984079
-613.657765 0.60525364
-613.69825655 0.63802277
-613.74851465 0.66328482
-613.80500913 0.67966856
-613.86373859 0.68631741
-613.92294465 0.68325542
-613.98094073 0.67034218
-614.03385025 0.64818844
-614.07835322 0.61796098
-614.11008966 0.58203847
-614.12504677 0.54429859
-614.12171822 0.50832434
-614.11987527 0.50373592
-614.08590784 0.45474718
-614.02146256 0.39667633
-613.92749275 0.33676803
-613.79744307 0.27546955
-613.657765 0.21474636
-613.657765 0.20303115
-613.40898079 0.31164249
-613.30761759 0.37118459
-613.23356159 0.43154777
-613.18769678 0.48640127
-613.17423439 0.51205775
-613.16953591 0.54858252
-613.18269349 0.58727724
-613.2124553 0.62466458
-613.25584478 0.65734037
-613.30812909 0.68214248
-613.36601758 0.69782412
-613.42568293 0.7036331
-613.48557418 0.69964662
-613.54417491 0.68573453
-613.59771816 0.66252968
-613.64301655 0.63118155
-613.657765 0.61696885
-613.69880972 0.65108625
-613.7495207 0.67766149
-613.80647966 0.69533401
-613.86578253 0.7032138
-613.92582828 0.70131648
-613.98418537 0.6897253
-614.03913261 0.66854033
-614.08660514 0.63890578
-614.1224452 0.60303998
-614.1428492 0.56400637
-614.14526311 0.52601947
-614.14129562 0.51205775
-614.11088816 0.46312761
-614.0525636 0.40500771
-613.96600164 0.34427701
-613.85447574 0.28683197
-613.657765 0.20303115
-613.657765 0.19061302
-613.41653722 0.29283112
-613.31121616 0.35214765
-613.23193555 0.41376501
-613.17934216 0.47209138
-613.15228646 0.52112689
-613.14880409 0.55903253
-613.16301616 0.59910902
-613.19363785 0.63786204
-613.23772371 0.67187481
-613.29058702 0.69794279
-613.34804118 0.71462755
-613.40833028 0.72171669
-613.46911581 0.71891629
-613.5281007 0.70634176
-613.58371322 0.68407828
-613.63198224 0.65327795
-613.657765 0.62938698
-613.69939941 0.66494438
-613.75060734 0.69290424
-613.80707591 0.71167529
-613.86693382 0.72097489
-613.92780655 0.72041543
-613.98740432 0.71001995
-614.04423214 0.68981091
-614.09441674 0.66079495
-614.13398886 0.62505067
-614.15926903 0.58551532
-614.16752112 0.54561477
-614.16324354 0.52112689
-614.13618784 0.47209138
-614.08359445 0.41376501
-614.00431385 0.35214765
-613.89899278 0.29283112
-613.657765 0.19061302
-613.657765 0.1774498
-613.40947036 0.27998861
-613.30293906 0.33968493
-613.22208076 0.40235286
-613.16679559 0.46293583
-613.13317767 0.52114024
-613.1298517 0.53100454
-613.12764974 0.57020039
-613.14284603 0.61157297
-613.17415299 0.65163569
-613.21869068 0.68698096
-613.27185368 0.71437456
-613.3295639 0.73236883
-613.3902153 0.740775
-613.45160925 0.7392673
-613.5116092 0.7279036
-613.56888715 0.70669156
-613.61969281 0.67663967
-613.657765 0.6425502
-613.69901473 0.6789312
-613.75035439 0.70842158
-613.80695511 0.72872767
-613.86708066 0.73958909
-613.92848839 0.74058215
-613.98904291 0.73166872
-614.04653747 0.71319466
-614.09934058 0.68536316
-614.14334613 0.64965543
-614.17393562 0.60934159
-614.18822741 0.56785009
-614.18567831 0.53100454
-614.16181018 0.48172061
-614.10788024 0.4161867
-614.03284123 0.35351958
-613.93175303 0.2927749
-613.78182564 0.2270144
-613.657765 0.1774498
-613.657765 0.16349678
-613.41364888 0.26041072
-613.30325594 0.32002675
-613.2183946 0.38361818
-613.15336457 0.45340951
-613.11597712 0.51563388
-613.10697628 0.54175559
-613.10613484 0.58231552
-613.12240437 0.62505969
-613.15449295 0.66649678
-613.19957862 0.70321749
-613.2531243 0.7319498
-613.31114919 0.75123653
-613.37218818 0.76091704
-613.43308437 0.76073096
-613.49404809 0.75067834
-613.55191549 0.73104004
-613.60520278 0.70198631
-613.64990879 0.66499815
-613.657765 0.65650322
-613.69944338 0.69433304
-613.75108593 0.72528802
-613.8079327 0.74702267
-613.86837971 0.75930689
-613.9292169 0.76173573
-613.99064752 0.75430849
-614.04955252 0.73716253
-614.10457182 0.71040215
-614.15184158 0.67534269
-614.18739179 0.63433727
-614.20734846 0.59136208
-614.21014737 0.55000634
-614.20855372 0.54175559
-614.18414146 0.48590231
-614.13330583 0.41902398
-614.06263409 0.35513606
-613.96619272 0.29280617
-613.83180368 0.23027812
-613.657765 0.16349678
-613.657765 0.14870659
-613.41969644 0.23868237
-613.30618719 0.29714594
-613.21780111 0.36041673
-613.14797198 0.43164228
-613.10422758 0.49802407
-613.08371161 0.55344874
-613.0844778 0.59625657
-613.10214193 0.64034355
-613.13524425 0.68308699
-613.1810289 0.72108208
-613.23503496 0.75102921
-613.29338924 0.7714731
-613.35477391 0.78228955
-613.41612618 0.7831845
-613.47676171 0.77440822
-613.53588367 0.75583332
-613.59115146 0.72761001
-613.63879283 0.69107359
-613.657765 0.67129341
-613.69983303 0.71061625
-613.75172579 0.74308668
-613.80875232 0.76630462
-613.86943786 0.78007432
-613.93065846 0.78394292
-613.99170148 0.77811581
-614.05182638 0.76241801
-614.10786209 0.73740829
-614.15821761 0.70333283
-614.19812682 0.66273658
-614.224126 0.61861738
-614.23359679 0.5753047
-614.2318184 0.55344874
-614.21130242 0.49802407
-614.16755802 0.43164228
-614.09772889 0.36041673
-614.00934281 0.29714594
-613.89583357 0.23868237
-613.657765 0.14870659
-613.657765 0.13302899
-613.42304297 0.21670162
-613.30619816 0.27424086
-613.21484323 0.3371926
-613.14139224 0.40942049
-613.08940894 0.48551939
-613.063119 0.55105369
-613.06011384 0.5661565
-613.06237391 0.61033778
-613.08109714 0.65576969
-613.11488155 0.69988377
-613.16105358 0.73928226
-613.21524001 0.77063072
-613.2736767 0.7924665
-613.33518652 0.80470185
-613.39680161 0.80699757
-613.45798869 0.79959441
-613.51814709 0.78231735
-613.57419606 0.75577068
-613.62467718 0.72015619
-613.657765 0.68697101
-613.70011354 0.72777732
-613.75211177 0.76178336
-613.80915173 0.78653701
-613.86989138 0.80188252
-613.93129762 0.80731856
-613.99280125 0.8030461
-614.05384841 0.78884923
-614.11143168 0.7651689
-614.16427301 0.73213493
-614.207806 0.69211615
-614.23923463 0.64708822
-614.25498435 0.60117669
-614.25541616 0.5661565
-614.23570965 0.50474374
-614.19108325 0.43080741
-614.12563245 0.35882389
-614.04263223 0.29477102
-613.93411872 0.2351144
-613.77262968 0.17184847
-613.657765 0.13302899
-613.657765 0.11641073
-613.4232515 0.1942881
-613.30269734 0.25113983
-613.20886226 0.31385206
-613.13282262 0.38685151
-613.07723491 0.4657507
-613.04571355 0.53684385
-613.03624339 0.57995529
-613.04003851 0.62551709
-613.05983073 0.67230642
-613.09428637 0.71780952
-613.14081826 0.75863414
-613.19514199 0.79140855
-613.25360192 0.81466281
-613.31515799 0.82834981
-613.37693244 0.83208691
-613.43853423 0.82611159
-613.49954506 0.81020944
-613.55704212 0.78487468
-613.60987181 0.75019699
-613.65354653 0.70860737
-613.657765 0.70358927
-613.70035151 0.74591971
-613.75240133 0.78150866
-613.80938853 0.80784861
-613.87009956 0.82482789
-613.93158731 0.83189726
-613.99341716 0.82925949
-614.05520849 0.81666609
-614.11410349 0.7944453
-614.16911358 0.76262439
-614.21663789 0.72261062
-614.2524214 0.67770625
-614.27417621 0.63030945
-614.27967999 0.58481289
-614.27928661 0.57995529
-614.2633979 0.51860145
-614.22570601 0.44473105
-614.1627011 0.36484097
-614.0782714 0.29246133
-613.97560702 0.23141933
-613.83099131 0.1714266
-613.657765 0.11641073
-613.657765 0.09879537
-613.657765 0
-611.5633699 0
-611.5633699 0.4
-611.5354656 0.41225525
-611.5345395 0.42019472
-611.55200233 0.42341501
-611.5633699 0.42
-611.5805825 0.42345449
-611.59438639 0.41789517
-611.59127419 0.41225525
-611.5633699 0.4
-611.5633699 0.3994
-611.53380131 0.41240071
-611.53252294 0.42058425
-611.55007889 0.42430566
-611.5633699 0.4206
-611.5809468 0.42430347
-611.59590064 0.41890869
-611.59293849 0.41240071
-611.5633699 0.3994
-611.5633699 0.398764
-611.53203844 0.41255615
-611.5304371 0.42101608
-611.54805775 0.42521269
-611.5633699 0.421236
-611.58129043 0.42519527
-611.59738277 0.4200041
-611.59470136 0.41255615
-611.5633699 0.398764
-611.5633699 0.39808984
-611.53017126 0.41272231
-611.52816964 0.42140691
-611.54577601 0.42614007
-611.5633699 0.42191016
-611.58167816 0.42612986
-611.59887662 0.42113103
-611.59656854 0.41272231
-611.5633699 0.39808984
-611.5633699 0.39737523
-611.52819369 0.41290001
-611.52583789 0.42185734
-611.54346829 0.42708745
-611.56274076 0.42305674
-611.5633699 0.42262477
-611.58208506 0.42711171
-611.60037341 0.42231298
-611.59925608 0.41331395
-611.59854611 0.41290001
-611.5633699 0.39737523
-611.5633699 0.39661774
-611.52609934 0.41309014
-611.52332994 0.42227337
-611.54084895 0.42804935
-611.56141589 0.42459087
-611.5633699 0.42338226
-611.58247516 0.42814394
-611.60183979 0.42357958
-611.60242322 0.41424209
-611.60064046 0.41309014
-611.5633699 0.39661774
-611.5633699 0.39581481
-611.52388144 0.41329364
-611.52072969 0.42274182
-611.5381299 0.4290334
-611.55985168 0.42616477
-611.5633699 0.42418519
-611.5828459 0.42922851
-611.60326543 0.42493341
-611.60570915 0.41535793
-611.60285836 0.41329364
-611.5633699 0.39581481
-611.5633699 0.3949637
-611.52153286 0.41351158
-611.51798604 0.42322048
-611.53531818 0.4300473
-611.55806114 0.42777584
-611.5633699 0.4250363
-611.58332187 0.43037136
-611.60479965 0.42629075
-611.60890445 0.41647486
-611.60520694 0.41351158
-611.5633699 0.3949637
-611.5633699 0.39406152
-611.51904608 0.41374508
-611.51513462 0.42376462
-611.53229155 0.43108208
-611.55605885 0.42942311
-611.5633699 0.42593848
-611.58365251 0.43156859
-611.60613296 0.42782544
-611.61222151 0.41784429
-611.60769372 0.41374508
-611.5633699 0.39406152
-611.5633699 0.39310521
-611.51641317 0.41399538
-611.51207253 0.42425052
-611.5289661 0.43212316
-611.55363551 0.43116681
-611.5633699 0.42689479
-611.58405664 0.43283015
-611.60753872 0.42939196
-611.61551172 0.41930836
-611.61032662 0.41399538
-611.5633699 0.39310521
-611.5633699 0.39209152
-611.51362579 0.41426383
-611.50889865 0.42482522
-611.52562014 0.43321728
-611.55110427 0.43291518
-611.5633699 0.42790848
-611.58448405 0.43415875
-611.60895884 0.43102924
-611.61878946 0.42087735
-611.61311401 0.41426383
-611.5633699 0.39209152
-611.5633699 0.39101701
-611.51067513 0.41455189
-611.50555166 0.42541786
-611.52204157 0.4343345
-611.54824048 0.43472805
-611.5633699 0.42898299
-611.58489296 0.43555543
-611.61033094 0.43276569
-611.6220584 0.42260828
-611.61606467 0.41455189
-611.5633699 0.39101701
-611.5633699 0.38987804
-611.50755193 0.41486118
-611.50202363 0.42602886
-611.51822089 0.43547306
-611.54502516 0.43660066
-611.5633699 0.43012196
-611.58528068 0.43702306
-611.61164536 0.43460422
-611.62531122 0.42443488
-611.61918787 0.41486118
-611.5633699 0.38987804
-611.5633699 0.38867072
-611.50424645 0.41519343
-611.49829787 0.42663999
-611.51422441 0.43665169
-611.54165453 0.43850361
-611.5633699 0.43132928
-611.58577317 0.43857807
-611.61311526 0.43648446
-611.62854141 0.42641084
-611.62249334 0.41519343
-611.5633699 0.38867072
-611.5633699 0.38739096
-611.50074846 0.41555056
-611.49441655 0.42736965
-611.51005045 0.43787721
-611.53788577 0.44046935
-611.56185101 0.43365404
-611.5633699 0.43260904
-611.58611768 0.44019911
-611.61430636 0.4385363
-611.63171433 0.42857668
-611.62751158 0.41651407
-611.62599133 0.41555056
-611.5633699 0.38739096
-611.5633699 0.38603442
-611.4970472 0.41593466
-611.49029352 0.42804316
-611.50545478 0.43907749
-611.53373772 0.44248772
-611.55959578 0.4363276
-611.5633699 0.43396558
-611.58662216 0.4419248
-611.61576163 0.44061827
-611.63493648 0.43075666
-611.63288886 0.41818539
-611.6296926 0.41593466
-611.5633699 0.38603442
-611.5633699 0.38459648
-611.49313137 0.41634801
-611.48597687 0.42880851
-611.50082947 0.44038218
-611.52946665 0.44454712
-611.55699257 0.43906937
-611.5633699 0.43540352
-611.58706553 0.44373476
-611.61708594 0.44283729
-611.63806728 0.43317064
-611.63836612 0.42009121
-611.63360843 0.41634801
-611.5633699 0.38459648
-611.5633699 0.38307227
-611.48898914 0.41679313
-611.48143709 0.42962642
-611.49600247 0.44174871
-611.52497015 0.44666371
-611.55404962 0.44188616
-611.5633699 0.43692773
-611.5875371 0.4456454
-611.61824007 0.44519726
-611.64108915 0.43579356
-611.64397924 0.42235073
-611.63775065 0.41679313
-611.5633699 0.38307227
-611.5633699 0.38145661
-611.52535918 0.39970117
-611.48460811 0.41727274
-611.4766565 0.43047869
-611.49088857 0.44315222
-611.52009337 0.44884159
-611.55061372 0.44483673
-611.5633699 0.43854339
-611.58798877 0.44765537
-611.61952333 0.44764523
-611.64411334 0.43851743
-611.64953805 0.42479424
-611.64213169 0.41727274
-611.56917823 0.38566187
-611.5633699 0.38145661
-611.5633699 0.379744
-611.52301683 0.3991021
-611.47997529 0.41778985
-611.47161964 0.43134468
-611.48540449 0.44455967
-611.51466779 0.45106918
-611.54647725 0.44796386
-611.5633699 0.440256
-611.58836886 0.44976082
-611.62087098 0.45020536
-611.64708612 0.44140074
-611.65504597 0.42739602
-611.64676451 0.41778985
-611.56955013 0.38420202
-611.5633699 0.379744
-611.5633699 0.37792865
-611.52052626 0.39846949
-611.47507712 0.41834775
-611.46632486 0.43227045
-611.47968385 0.44603438
-611.50898108 0.45335544
-611.54195152 0.45115762
-611.5633699 0.44207135
-611.58877132 0.45198265
-611.62201899 0.45292079
-611.64989603 0.44451238
-611.66053353 0.43029229
-611.65166268 0.41834775
-611.56994744 0.38265464
-611.5633699 0.37792865
-611.5633699 0.37600436
-611.52437595 0.39522854
-611.46989944 0.41895005
-611.46076835 0.43333575
-611.47392934 0.44769633
-611.50350232 0.4557596
-611.53764487 0.4543082
-611.5633699 0.44399564
-611.58934394 0.45435705
-611.62350099 0.45573196
-611.65298907 0.44760256
-611.66598745 0.43321272
-611.65684036 0.41895005
-611.56938221 0.38043767
-611.5633699 0.37600436
-611.5633699 0.37396463
-611.52194415 0.39436212
-611.46442748 0.41960072
-611.4549092 0.43435085
-611.46756169 0.44925822
-611.49697953 0.45816387
-611.53200448 0.45773505
-611.56036939 0.4481223
-611.5633699 0.44603537
-611.58969607 0.4568159
-611.62449487 0.45873634
-611.65554081 0.45112194
-611.67130197 0.43682102
-611.66515512 0.42162425
-611.66231232 0.41960072
-611.56977279 0.37866441
-611.5633699 0.37396463
-611.5633699 0.3718025
-611.52511413 0.39113135
-611.45864588 0.42030411
-611.44875872 0.43552441
-611.46114964 0.45103727
-611.49069548 0.46072046
-611.52667351 0.46113932
-611.55721218 0.45215528
-611.5633699 0.4481975
-611.59023311 0.45944745
-611.62586272 0.4618562
-611.65844391 0.45462565
-611.67662193 0.44031961
-611.6732799 0.42445603
-611.66809391 0.42030411
-611.56933291 0.37626986
-611.5633699 0.3718025
-611.5633699 0.36951065
-611.52270178 0.39001836
-611.4525387 0.42106498
-611.44228435 0.43664043
-611.45408672 0.45268941
-611.4835732 0.46328607
-611.52013111 0.4647424
-611.55296579 0.45662756
-611.5633699 0.45048935
-611.59080664 0.46223162
-611.62698012 0.46515269
-611.66114427 0.45838675
-611.68183314 0.44414932
-611.68138361 0.42754548
-611.6742011 0.42106498
-611.56972487 0.37424652
-611.5633699 0.36951065
-611.5633699 0.36708129
-611.52532524 0.38671751
-611.4460894 0.42188858
-611.43548654 0.43793664
-611.44696656 0.45459303
-611.47643577 0.46600099
-611.51370595 0.46839022
-611.54846735 0.46109979
-611.5633699 0.45291871
-611.59130909 0.46515208
-611.62821868 0.46860875
-611.66382755 0.46233069
-611.68693837 0.44825303
-611.6896188 0.43116449
-611.6806504 0.42188858
-611.56937881 0.37163115
-611.5633699 0.36708129
-611.5633699 0.36450617
-611.52738875 0.38347453
-611.44603874 0.41868144
-611.43928087 0.42278069
-611.42834285 0.43933175
-611.43954126 0.45661803
-611.46902209 0.46883967
-611.50696752 0.47215293
-611.54323654 0.46579667
-611.5633699 0.45549383
-611.59184448 0.46824136
-611.62951021 0.47224139
-611.66624361 0.4665481
-611.69184073 0.45271738
-611.69775378 0.43506995
-611.68745893 0.42278069
-611.61191327 0.38863589
-611.56912113 0.36891582
-611.5633699 0.36450617
-611.5633699 0.36177654
-611.52507154 0.38189995
-611.43917207 0.41938135
-611.43209549 0.42374762
-611.42083799 0.44077718
-611.43147234 0.45852611
-611.46066901 0.47164997
-611.49905811 0.47605837
-611.53730447 0.47068783
-611.5633699 0.45822346
-611.59230147 0.47148062
-611.63060521 0.47606508
-611.66863532 0.4709599
-611.69676109 0.45731397
-611.70581349 0.43938593
-611.69464431 0.42374762
-611.62872207 0.39295139
-611.56950721 0.3664512
-611.5633699 0.36177654
-611.5633699 0.35888313
-611.51397138 0.38380631
-611.43126795 0.42052068
-611.42451512 0.42479634
-611.41295769 0.44230503
-611.42339382 0.46081493
-611.45249735 0.47471502
-611.49167274 0.48007899
-611.53129877 0.47560577
-611.5617206 0.46237772
-611.5633699 0.46111687
-611.59273102 0.47489094
-611.63199886 0.48008561
-611.67154524 0.47544152
-611.70172118 0.46208284
-611.71376574 0.44377801
-611.70394618 0.42607436
-611.70222468 0.42479634
-611.63952093 0.39472926
-611.56930739 0.36344709
-611.5633699 0.35888313
-611.5633699 0.35581612
-611.51573392 0.38022512
-611.42300525 0.42171974
-611.41652117 0.4259345
-611.40468524 0.44395087
-611.41457433 0.462921
-611.44334007 0.47773109
-611.48280257 0.48422146
-611.52380236 0.48091586
-611.55708868 0.46855966
-611.5633699 0.46418388
-611.5931867 0.4784972
-611.63306512 0.48431381
-611.67381994 0.48031383
-611.70621424 0.46740044
-611.72155688 0.44901706
-611.71534601 0.4302888
-611.71021863 0.4259345
-611.65028107 0.39639231
-611.56916455 0.36029985
-611.5633699 0.35581612
-611.5633699 0.35256509
-611.51710903 0.37660175
-611.42220912 0.41845122
-611.40809467 0.42717051
-611.39600782 0.44566311
-611.40566407 0.46541052
-611.43421172 0.48100532
-611.47386151 0.48850679
-611.51595385 0.48632314
-611.55201221 0.47475868
-611.5633699 0.46743491
-611.5935526 0.48227659
-611.63390248 0.48875062
-611.67572563 0.48548885
-611.71053967 0.47301489
-611.72917065 0.45449989
-611.72657279 0.43490312
-611.71864512 0.42717051
-611.66109704 0.39798048
-611.56906819 0.35699366
-611.5633699 0.35256509
-611.5633699 0.34911899
-611.51815536 0.37290315
-611.41284065 0.41984138
-611.39921633 0.42851359
-611.38690891 0.44747776
-611.39611808 0.46782295
-611.42459388 0.48439853
-611.46475331 0.49296726
-611.50775275 0.49186257
-611.54601461 0.48128066
-611.5633699 0.47088101
-611.59425941 0.4863724
-611.6355121 0.49345184
-611.67866947 0.49070115
-611.71521243 0.47866503
-611.73677793 0.46003536
-611.73751865 0.4396855
-611.72752347 0.42851359
-611.67205361 0.39952706
-611.56901091 0.35351349
-611.5633699 0.34911899
-611.5633699 0.34546613
-611.51515594 0.37070414
-611.41337934 0.41561006
-611.38986664 0.42997389
-611.3773729 0.44940272
-611.38612134 0.47033593
-611.41410474 0.48776937
-611.45415446 0.49748509
-611.49835133 0.49765946
-611.53868415 0.48826059
-611.5633699 0.47453387
-611.59456241 0.49056761
-611.63616245 0.49834871
-611.6802085 0.49643083
-611.71869153 0.48516498
-611.74374499 0.4666866
-611.74859578 0.44548554
-611.73687316 0.42997389
-611.67874039 0.39905275
-611.56940724 0.35012472
-611.5633699 0.34546613
-611.5633699 0.3415941
-611.51593658 0.36667271
-611.4027298 0.41722347
-611.38002596 0.43156257
-611.36735847 0.45169122
-611.3760705 0.47340508
-611.40421516 0.49171895
-611.44476903 0.50237576
-611.49005148 0.50348035
-611.53232477 0.49484222
-611.5633699 0.4784059
-611.59522999 0.49512
-611.63764787 0.50356062
-611.68291028 0.50224473
-611.72327953 0.49139929
-611.75107897 0.4729553
-611.75932712 0.45120205
-611.74671384 0.43156257
-611.69056637 0.40071151
-611.56938656 0.34623574
-611.5633699 0.3415941
-611.5633699 0.33748975
-611.51645004 0.36250464
-611.4014801 0.41357826
-611.36967471 0.43329184
-611.35689694 0.45387763
-611.36513369 0.47616769
-611.39267285 0.49533721
-611.4333782 0.50725057
-611.47910123 0.50968645
-611.52301332 0.50243242
-611.55819992 0.48644418
-611.5633699 0.48251025
-611.59588174 0.49992403
-611.63908097 0.50905338
-611.68501331 0.50844506
-611.72730182 0.49818459
-611.75799267 0.47993642
-611.76994547 0.45776412
-611.76068889 0.43655936
-611.75706509 0.43329184
-611.70268507 0.40238749
-611.57743123 0.34696531
-611.5633699 0.33748975
-611.5633699 0.33313913
-611.51672315 0.35817526
-611.38965115 0.4153527
-611.35879344 0.43517514
-611.34591993 0.45647734
-611.35412656 0.47956215
-611.38175819 0.49963522
-611.42283744 0.51254937
-611.46942417 0.5160071
-611.51498488 0.50968058
-611.5529255 0.49431044
-611.5633699 0.48686087
-611.59607403 0.50483309
-611.6394131 0.51472567
-611.68642425 0.51502466
-611.73018379 0.50568548
-611.76373104 0.48813318
-611.78009179 0.46578608
-611.7755493 0.44328249
-611.76794636 0.43517514
-611.71515857 0.40410571
-611.56944026 0.33779536
-611.5633699 0.33313913
-611.5633699 0.32852748
-611.50775076 0.35757328
-611.38506292 0.41298122
-611.34736309 0.43722719
-611.3344384 0.45925954
-611.34262688 0.48315149
-611.37032898 0.50414381
-611.41120516 0.51797601
-611.45852814 0.52261059
-611.50565388 0.51739585
-611.54593382 0.50306612
-611.5633699 0.49147252
-611.59666898 0.51016992
-611.64067936 0.52080187
-611.6886974 0.52183708
-611.73409593 0.51313072
-611.77019205 0.49592423
-611.79017086 0.47312462
-611.78932488 0.44949426
-611.77937671 0.43722719
-611.73130296 0.40754365
-611.56917305 0.33298478
-611.5633699 0.32852748
-611.5633699 0.32363913
-611.50743015 0.35294716
-611.38231365 0.40936058
-611.33536514 0.43946413
-611.32247208 0.46193236
-611.33018342 0.48637343
-611.35712852 0.50820577
-611.39788647 0.52336452
-611.44574489 0.52944933
-611.49434334 0.52565616
-611.53734441 0.51248347
-611.5633699 0.49636087
-611.59723936 0.51580061
-611.64187252 0.52719987
-611.69082767 0.52901565
-611.73777905 0.52100998
-611.77634022 0.50424793
-611.7998374 0.48139879
-611.80325668 0.45703952
-611.79137465 0.43946413
-611.74442615 0.40936058
-611.56928247 0.32814571
-611.5633699 0.32363913
-611.5633699 0.31845748
-611.5068928 0.3480978
-611.37934225 0.40557563
-611.3279435 0.43742315
-611.32278188 0.44190363
-611.3099404 0.46510789
-611.31765308 0.49035954
-611.34460491 0.51312179
-611.38552907 0.52933881
-611.43393736 0.5365755
-611.48375411 0.533935
-611.52895759 0.521741
-611.5633699 0.50154252
-611.59778221 0.521741
-611.64298569 0.533935
-611.69280244 0.5365755
-611.74121073 0.52933881
-611.78213489 0.51312179
-611.80908672 0.49035954
-611.8167994 0.46510789
-611.80395792 0.44190363
-611.75807817 0.4112986
-611.63248954 0.35352323
-611.56941665 0.32302362
-611.5633699 0.31845748
-611.5633699 0.31296493
-611.50614057 0.3430043
-611.37608845 0.40161822
-611.31465181 0.43999039
-611.30959662 0.44456502
-611.29686389 0.46851383
-611.30459646 0.49458349
-611.3315355 0.51828584
-611.37256797 0.53557954
-611.42142761 0.54400306
-611.47232043 0.54257842
-611.51954327 0.53146834
-611.55723677 0.51197967
-611.5633699 0.50703507
-611.59829446 0.52800777
-611.64401195 0.54102326
-611.6946092 0.54453219
-611.7443692 0.53813278
-611.78753688 0.52256268
-611.81812216 0.49971307
-611.82999946 0.47367496
-611.82123643 0.4490219
-611.81714318 0.44456502
-611.77229639 0.41337985
-611.66001353 0.35984743
-611.56957632 0.31760048
-611.5633699 0.31296493
-611.5633699 0.30714282
-611.50807432 0.33637721
-611.3684079 0.39960613
-611.30619994 0.43820824
-611.29579405 0.44746943
-611.28323515 0.47213031
-611.29095268 0.49898594
-611.31776034 0.52361761
-611.35872508 0.54201619
-611.40782628 0.55170639
-611.45957099 0.55163844
-611.5085985 0.54181954
-611.5494124 0.52331405
-611.5633699 0.51285718
-611.59870901 0.53459065
-611.64479232 0.54845278
-611.69599663 0.55290408
-611.74693286 0.54747065
-611.79219812 0.53273222
-611.82613787 0.51033664
-611.84269029 0.48374994
-611.83882721 0.45777024
-611.83094575 0.44746943
-611.77968078 0.41128441
-611.66997846 0.35838573
-611.56948565 0.31167314
-611.5633699 0.30714282
-611.5633699 0.30097139
-611.50681853 0.33075838
-611.36400132 0.39549142
-611.29795181 0.43600664
-611.28136052 0.45063994
-611.26903637 0.47605502
-611.27681745 0.5037366
-611.3035763 0.52932111
-611.34513174 0.54902417
-611.39455513 0.55983866
-611.44708245 0.56097063
-611.49766509 0.55230854
-611.54163947 0.53444023
-611.5633699 0.51902861
-611.59915006 0.54156254
-611.64562281 0.55629529
-611.69742761 0.56169825
-611.74947434 0.55723574
-611.79668667 0.54334929
-611.83373764 0.52147068
-611.85465682 0.49481122
-611.85578701 0.46725251
-611.84537928 0.45063994
-611.79517842 0.41356102
-611.69916015 0.36502254
-611.5775256 0.31035447
-611.5633699 0.30097139
-611.5633699 0.29442967
-611.4957087 0.32901673
-611.35463041 0.39356018
-611.28854221 0.43435416
-611.26628438 0.45410168
-611.25423526 0.48063801
-611.26232666 0.50908741
-611.28960718 0.53586167
-611.33129321 0.55650471
-611.3809149 0.56838664
-611.43401654 0.5707097
-611.48587801 0.56326205
-611.53225093 0.54645482
-611.5633699 0.52557033
-611.6000512 0.54914936
-611.64753501 0.56480414
-611.69983436 0.57096899
-611.75274646 0.56733961
-611.80214006 0.55401363
-611.84212892 0.53227021
-611.86670894 0.50519004
-611.87199464 0.47657778
-611.86045542 0.45410168
-611.81366782 0.41750475
-611.7228913 0.36922762
-611.57741814 0.3036732
-611.5633699 0.29442967
-611.5633699 0.28749545
-611.49653978 0.32164606
-611.35590491 0.38556281
-611.27837814 0.43285234
-611.25055638 0.45788205
-611.23888402 0.48519522
-611.24709394 0.51446889
-611.27430858 0.54222235
-611.31589781 0.5640076
-611.36630144 0.57729181
-611.41991927 0.58089709
-611.47296245 0.57475852
-611.52157187 0.55912877
-611.56004256 0.53545507
-611.5633699 0.53250455
-611.60042745 0.55692316
-611.64818798 0.57350776
-611.70090042 0.58069742
-611.75466925 0.57815999
-611.80572795 0.56588248
-611.84851738 0.54493089
-611.87749981 0.51773012
-611.8879315 0.48820869
-611.87842824 0.4607139
-611.87618342 0.45788205
-611.83243871 0.42156668
-611.74659181 0.37337311
-611.56973991 0.29201077
-611.5633699 0.28749545
-611.5633699 0.28014518
-611.48454162 0.3193263
-611.34459295 0.38366704
-611.26739838 0.4314951
-611.23417004 0.4620108
-611.22295106 0.4900535
-611.23151458 0.52053896
-611.25877766 0.54917812
-611.30025155 0.57201187
-611.35061264 0.58653438
-611.40528133 0.59153173
-611.45996471 0.58660271
-611.51037093 0.57214299
-611.55192322 0.54936072
-611.5633699 0.53985482
-611.60069125 0.56508915
-611.64856384 0.58261801
-611.70225736 0.59094185
-611.75741131 0.58938627
-611.80976698 0.57807558
-611.85487364 0.55793776
-611.88784745 0.53074016
-611.90310645 0.50050722
-611.89853934 0.47114625
-611.89256976 0.4620108
-611.85158716 0.42580615
-611.77038087 0.37753201
-611.56982849 0.28463816
-611.5633699 0.28014518
-611.5633699 0.27235389
-611.48150952 0.31262875
-611.33744908 0.37903867
-611.25712069 0.42909099
-611.21712208 0.46652023
-611.20641515 0.49576361
-611.21539505 0.5270205
-611.24269889 0.55653815
-611.28467516 0.58070422
-611.33575886 0.59650415
-611.39066561 0.60266306
-611.44607566 0.59900958
-611.49873583 0.58555914
-611.54346965 0.56334735
-611.5633699 0.54764611
-611.60152777 0.57402235
-611.65028875 0.59258987
-611.70422208 0.60177621
-611.75989576 0.60121514
-611.81337844 0.59094786
-611.86118927 0.57141247
-611.89742632 0.54471487
-611.91747006 0.51395113
-611.91827974 0.48331072
-611.90961772 0.46652023
-611.86961911 0.42909099
-611.78929072 0.37903867
-611.64523028 0.31262875
-611.5633699 0.27235389
-611.5633699 0.26409513
-611.48383522 0.30309539
-611.3425203 0.36736137
-611.25905257 0.41721469
-611.20685597 0.46199638
-611.1994128 0.47144531
-611.18931528 0.50142198
-611.19845393 0.53345971
-611.22607473 0.56433038
-611.2678559 0.58956207
-611.31873993 0.60663629
-611.37450854 0.61429447
-611.43048454 0.61210326
-611.48457389 0.60015087
-611.53196205 0.57925044
-611.5633699 0.55590487
-611.60170735 0.5831256
-611.65044748 0.60268654
-611.70522779 0.61311503
-611.7612879 0.61373496
-611.81654278 0.60452142
-611.86627093 0.58604314
-611.90617542 0.55967782
-611.93090824 0.52857326
-611.93708698 0.49634377
-611.927327 0.47144531
-611.89128824 0.43503528
-611.81865971 0.38615571
-611.7078148 0.33100615
-611.57014197 0.26859245
-611.5633699 0.26409513
-611.5633699 0.25534083
-611.47000348 0.2998314
-611.32809498 0.36526922
-611.24535569 0.41599634
-611.19232497 0.46219896
-611.18104653 0.47682386
-611.17163578 0.50805352
-611.18155068 0.54134472
-611.20944194 0.57302678
-611.25184824 0.59954481
-611.3034548 0.61783759
-611.359289 0.62656742
-611.41648085 0.62550329
-611.47156242 0.61471294
-611.52157638 0.5945405
-611.56144155 0.56650974
-611.5633699 0.56465917
-611.60249315 0.59309142
-611.65203287 0.61377302
-611.70687658 0.62512822
-611.76404011 0.62678114
-611.82005333 0.61862652
-611.87206776 0.60086449
-611.91513945 0.57478169
-611.94395976 0.54338666
-611.95504659 0.51020137
-611.94696918 0.47888356
-611.94569327 0.47682386
-611.90503343 0.43425214
-611.83273637 0.38436476
-611.72259087 0.32830364
-611.57037065 0.25986138
-611.5633699 0.25534083
-611.5633699 0.24606128
-611.32456486 0.35671377
-611.23940885 0.4085092
-611.18209945 0.45707399
-611.162032 0.48269666
-611.15338933 0.51465012
-611.16352951 0.54871508
-611.19175703 0.58180321
-611.23389046 0.6093954
-611.28514587 0.62898822
-611.34166075 0.63931455
-611.3990951 0.63981075
-611.45594322 0.63046222
-611.50789414 0.61175557
-611.55113686 0.58489182
-611.5633699 0.57393872
-611.60257697 0.60323883
-611.65195252 0.62495802
-611.70749769 0.63766378
-611.76479194 0.64060131
-611.82231388 0.63368395
-611.87581482 0.61720987
-611.92160067 0.59221969
-611.95502564 0.56094564
-611.97192321 0.52653982
-611.96974065 0.49319243
-611.9647078 0.48269666
-611.9266782 0.43967682
-611.85837111 0.38910708
-611.75156324 0.33155217
-611.57065283 0.25061742
-611.5633699 0.24606128
-611.5633699 0.23622496
-611.43901809 0.2925692
-611.30784546 0.35442221
-611.22353478 0.4073741
-611.16620147 0.45741139
-611.14238272 0.48910761
-611.13460571 0.52235764
-611.1456178 0.55771781
-611.17411152 0.5916077
-611.21683196 0.6205398
-611.26871607 0.64141423
-611.32509367 0.65284801
-611.38351859 0.65458586
-611.44096968 0.64653242
-611.49513137 0.62879291
-611.54150311 0.60247771
-611.5633699 0.58377504
-611.60330118 0.61435571
-611.65337677 0.63727775
-611.70879818 0.65096872
-611.76700881 0.65506749
-611.82497019 0.64934865
-611.88043427 0.63381823
-611.92900224 0.60940441
-611.96618632 0.57819209
-611.98787781 0.54320127
-611.99125327 0.50857736
-611.98435708 0.48910761
-611.94889098 0.44552809
-611.88450698 0.3941641
-611.78149581 0.33502472
-611.5633699 0.23622496
-611.5633699 0.22579846
-611.31986447 0.33591839
-611.22146785 0.39532067
-611.15404796 0.45293136
-611.12211727 0.49610386
-611.11530272 0.53068491
-611.12724322 0.56737249
-611.15657153 0.60256587
-611.19928488 0.6323484
-611.25176401 0.65454348
-611.308826 0.66721072
-611.36816415 0.6700919
-611.42689934 0.66303814
-611.48210256 0.64641644
-611.5312522 0.62066242
-611.5633699 0.59420154
-611.60327792 0.62566637
-611.65388579 0.64997574
-611.7099263 0.66497626
-611.76897338 0.67030715
-611.82812379 0.66569204
-611.88448286 0.65136991
-611.93566135 0.62767113
-611.97641741 0.59668659
-612.00273957 0.56130428
-612.01160712 0.52498115
-612.00462252 0.49610386
-611.97269184 0.45293136
-611.90527194 0.39532067
-611.80687532 0.33591839
-611.5633699 0.22579846
-611.5633699 0.21474636
-611.31806925 0.32386652
-611.21809433 0.38327815
-611.1469216 0.44236715
-611.10614865 0.49400997
-611.10125963 0.50373592
-611.0954984 0.53962728
-611.10800078 0.57698664
-611.13784797 0.61355592
-611.18099339 0.64471087
-611.23301623 0.66798358
-611.29052558 0.68213589
-611.34960361 0.6864706
-611.4085424 0.6810873
-611.46561306 0.6659204
-611.51686129 0.64173893
-611.55883472 0.60984079
-611.5633699 0.60525364
-611.60386145 0.63802277
-611.65411955 0.66328482
-611.71061403 0.67966856
-611.76934348 0.68631741
-611.82854955 0.68325542
-611.88654563 0.67034218
-611.93945514 0.64818844
-611.98395812 0.61796098
-612.01569456 0.58203847
-612.03065167 0.54429859
-612.02732312 0.50832434
-612.02548017 0.50373592
-611.99151274 0.45474718
-611.92706745 0.39667633
-611.83309764 0.33676803
-611.70304797 0.27546955
-611.5633699 0.21474636
-611.5633699 0.20303115
-611.31458569 0.31164249
-611.21322248 0.37118459
-611.13916648 0.43154777
-611.09330168 0.48640127
-611.07983928 0.51205775
-611.07514081 0.54858252
-611.08829839 0.58727724
-611.1180602 0.62466458
-611.16144967 0.65734037
-611.21373399 0.68214248
-611.27162248 0.69782412
-611.33128782 0.7036331
-611.39117908 0.69964662
-611.44977981 0.68573453
-611.50332306 0.66252968
-611.54862145 0.63118155
-611.5633699 0.61696885
-611.60441462 0.65108625
-611.6551256 0.67766149
-611.71208456 0.69533401
-611.77138742 0.7032138
-611.83143318 0.70131648
-611.88979027 0.6897253
-611.9447375 0.66854033
-611.99221004 0.63890578
-612.02805009 0.60303998
-612.04845409 0.56400637
-612.05086801 0.52601947
-612.04690051 0.51205775
-612.01649305 0.46312761
-611.9581685 0.40500771
-611.87160653 0.34427701
-611.76008064 0.28683197
-611.5633699 0.20303115
-611.5633699 0.19061302
-611.32214212 0.29283112
-611.21682105 0.35214765
-611.13754045 0.41376501
-611.08494706 0.47209138
-611.05789136 0.52112689
-611.05440899 0.55903253
-611.06862106 0.59910902
-611.09924275 0.63786204
-611.14332861 0.67187481
-611.19619192 0.69794279
-611.25364608 0.71462755
-611.31393518 0.72171669
-611.37472071 0.71891629
-611.4337056 0.70634176
-611.48931812 0.68407828
-611.53758714 0.65327795
-611.5633699 0.62938698
-611.60500431 0.66494438
-611.65621224 0.69290424
-611.71268081 0.71167529
-611.77253872 0.72097489
-611.83341145 0.72041543
-611.89300922 0.71001995
-611.94983703 0.68981091
-612.00002164 0.66079495
-612.03959376 0.62505067
-612.06487393 0.58551532
-612.07312601 0.54561477
-612.06884844 0.52112689
-612.04179274 0.47209138
-611.98919935 0.41376501
-611.90991874 0.35214765
-611.80459768 0.29283112
-611.5633699 0.19061302
-611.5633699 0.1774498
-611.31507526 0.27998861
-611.20854395 0.33968493
-611.12768566 0.40235286
-611.07240049 0.46293583
-611.03878257 0.52114024
-611.03545659 0.53100454
-611.03325463 0.57020039
-611.04845093 0.61157297
-611.07975788 0.65163569
-611.12429558 0.68698096
-611.17745858 0.71437456
-611.2351688 0.73236883
-611.2958202 0.740775
-611.35721415 0.7392673
-611.4172141 0.7279036
-611.47449205 0.70669156
-611.52529771 0.67663967
-611.5633699 0.6425502
-611.60461963 0.6789312
-611.65595929 0.70842158
-611.71256001 0.72872767
-611.77268556 0.73958909
-611.83409329 0.74058215
-611.8946478 0.73166872
-611.95214236 0.71319466
-612.00494547 0.68536316
-612.04895103 0.64965543
-612.07954052 0.60934159
-612.09383231 0.56785009
-612.0912832 0.53100454
-612.06741508 0.48172061
-612.01348514 0.4161867
-611.93844613 0.35351958
-611.83735793 0.2927749
-611.68743054 0.2270144
-611.5633699 0.1774498
-611.5633699 0.16349678
-611.31925378 0.26041072
-611.20886084 0.32002675
-611.12399949 0.38361818
-611.05896947 0.45340951
-611.02158202 0.51563388
-611.01258118 0.54175559
-611.01173974 0.58231552
-611.02800926 0.62505969
-611.06009785 0.66649678
-611.10518352 0.70321749
-611.1587292 0.7319498
-611.21675409 0.75123653
-611.27779307 0.76091704
-611.33868927 0.76073096
-611.39965299 0.75067834
-611.45752039 0.73104004
-611.51080768 0.70198631
-611.55551368 0.66499815
-611.5633699 0.65650322
-611.60504828 0.69433304
-611.65669083 0.72528802
-611.7135376 0.74702267
-611.77398461 0.75930689
-611.8348218 0.76173573
-611.89625242 0.75430849
-611.95515742 0.73716253
-612.01017671 0.71040215
-612.05744648 0.67534269
-612.09299669 0.63433727
-612.11295336 0.59136208
-612.11575227 0.55000634
-612.11415862 0.54175559
-612.08974636 0.48590231
-612.03891073 0.41902398
-611.96823899 0.35513606
-611.87179762 0.29280617
-611.73740858 0.23027812
-611.5633699 0.16349678
-611.5633699 0.14870659
-611.32530133 0.23868237
-611.21179209 0.29714594
-611.12340601 0.36041673
-611.05357688 0.43164228
-611.00983248 0.49802407
-610.9893165 0.55344874
-610.9900827 0.59625657
-611.00774683 0.64034355
-611.04084914 0.68308699
-611.0866338 0.72108208
-611.14063986 0.75102921
-611.19899414 0.7714731
-611.26037881 0.78228955
-611.32173108 0.7831845
-611.38236661 0.77440822
-611.44148857 0.75583332
-611.49675636 0.72761001
-611.54439773 0.69107359
-611.5633699 0.67129341
-611.60543793 0.71061625
-611.65733068 0.74308668
-611.71435722 0.76630462
-611.77504276 0.78007432
-611.83626336 0.78394292
-611.89730637 0.77811581
-611.95743128 0.76241801
-612.01346698 0.73740829
-612.06382251 0.70333283
-612.10373171 0.66273658
-612.1297309 0.61861738
-612.13920169 0.5753047
-612.13742329 0.55344874
-612.11690732 0.49802407
-612.07316292 0.43164228
-612.00333379 0.36041673
-611.91494771 0.29714594
-611.80143846 0.23868237
-611.5633699 0.14870659
-611.5633699 0.13302899
-611.32864787 0.21670162
-611.21180305 0.27424086
-611.12044812 0.3371926
-611.04699714 0.40942049
-610.99501384 0.48551939
-610.96872389 0.55105369
-610.96571874 0.5661565
-610.96797881 0.61033778
-610.98670204 0.65576969
-611.02048645 0.69988377
-611.06665848 0.73928226
-611.1208449 0.77063072
-611.17928159 0.7924665
-611.24079142 0.80470185
-611.3024065 0.80699757
-611.36359359 0.79959441
-611.42375199 0.78231735
-611.47980095 0.75577068
-611.53028208 0.72015619
-611.5633699 0.68697101
-611.60571844 0.72777732
-611.65771667 0.76178336
-611.71475663 0.78653701
-611.77549628 0.80188252
-611.83690252 0.80731856
-611.89840615 0.8030461
-611.9594533 0.78884923
-612.01703658 0.7651689
-612.06987791 0.73213493
-612.1134109 0.69211615
-612.14483952 0.64708822
-612.16058925 0.60117669
-612.16102106 0.5661565
-612.14131455 0.50474374
-612.09668815 0.43080741
-612.03123734 0.35882389
-611.94823712 0.29477102
-611.83972361 0.2351144
-611.67823458 0.17184847
-611.5633699 0.13302899
-611.5633699 0.11641073
-611.32885639 0.1942881
-611.20830224 0.25113983
-611.11446715 0.31385206
-611.03842752 0.38685151
-610.98283981 0.4657507
-610.95131845 0.53684385
-610.94184829 0.57995529
-610.94564341 0.62551709
-610.96543563 0.67230642
-610.99989127 0.71780952
-611.04642316 0.75863414
-611.10074689 0.79140855
-611.15920682 0.81466281
-611.22076289 0.82834981
-611.28253734 0.83208691
-611.34413913 0.82611159
-611.40514996 0.81020944
-611.46264702 0.78487468
-611.51547671 0.75019699
-611.55915143 0.70860737
-611.5633699 0.70358927
-611.6059564 0.74591971
-611.65800623 0.78150866
-611.71499343 0.80784861
-611.77570446 0.82482789
-611.83719221 0.83189726
-611.89902206 0.82925949
-611.96081339 0.81666609
-612.01970839 0.7944453
-612.07471848 0.76262439
-612.12224279 0.72261062
-612.1580263 0.67770625
-612.1797811 0.63030945
-612.18528489 0.58481289
-612.18489151 0.57995529
-612.16900279 0.51860145
-612.13131091 0.44473105
-612.068306 0.36484097
-611.9838763 0.29246133
-611.88121191 0.23141933
-611.7365962 0.1714266
-611.5633699 0.11641073
-611.5633699 0.09879537
-611.5633699 0
-609.4689748 0
-609.4689748 0
-609.4689748 0
