0 0
0 0
31.41592654 0.1
32.98672286 0.105
34.55751919 0.11
36.12831552 0.115
37.17536788 0.1175949
37.69911184 0.12
38.61458697 0.12149405
39.26990817 0.125
40.08505027 0.12552088
40.8407045 0.13
41.58733509 0.12970575
42.41150082 0.135
43.13725013 0.13409818
43.98229715 0.14
44.64562742 0.13830702
45.55309348 0.145
46.18243279 0.14262843
47.1238898 0.15
47.69776201 0.14690855
48.61092373 0.1536977
48.69468613 0.155
49.25448411 0.15127684
50.10335264 0.15735777
50.26548246 0.16
50.77391991 0.15562999
51.56204344 0.16048712
51.83627878 0.165
52.3215426 0.16001129
53.0724132 0.16422631
53.40707511 0.17
53.88143471 0.16436991
54.579877 0.16786775
54.97787144 0.175
55.40690686 0.16886154
56.05626552 0.17113188
56.54866776 0.18
56.96839994 0.1732279
57.60399022 0.17512897
58.08404188 0.18393435
58.11946409 0.185
58.52187124 0.17764488
59.09973482 0.17857089
59.58894262 0.18689287
59.69026042 0.19
60.08440396 0.18199583
60.65095354 0.1825127
61.12910102 0.19074485
61.26105675 0.195
61.6155677 0.186695
62.1418212 0.18593309
62.63871356 0.19366911
62.83185307 0.2
63.17927308 0.19106741
63.66579367 0.1896433
64.1511692 0.1966245
64.4026494 0.205
64.73687709 0.1955309
65.20594591 0.19345024
65.70169778 0.20047935
65.97344573 0.21
66.30128158 0.19989321
66.73383559 0.19720647
67.21933151 0.203442
67.54424205 0.215
67.86588749 0.20424717
68.29108554 0.20106288
68.76762997 0.20709596
69.11503838 0.22
69.42519472 0.20871463
69.8362784 0.20487202
70.29572907 0.21020704
70.62950752 0.22200409
70.68583471 0.225
70.99035733 0.2130605
71.36828039 0.20868865
71.81959111 0.21319122
72.14622448 0.22408552
72.25663103 0.23
72.55568058 0.21739916
72.92762902 0.21250225
73.34519091 0.21619803
73.69205784 0.22748965
73.82742736 0.235
74.12115601 0.22173097
74.48732318 0.21629243
74.89822906 0.21972099
75.23882341 0.23084911
75.39822369 0.24
75.6821371 0.22620429
76.03710586 0.22010275
76.43506842 0.22288177
76.76380614 0.23309989
76.96902001 0.245
77.22270578 0.23144491
77.54839407 0.22422387
77.94069951 0.22551047
78.28791689 0.23528213
78.53981634 0.25
78.78913541 0.23581975
79.10999817 0.22802172
79.49669584 0.22895552
79.83832175 0.23855667
80.11061267 0.255
80.35567294 0.2401899
80.67184119 0.23180109
81.02934885 0.2320373
81.36516131 0.24076175
81.63286392 0.25610281
81.68140899 0.26
81.91870633 0.24472339
82.22576899 0.23567802
82.57325967 0.23526732
82.89879626 0.24322191
83.15813457 0.25741647
83.25220532 0.265
83.48555332 0.24909106
83.76519888 0.23983367
84.10845261 0.23840579
84.42899328 0.24552574
84.70736747 0.26041381
84.82300165 0.27
85.05248961 0.25345482
85.32820428 0.24361086
85.66707046 0.24175676
85.98317152 0.24867677
86.25730539 0.26336915
86.39379797 0.275
86.61951128 0.25781496
86.891386 0.24737318
87.22600755 0.24507573
87.53785157 0.25178558
87.80791432 0.26628268
87.9645943 0.28
88.18350544 0.26235927
88.44794535 0.25129097
88.75236214 0.24818809
89.07735766 0.25429283
89.33974992 0.26776232
89.53539063 0.285
89.7507758 0.26671852
90.01163184 0.25503587
90.3124314 0.25147938
90.61190638 0.2566146
90.87056986 0.26915086
91.08502629 0.28765215
91.10618695 0.29
91.31811784 0.27107483
91.57546366 0.25876763
91.87275082 0.25474175
92.16862356 0.25962899
92.42382369 0.27199207
92.63531275 0.29026604
92.67698328 0.295
92.88552867 0.27542843
93.13943407 0.2624868
93.43330761 0.25797585
93.7257188 0.26260278
93.97759611 0.27479013
94.18622179 0.29284159
94.24777961 0.3
94.45030476 0.27998505
94.69757511 0.26640575
94.98443114 0.26119426
95.26974297 0.2651241
95.53563049 0.27779876
95.75884466 0.29772892
95.81857593 0.305
96.01791881 0.28433917
96.2619511 0.27011186
96.54565327 0.26438631
96.82786528 0.26803299
97.09053566 0.28052201
97.31089616 0.30022674
97.38937226 0.31
97.58559134 0.28869119
97.80632691 0.27467185
98.0671137 0.26783112
98.34639828 0.2698455
98.60597376 0.28063366
98.82431237 0.29840527
98.96016859 0.315
99.15332019 0.29304135
99.37116581 0.27840554
99.62912025 0.27103328
99.90555052 0.27271013
100.16221708 0.28330011
100.37790622 0.30087174
100.53096491 0.32
100.71874223 0.29761151
100.93107573 0.28238746
101.1831688 0.27432216
101.45353221 0.27528781
101.70433341 0.28505828
101.91512757 0.301567
102.10176124 0.325
102.28663959 0.30196341
102.49623301 0.28611355
102.74567187 0.27749276
103.01344704 0.27809357
103.26165937 0.28765931
103.47006654 0.30398977
103.65455819 0.3271761
103.67255757 0.33
103.85458538 0.30631399
104.06148012 0.28983158
104.30831708 0.28064236
104.57358894 0.28086383
104.81931943 0.29021684
105.02543339 0.30636953
105.20785055 0.32931573
105.2433539 0.335
105.42257792 0.31066344
105.62681352 0.29354203
105.85229589 0.28417547
106.09643943 0.28300769
106.33994194 0.29069332
106.56283845 0.30689235
106.74391801 0.32874887
106.81415022 0.34
106.98854066 0.31524821
107.1877599 0.29753931
107.4083159 0.28750548
107.64750535 0.28564485
107.88603786 0.29257028
108.10433937 0.30779493
108.28195348 0.32846414
108.38494655 0.345
108.55667478 0.3196005
108.75335762 0.3012456
108.9716655 0.2906483
109.20877924 0.2883738
109.44522104 0.29504831
109.66139604 0.31009247
109.85437625 0.33307145
109.95574288 0.35
110.12484953 0.32395217
110.31902914 0.30494566
110.53512419 0.29377403
110.77021925 0.29107192
111.00465453 0.29748487
111.21879317 0.31234547
111.4098207 0.33511169
111.5265392 0.355
111.69118536 0.32854848
111.88069156 0.30895924
112.09219108 0.29710751
112.32275407 0.29368916
112.55277098 0.29934652
112.76285513 0.31330562
112.95046985 0.33489356
113.09733553 0.36
113.25948423 0.33290368
113.44659301 0.31265748
113.65598153 0.30021402
113.88467056 0.29634214
114.11289012 0.30171835
114.32116401 0.31549518
114.50700781 0.33689577
114.66813186 0.365
114.82781869 0.33725873
115.0125581 0.31635076
115.21986338 0.30330553
115.44672366 0.29896663
115.6732166 0.30405016
115.87976054 0.31763978
116.06390336 0.33885527
116.2235126 0.36671642
116.23892818 0.37
116.39618767 0.34161379
116.57858464 0.32003951
116.78383264 0.30638271
117.00890657 0.30156336
117.2337404 0.30634246
117.43863236 0.31973957
117.62114317 0.34077176
117.77928448 0.36839704
117.80972451 0.375
117.96292711 0.34622613
118.14101736 0.32407641
118.34200748 0.30972424
118.56296521 0.30415417
118.78394216 0.30816255
118.98537452 0.32070819
119.16493575 0.34069476
119.3208273 0.36703552
119.38052084 0.38
119.53140253 0.35058565
119.70723939 0.32776628
119.90625131 0.31278773
120.12553075 0.30671245
120.34501319 0.31039406
120.54498548 0.32274122
120.72308537 0.34255972
120.87762246 0.36869822
120.95131716 0.385
121.09990844 0.3549456
121.27351498 0.33145282
121.47056892 0.31583893
121.6714031 0.30939583
121.88953751 0.31197841
122.08845992 0.3233644
122.26576945 0.34222644
122.41984127 0.36735199
122.52211349 0.39
122.66844401 0.35930616
122.83984243 0.33513642
123.01848249 0.31986297
123.21760565 0.31218248
123.43441129 0.31362934
123.63234582 0.32404109
123.80891956 0.3419567
123.96254738 0.3660957
124.09290982 0.395
124.23553142 0.3639353
124.40293917 0.33920056
124.57791192 0.32328222
124.773478 0.31487976
124.98681873 0.31553788
125.1817599 0.32514625
125.35576928 0.34215184
125.52205263 0.36795865
125.66370614 0.4
125.80415919 0.36830114
125.96943486 0.34288799
126.14266817 0.32636328
126.33677134 0.31742996
126.53254732 0.31730613
126.72663269 0.32592773
126.90003563 0.34201718
127.0659191 0.36680436
127.20746002 0.39776787
127.23450247 0.405
127.37281339 0.37266798
127.52074668 0.3485613
127.69163729 0.33064754
127.88396199 0.32040162
128.07856347 0.31915433
128.27183163 0.32676645
128.44468181 0.34193784
128.61020568 0.36572287
128.75164274 0.39563912
128.8052988 0.41
128.94149334 0.37703595
129.08750838 0.35230577
129.25664791 0.333764
129.44751241 0.32295292
129.6409806 0.32129217
129.8332128 0.32862788
130.00504407 0.34362056
130.16944488 0.36723669
130.30982373 0.39695447
130.37609512 0.415
130.50888335 0.38168257
130.65151327 0.35645589
130.8171681 0.337272
131.00465707 0.3257173
131.19517377 0.32330246
131.38476205 0.32984618
131.56949052 0.3457005
131.73111814 0.36909159
131.86906507 0.39842167
131.94689145 0.42
132.0776439 0.3860566
132.21841647 0.36020699
132.38236671 0.34038737
132.56844382 0.32824957
132.75790362 0.32539841
132.94657535 0.33164662
133.13033598 0.34730153
133.29096658 0.37053385
133.42794958 0.39968696
133.51768778 0.425
133.64642761 0.39043214
133.78535803 0.36395803
133.94761345 0.34349706
134.13229059 0.33076605
134.32071854 0.32746656
134.50851712 0.33340852
134.67642194 0.34719302
134.83693333 0.36946245
134.9739538 0.3976526
135.0884841 0.43
135.21523392 0.39480932
135.35233697 0.36770933
135.51290667 0.34660162
135.68069962 0.33400747
135.86794958 0.32946274
136.05512859 0.33430249
136.22277368 0.34714059
136.38321354 0.36845074
136.52030371 0.39569631
136.64720207 0.43100369
136.65928043 0.435
136.78288914 0.39947404
136.91683089 0.3718923
137.07410247 0.35014555
137.23893863 0.33685571
137.42340684 0.3315297
137.60820632 0.33556342
137.78871542 0.34909649
137.94670098 0.37024808
138.08159016 0.39720982
138.20642265 0.43204278
138.23007676 0.44
138.35176652 0.40385798
138.48393445 0.37565235
138.63955835 0.35325332
138.80313447 0.33939143
138.98662024 0.33357085
139.17067165 0.33725501
139.33575159 0.34907242
139.49377828 0.36928202
139.62881898 0.39534132
139.7538947 0.42917873
139.80087308 0.445
139.92066437 0.4082439
140.05107166 0.37941357
140.20505491 0.35635764
140.36737678 0.34191544
140.54989585 0.3355887
140.73323211 0.33891181
140.89769651 0.35050597
141.05502683 0.37055257
141.18933845 0.39647017
141.31362629 0.43012852
141.37166941 0.45
141.48958225 0.41263194
141.61824176 0.38317627
141.77059091 0.35945908
141.93166341 0.3444285
142.11322996 0.33758411
142.2958822 0.34053458
142.45977362 0.3518974
142.61645646 0.37177721
142.75008121 0.3975543
142.8736149 0.43103923
142.94246574 0.455
143.05747161 0.41731533
143.18316925 0.38739454
143.3323831 0.36304544
143.490621 0.34730953
143.66955068 0.33965826
143.85003783 0.34177805
144.01228934 0.35233522
144.16759741 0.37131524
144.31291585 0.39902549
144.43456135 0.43213543
144.51326207 0.46
144.62645267 0.42171078
144.75045021 0.39116794
144.8980617 0.3661541
145.05507042 0.34981794
145.21809846 0.34193149
145.39802713 0.3428315
145.56025271 0.35237859
145.71580527 0.3704061
145.86149415 0.39716249
145.98351813 0.42935174
146.08405839 0.465
146.195452 0.42610866
146.31776104 0.39494366
146.46377526 0.36926147
146.6195569 0.35231772
146.78173559 0.34392258
146.94614988 0.34398023
147.108349 0.35249095
147.26418122 0.36955171
147.41029012 0.3953552
147.53273314 0.42663818
147.64431 0.46565978
147.65485472 0.47
147.76446924 0.43050908
147.88510117 0.39872201
148.02952284 0.37236807
148.18407878 0.35480963
148.34541472 0.34589584
148.50928009 0.34555329
148.67106721 0.35378049
148.82647033 0.37064793
148.97204166 0.39630351
149.09389096 0.42744696
149.20480858 0.46628394
149.22565105 0.475
149.3325667 0.43521168
149.45041606 0.40297777
149.59184696 0.37600275
149.74366609 0.35773415
149.90265689 0.34806188
150.06461959 0.34693606
150.22491106 0.35435385
150.37914362 0.37035756
150.5237906 0.39504511
150.64497259 0.42516562
150.7553738 0.46279263
150.79644737 0.48
150.90164053 0.43962013
151.01785574 0.40676861
151.15772121 0.37912034
151.30832724 0.36022738
151.46649113 0.3500195
151.62794365 0.34847286
151.78789416 0.35558849
151.94179473 0.37138807
152.08600975 0.39592946
152.20668457 0.42592528
152.31649205 0.46339581
152.3672437 0.485
152.47073081 0.44403142
152.58532229 0.41056286
152.72362603 0.38223868
152.87301826 0.36271498
153.030358 0.35196207
153.19131445 0.34998377
153.35095252 0.35678718
153.50456072 0.37237543
153.64838731 0.39676768
153.76859151 0.42664033
153.87783443 0.46395995
153.93804003 0.49
154.03897852 0.44874826
154.15092042 0.41484807
154.28634296 0.38591467
154.43306895 0.36568258
154.58811758 0.35416183
154.74724395 0.35138483
154.9055029 0.35736779
155.05810001 0.37209873
155.20117885 0.39555908
155.32086142 0.424475
155.42969625 0.46068674
155.50883635 0.495
155.60812081 0.45316796
155.71847873 0.418656
155.83967964 0.39137763
155.98424047 0.36971094
156.13783973 0.35682771
156.29629802 0.35279215
156.45457497 0.35763617
156.60766009 0.37133923
156.75145117 0.39384945
156.87181136 0.42192646
156.98126423 0.4572779
157.07963268 0.5
157.17734296 0.45762717
157.28628228 0.42261213
157.4062447 0.39488702
157.54965067 0.37280838
157.70227753 0.35959832
157.85989182 0.35530497
158.01741494 0.35992645
158.16984248 0.37339694
158.31312277 0.39561692
158.43320427 0.42334456
158.54260069 0.45823982
158.641158 0.5003816
158.65042901 0.505
158.7473315 0.46250847
158.85528597 0.42733252
158.97410059 0.39940428
159.11610926 0.37705223
159.2673003 0.36351528
159.42357842 0.35884218
159.57999933 0.36303405
159.73164728 0.37602896
159.87449292 0.39772938
160.00587845 0.42805751
160.11428864 0.46311169
160.21202715 0.50537203
160.22122533 0.51
160.31655265 0.46769135
160.4225919 0.43254575
160.55138721 0.40208075
160.69163072 0.38019945
160.84067239 0.36694952
160.9945747 0.36237774
161.14861148 0.36648503
161.29808368 0.37921227
161.43911708 0.4004657
161.56912169 0.43016851
161.67664559 0.46449539
161.77380981 0.50586809
161.79202166 0.515
161.8865799 0.47257481
161.99168492 0.43727278
162.11927685 0.40658965
162.25818514 0.38444075
162.40585579 0.37087266
162.55847716 0.3659327
162.71144648 0.3696245
162.86014874 0.38189258
163.00073481 0.40264528
163.13058733 0.4318041
163.23818103 0.46559368
163.33556263 0.50638045
163.36281799 0.52
163.45661945 0.47745993
163.56080629 0.44200352
163.68721602 0.41110498
163.82481165 0.38869173
163.97113127 0.37480924
164.12248487 0.36950528
164.27439026 0.37278607
164.42231653 0.38459968
164.56244219 0.40485667
164.69212597 0.43347718
164.80998451 0.47044207
164.9065687 0.51135125
164.93361431 0.525
165.02667101 0.48234666
165.12995531 0.44673789
165.25520351 0.41562662
165.39150852 0.39295221
165.53649681 0.37875903
165.68659584 0.3730952
165.83744126 0.37596939
165.98458611 0.38733318
166.1242389 0.40709942
166.2537378 0.43518717
166.37164791 0.47157189
166.46843264 0.51190464
166.50441064 0.53
166.59601356 0.48752588
166.70823981 0.44877434
166.83227093 0.41829278
166.96695432 0.39607809
167.10997242 0.38217444
167.25788298 0.37662812
167.41990236 0.38011717
167.56446467 0.39200793
167.70155481 0.41212604
167.82869235 0.44039515
167.94455052 0.47679456
168.04877174 0.52139333
168.07520697 0.535
168.16609944 0.49241457
168.277374 0.45349782
168.40028882 0.42280628
168.53373674 0.40033573
168.67548152 0.38612928
168.83563361 0.38011044
168.99638505 0.38399127
169.1396839 0.39619156
169.27552565 0.41657247
169.40151471 0.44505958
169.51637441 0.48163393
169.61976543 0.52636488
169.64600329 0.54
169.73619625 0.49730479
169.84653486 0.45822492
169.96835232 0.42732592
170.10058494 0.4046025
170.24107459 0.3900967
170.39993421 0.38369865
170.55960505 0.38714808
170.70218149 0.39891058
170.83758343 0.41881532
170.96339624 0.44678683
171.0782975 0.48280125
171.18189353 0.52691947
171.21679962 0.545
171.30630373 0.5021965
171.41572176 0.46295557
171.53646034 0.43185159
171.66749739 0.40887824
171.80674983 0.39407651
171.96433036 0.3873034
172.1229246 0.39032591
172.2647738 0.40165494
172.39972498 0.4210881
172.52534722 0.44854912
172.64027487 0.48400963
172.74406154 0.52752247
172.78759595 0.55
172.88507477 0.50347723
172.99371594 0.46500506
173.11332263 0.43450812
173.242865 0.41198381
173.38030588 0.39747302
173.53567739 0.39083502
173.69201854 0.39380171
173.84438136 0.40631944
173.97694585 0.42609883
174.10035426 0.45374722
174.21333944 0.48923984
174.31549542 0.53263015
174.35839227 0.555
174.45513973 0.50835815
174.56288981 0.46972524
174.68145816 0.43902588
174.80985415 0.41625647
174.95879189 0.40050841
175.11321856 0.39430229
175.26838935 0.39764993
175.41947275 0.41049608
175.55087334 0.43053095
175.67320393 0.45839295
175.78524312 0.49405894
175.88660348 0.53758285
175.9291886 0.56
176.02521557 0.51324065
176.13208881 0.47444895
176.24963583 0.44354952
176.37690354 0.42053777
176.52456746 0.40447602
176.6777886 0.39790496
176.83194032 0.40083887
176.98227606 0.41322618
177.1132565 0.43280293
177.23540575 0.46017022
177.34746388 0.49530078
177.44899644 0.53824127
177.49998493 0.565
177.59530205 0.51812469
177.70131237 0.47917611
177.81785465 0.44807892
177.94401182 0.42482757
178.09041954 0.40845557
178.24244732 0.40152344
178.39558402 0.40404779
178.54516774 0.41598063
178.67571835 0.43510354
178.79767352 0.46198084
178.90973693 0.49658147
179.01142859 0.53894518
179.07078125 0.57
179.16471047 0.52330717
179.26903766 0.48439281
179.38362208 0.45318242
179.5076136 0.42966871
179.65156426 0.41283767
179.80124372 0.40526564
179.95236334 0.40697304
180.10042939 0.4179189
180.24150045 0.4380144
180.36220715 0.46439439
180.47333621 0.49835273
180.57438542 0.53992307
180.64157758 0.575
180.73482748 0.52819307
180.83833151 0.48912573
180.95195867 0.45772352
181.07489055 0.4339783
181.21763624 0.41684829
181.36615885 0.40892885
181.51627736 0.41024236
181.66358124 0.42075118
181.80416636 0.44036914
181.92466251 0.4662757
182.03577344 0.49972326
182.13695545 0.54073938
182.21237391 0.58
182.30495423 0.53308043
182.4076478 0.49386191
182.52033282 0.46227003
182.64222137 0.43829582
182.78377868 0.42087005
182.93115653 0.41260681
183.08027902 0.41353032
183.22681816 0.42360617
183.36690854 0.44275091
183.48718275 0.4681884
183.59826301 0.50113018
183.69956553 0.54159803
183.78317024 0.585
183.87509051 0.53796923
183.97698601 0.49860128
184.0887437 0.46682187
184.20960489 0.44262117
184.34999013 0.42490279
184.49623531 0.41629929
184.64436708 0.41683664
184.79013931 0.42648357
184.92972659 0.44515937
185.04976785 0.47013207
185.16080517 0.50257298
185.26221611 0.54249839
185.35396656 0.59
185.44459526 0.54314832
185.54493267 0.50382091
185.65488173 0.47194438
185.78494101 0.44565567
185.92365333 0.42826183
186.06800301 0.41981759
186.21416443 0.42034782
186.35805673 0.42982243
186.49599383 0.44816378
186.62517934 0.47528317
186.73442932 0.50780877
186.83429817 0.54768428
186.92476289 0.595
187.01475895 0.54803882
187.11433378 0.50856553
187.22339788 0.47650683
187.35238312 0.44997715
187.48996954 0.4322971
187.63322916 0.42352127
187.77843125 0.42367608
187.92157191 0.43273439
188.05900467 0.45062119
188.18793172 0.47724826
188.2971339 0.50928687
188.39709945 0.54863612
188.48776861 0.5953791
188.49555922 0.6
188.58498712 0.55296719
188.68394934 0.51345838
188.79230504 0.48139385
188.92035229 0.45487282
189.05680036 0.43718463
189.19875691 0.42834121
189.34260656 0.42832421
189.48452022 0.43706842
189.6210355 0.45447396
189.74949473 0.48044267
189.86821914 0.51492269
189.96782862 0.55403115
190.05854219 0.60041676
190.06635554 0.605
190.15591879 0.55836545
190.25469918 0.51921172
190.36249447 0.48743577
190.48947447 0.46111992
190.62443876 0.44348403
190.76466069 0.43450619
190.90677383 0.4341486
191.04721646 0.44234613
191.18273536 0.45901755
191.31077506 0.48409527
191.42964907 0.51756136
191.5298227 0.55565831
191.62141145 0.60097215
191.63715187 0.61
191.72623402 0.56404481
191.82410993 0.5254311
191.94060663 0.49153604
192.06626184 0.46612572
192.19927461 0.44913205
192.34869036 0.44015862
192.49978703 0.44092833
192.64846615 0.45135739
192.78039649 0.46949116
192.90495102 0.49576297
193.02068855 0.53020513
193.12687833 0.57292906
193.2079482 0.615
193.29715138 0.56945241
193.39485135 0.53120161
193.5107568 0.49762651
193.63538657 0.47242426
193.76699803 0.45549151
193.91464368 0.44638346
194.06397681 0.44678875
194.21119012 0.45662383
194.35286025 0.47583362
194.4764007 0.50188762
194.59155296 0.53599887
194.69756297 0.5783122
194.77874452 0.62
194.86805971 0.57486671
194.96558181 0.53698411
195.08090658 0.50373412
195.20453737 0.47874584
195.34587283 0.46084021
195.49205108 0.45232907
195.63963714 0.45309821
195.7851085 0.46306562
195.92529873 0.4821989
196.04785114 0.5080292
196.16242837 0.54180445
196.268256 0.58370142
196.34954085 0.625
196.43837174 0.58054613
196.54419363 0.54015808
196.65880136 0.50800325
196.78112625 0.4838857
196.92044292 0.46663899
197.06416052 0.4584627
197.20913521 0.45922679
197.35216805 0.46885161
197.49036575 0.48732404
197.62140386 0.51471419
197.7345816 0.54805365
197.83948819 0.58933567
197.92033718 0.63
198.00926616 0.58596946
198.11488349 0.54598829
198.22891237 0.51415948
198.36067545 0.48861806
198.49900497 0.47213681
198.64129541 0.46451701
198.78461316 0.46561427
198.9260071 0.47535269
199.06280551 0.49374025
199.19283089 0.52088033
199.30546685 0.55387526
199.41019433 0.59473295
199.4911335 0.635
199.58861055 0.58778696
199.69472184 0.54890105
199.80881006 0.5180639
199.9400975 0.49345073
200.07741805 0.47771455
200.22919684 0.47043989
200.38168254 0.47301074
200.53150907 0.48535252
200.66563331 0.50561311
200.79295757 0.53450984
200.90323102 0.5690741
201.00580535 0.61149536
201.06192983 0.64
201.15948268 0.59326057
201.26535709 0.55478652
201.37885551 0.52427698
201.50910819 0.49989304
201.64505583 0.4842226
201.79515131 0.47680425
201.94598863 0.47898988
202.09445913 0.49070423
202.22775915 0.51018005
202.35476063 0.53812105
202.47406155 0.57481624
202.5765298 0.61678548
202.63272616 0.645
202.72972564 0.59899789
202.83464779 0.56110007
202.95641303 0.52882274
203.08522409 0.50531037
203.22969312 0.48941105
203.37747558 0.48295954
203.52569727 0.4857449
203.6715636 0.49770817
203.81255814 0.51895725
203.93727505 0.54723652
204.0546738 0.58407851
204.15575452 0.62603905
204.20352248 0.65
204.30058392 0.60448075
204.40527484 0.56700234
204.52642166 0.53508431
204.65423937 0.51180343
204.79730141 0.4959766
204.94349181 0.48938499
205.09015624 0.49180012
205.23472322 0.5031611
205.37485208 0.52358863
205.49923792 0.55092932
205.61676997 0.58668709
205.71834536 0.62753728
205.77431881 0.655
205.87143328 0.60997029
205.97589115 0.57291638
206.09642945 0.54136248
206.22327776 0.5183187
206.36497092 0.50257319
206.50960992 0.49585447
206.66506854 0.49839715
206.808122 0.50980149
206.94699617 0.53007027
207.07055522 0.55711126
207.18762496 0.5924522
207.28908544 0.63283703
207.34511514 0.66
207.44227379 0.61546643
207.54649672 0.57884203
207.66643598 0.54765698
207.80222365 0.52343673
207.94285755 0.50842356
208.09636648 0.50209332
208.25009852 0.50556624
208.40142586 0.51880334
208.53836703 0.54016917
208.66024651 0.56813575
208.77582025 0.60435536
208.87608868 0.64554015
208.91591146 0.665
209.0125098 0.62120618
209.12471332 0.58249727
209.24374993 0.55239589
209.37802056 0.529062
209.51667593 0.51462773
209.66775572 0.50856386
209.81900511 0.511933
209.96807014 0.52470162
210.10329855 0.54531271
210.23310041 0.57472009
210.34752256 0.61037489
210.45509859 0.65458918
210.48670779 0.67
210.583337 0.62671106
210.69527751 0.58847149
210.81371993 0.55873847
210.94699938 0.53566156
211.09429541 0.52060796
211.2439235 0.5150363
211.39360361 0.5186428
211.5412004 0.53140855
211.68471101 0.55360648
211.81331354 0.58329726
211.926875 0.61913961
212.03383767 0.66349531
212.05750412 0.675
212.15415564 0.63222231
212.26583108 0.59445722
212.38368808 0.56509697
212.5159992 0.54228258
212.66195487 0.52732091
212.8100819 0.52161909
212.95829369 0.52485612
213.10465097 0.53700753
213.24731369 0.55835267
213.37556877 0.58704711
213.48921409 0.62180819
213.59662824 0.66494962
213.62830044 0.68
213.72496579 0.63773985
213.83637404 0.60045428
213.96288208 0.56956985
214.09455867 0.54764184
214.23940606 0.5333994
214.38613393 0.52816777
214.54258507 0.53216587
214.68736081 0.54489477
214.82858384 0.56663992
214.95571791 0.595588
215.06855309 0.63051207
215.17538345 0.67377036
215.19909677 0.685
215.3034686 0.64036112
215.41438572 0.60434661
215.53987012 0.5745692
215.6794909 0.55227459
215.82250594 0.53919042
215.97669357 0.53475438
216.13059072 0.53980956
216.28233831 0.5544131
216.42102065 0.57717754
216.54593627 0.60692011
216.6568991 0.64247367
216.76206676 0.68627199
216.7698931 0.69
216.87425576 0.64592756
216.98488716 0.61039235
217.10974447 0.58101494
217.24835932 0.55899071
217.39962814 0.54542624
217.55236934 0.54142903
217.70476102 0.54665715
217.85514014 0.56118681
217.99280367 0.58368221
218.11707438 0.61302313
218.23602154 0.6511211
218.34068942 0.695
218.44503423 0.65150047
218.55537811 0.61644927
218.67961717 0.58747619
218.81724863 0.56572785
218.96719792 0.55225202
219.11848963 0.54810774
219.26948064 0.55293627
219.41868737 0.56680568
219.55559648 0.58844674
219.68822272 0.61913746
219.80684608 0.65670621
219.91148575 0.7
220.01580409 0.65707976
220.12585862 0.62251719
220.24948786 0.59395267
220.38615766 0.57248557
220.53482103 0.55910703
220.69407091 0.55485274
220.85293072 0.560443
221.00067775 0.57479748
221.14528956 0.5985094
221.27659731 0.63001451
221.39412489 0.66832885
221.48228208 0.705
221.58596662 0.66287833
221.70366239 0.62664347
221.83515232 0.59748539
221.97048025 0.57743101
222.11724768 0.56516488
222.27417809 0.56167373
222.43064188 0.56763138
222.58527575 0.5831921
222.72779465 0.60721463
222.85738529 0.63881283
222.97356656 0.67705537
223.0530784 0.71
223.15672378 0.66846589
223.27410136 0.63275996
223.40493545 0.60403239
223.54836901 0.58322646
223.7031369 0.57116158
223.85865879 0.56861641
224.01362039 0.57523949
224.16682908 0.59123932
224.3081852 0.61551698
224.43689756 0.64725175
224.55246269 0.68555651
224.62387473 0.715
224.72747258 0.67405958
224.84453001 0.63888727
224.97471706 0.61059439
225.11716102 0.59007643
225.2706397 0.57809698
225.4247684 0.57538971
225.57839375 0.58158602
225.73048621 0.59688221
225.87112538 0.62024047
225.99954406 0.65089069
226.1152002 0.68799809
226.19467106 0.72
226.29821312 0.67965931
226.41494838 0.64502521
226.5444968 0.6171711
226.68597246 0.59694639
226.83819406 0.58506108
226.99994296 0.58230721
227.161123 0.58924485
227.311879 0.60493611
227.4514294 0.62851602
227.57902154 0.65927491
227.69409242 0.69641841
227.76546739 0.725
227.86837001 0.68545929
227.98411419 0.6514868
228.11228805 0.62411351
228.25201413 0.60414245
228.40216806 0.59223007
228.56164092 0.58910051
228.72062514 0.59527636
228.8782546 0.61099147
229.02483112 0.63539398
229.15114225 0.66558981
229.26530992 0.7019986
229.33626371 0.73
229.44719688 0.68839541
229.56291941 0.65556788
229.69069462 0.62921945
229.83837034 0.60919116
229.99622135 0.5980661
230.15430807 0.59632721
230.31182582 0.60360348
230.46804309 0.62022844
230.61339477 0.64539508
230.73872765 0.67623516
230.85206987 0.71324382
230.90706004 0.735
231.01790248 0.69405177
231.14166616 0.6597682
231.27758879 0.63302783
231.42450427 0.61443492
231.58117462 0.60446062
231.74659184 0.60374355
231.9113316 0.61277654
232.06610752 0.63079751
232.21013859 0.65726825
232.33432157 0.68930474
232.44658917 0.72749432
232.47785637 0.74
232.58859973 0.69971419
232.71198959 0.66600916
232.84723174 0.63972564
232.9931664 0.62142449
233.14860781 0.61152767
233.31264846 0.61061684
233.47608194 0.61915232
233.62983292 0.63640211
233.77321238 0.66186389
233.90530157 0.69515029
234.01739272 0.73269869
234.04865269 0.745
234.15869148 0.70556929
234.28102661 0.67255367
234.41485384 0.64675565
234.55904041 0.62869664
234.72098814 0.61845469
234.88281239 0.61762122
235.04408589 0.62584025
235.19598167 0.64241656
235.33790377 0.66688784
235.46898409 0.6989074
235.58836539 0.73796709
235.61944902 0.75
235.72937666 0.7112393
235.85134213 0.67880819
235.98451626 0.65347398
236.13622825 0.63494119
236.29695595 0.62530108
236.46588983 0.6249732
236.63424732 0.63437496
236.79330069 0.65292389
236.93409916 0.6785696
237.06412952 0.71175289
237.18250909 0.75197772
237.19024535 0.755
237.30005374 0.7169151
237.42164768 0.68507264
237.56252035 0.65893622
237.71331545 0.64125527
237.87283654 0.63219521
238.04040517 0.63214985
238.20745352 0.64152537
238.36543564 0.65978328
238.50550098 0.68495981
238.6350911 0.71752853
238.75330741 0.75703079
238.76104167 0.76
238.87808043 0.72042138
239.00699963 0.6880952
239.14667166 0.66359801
239.30408429 0.64653793
239.46984854 0.6386563
239.64341202 0.64030638
239.80824689 0.65117712
239.96422097 0.67069263
240.10253476 0.69694282
240.23048414 0.73050776
240.331838 0.765
240.44872836 0.72614842
240.57723093 0.69444062
240.71620829 0.67041884
240.87261386 0.65366478
241.03715874 0.64584214
241.20938807 0.64724886
241.38119834 0.65832956
241.53619178 0.67750192
241.68188575 0.70503917
241.8092811 0.73852309
241.90263433 0.77
242.01936807 0.73188128
242.1474526 0.70079587
242.2857438 0.67725292
242.44116293 0.66080994
242.61266981 0.65290104
242.78357009 0.65452028
242.95413303 0.6654994
243.10816529 0.68432377
243.25317237 0.71131199
243.38019248 0.74413047
243.47343065 0.775
243.58999964 0.73761986
243.71766468 0.70716074
243.86340235 0.68301177
244.01785492 0.66737495
244.18810547 0.66000089
244.36577321 0.66212614
244.53511443 0.67344255
244.69623043 0.69363693
244.84041128 0.72113848
244.96676357 0.75440061
245.04422698 0.78
245.16002696 0.74352711
245.28661188 0.71378449
245.43088996 0.69015518
245.59164296 0.6741952
245.7598183 0.6671926
245.93527745 0.66927205
246.11055438 0.68087787
246.26990194 0.70070806
246.41269985 0.72758607
246.54580541 0.76236448
246.61502331 0.785
246.73064696 0.74927262
246.86476338 0.71862367
247.00839145 0.69602575
247.16814504 0.6808713
247.34304421 0.67427036
247.52510475 0.67727046
247.69920061 0.68960955
247.85761582 0.70998607
247.99966904 0.73731308
248.13213505 0.77250002
248.18581963 0.79
248.30905551 0.75298833
248.44284415 0.72357076
248.59375333 0.7010353
248.76039128 0.6866554
248.9339524 0.68139025
249.11467045 0.68536269
249.28764083 0.69838258
249.4451714 0.71926886
249.58651712 0.74701547
249.71837419 0.78258198
249.75661596 0.795
249.87963971 0.75878956
250.01296357 0.73003346
250.1631254 0.70801333
250.32874916 0.69393948
250.50894381 0.68867457
250.69618551 0.69313419
250.86805953 0.7063595
251.02474203 0.72725046
251.16546538 0.75487179
251.29687672 0.79021053
251.32741229 0.8
251.44960425 0.76474834
251.58179715 0.73673167
251.73048323 0.71523192
251.8943177 0.70139923
252.07244893 0.69602527
252.25748763 0.6999354
252.43512018 0.71296457
252.59794488 0.73418059
252.74513222 0.76285795
252.87546266 0.79780441
252.89820861 0.805
253.02017709 0.77055616
253.15969262 0.74186432
253.31543405 0.72053482
253.48591022 0.70749555
253.67037185 0.70335978
253.86179748 0.70892725
254.03847359 0.72337535
254.2005406 0.74596667
254.34700093 0.77605093
254.46900494 0.81
254.59074203 0.77636928
254.72976318 0.74838025
254.88474067 0.72758358
255.05421238 0.71485014
255.23747678 0.71072838
255.42762597 0.71594205
255.61085099 0.73050199
255.77210727 0.75253984
255.91803842 0.7818756
256.03980127 0.815
256.16896032 0.7804178
256.30754249 0.75365691
256.46173907 0.73387201
256.6377706 0.72152884
256.82730725 0.71822561
257.02379184 0.72464938
257.20609231 0.74014445
257.36665681 0.76300498
257.51197166 0.79314531
257.61059759 0.82
257.73886312 0.78642629
257.88391652 0.75923757
258.04420135 0.7397152
258.22576543 0.72814378
258.42052641 0.72588343
258.61485797 0.73316277
258.79538115 0.74916983
258.95449871 0.77232788
259.09856258 0.8026171
259.18139392 0.825
259.30938737 0.79229585
259.45390589 0.76583762
259.61340535 0.74685098
259.79392884 0.73557748
259.98747897 0.73328585
260.18802213 0.7405996
260.36753713 0.75621405
260.52592259 0.77874408
260.66951707 0.80821151
260.75219025 0.83
260.87990376 0.79817052
261.02388658 0.77244591
261.19013406 0.75334302
261.37697433 0.74252166
261.57660596 0.74101625
261.77598177 0.74897846
261.95465761 0.76497385
262.11995423 0.78908098
262.2630282 0.81922831
262.32298657 0.835
262.45795054 0.80249658
262.60895227 0.77695129
262.77425631 0.75930233
262.95985289 0.74955995
263.16550548 0.74883426
263.36376761 0.7573841
263.54910081 0.77461104
263.7138307 0.7994082
263.85640953 0.83019793
263.8937829 0.84
264.02779285 0.80855281
264.17750939 0.78381796
264.34864827 0.76612127
264.53957584 0.75675889
264.75022078 0.75663769
264.95376499 0.76597539
265.13746782 0.78353294
265.30084875 0.80846398
265.44231241 0.83922865
265.46457923 0.845
265.59826741 0.81448321
265.74741062 0.790507
265.91771937 0.77336679
266.10760033 0.76428304
266.31701413 0.76407299
266.52660451 0.77338734
266.70937136 0.79042621
266.87207672 0.81458275
267.01314882 0.84440299
267.03537556 0.85
267.17616738 0.81903137
267.33212003 0.79536835
267.50873297 0.77912317
267.7044711 0.77123267
267.91968568 0.77239164
268.1283637 0.78285301
268.31061597 0.80088747
268.47291368 0.8260491
268.60617188 0.855
268.74660197 0.82501634
268.9019391 0.80213387
269.07769423 0.78643904
269.27953925 0.77868527
269.50062593 0.78022102
269.7082408 0.79075266
269.89702471 0.80950318
270.05881743 0.83471862
270.17696821 0.86
270.31638513 0.83111819
270.47770805 0.80823331
270.65892589 0.79303042
270.86567699 0.78602896
271.0915099 0.78838346
271.30440752 0.79988048
271.49179594 0.81916376
271.65244091 0.84477091
271.74776454 0.865
271.89413414 0.83588313
272.05475918 0.81425747
272.24213967 0.7996108
272.45462173 0.79344107
272.68619168 0.79673987
272.89827119 0.80886237
273.08514603 0.82862326
273.24540624 0.85463402
273.31856086 0.87
273.46452521 0.84192228
273.63173342 0.82036442
273.81809218 0.80665413
274.03635769 0.80098516
274.27365239 0.80489367
274.49196662 0.81784475
274.67836293 0.83803185
274.83826394 0.86439372
274.88935719 0.875
275.03490844 0.84796603
275.2014364 0.82723991
275.39397319 0.81374671
275.61796637 0.80858071
275.86095858 0.81306877
276.07841803 0.82621595
276.26424072 0.84638728
276.42373988 0.87259932
276.46015352 0.88
276.61184792 0.8530436
276.78400748 0.83294693
276.98152753 0.82039997
277.20998784 0.81623389
277.45756787 0.82165106
277.67340411 0.83528793
277.85799823 0.85574818
278.01647977 0.88210321
278.03094984 0.885
278.18219497 0.85913582
278.35364447 0.83988526
278.55718377 0.82762561
278.79125091 0.82394046
279.04447407 0.82985519
279.26655507 0.84418452
279.45076327 0.86489848
279.60174617 0.89
279.75969305 0.86427154
279.93738424 0.84569359
280.14658351 0.83443935
280.39281015 0.83182827
280.64495185 0.83868351
280.86657195 0.85366832
281.05055786 0.87495444
281.1725425 0.895
281.32999789 0.87041593
281.51395945 0.85217619
281.72889626 0.84159474
281.98051639 0.83970545
282.23838062 0.84721442
282.45943842 0.86246838
282.64309613 0.88387845
282.74333882 0.9
282.90668023 0.87579338
283.09590437 0.85835981
283.31543598 0.84872965
283.57794734 0.84776534
283.84049481 0.85618801
284.06026353 0.87195511
284.24297155 0.89373776
284.31413515 0.905
284.48398774 0.88118833
284.67918032 0.86458558
284.91088857 0.85580719
285.18522356 0.85609089
285.4538144 0.86580026
285.67362698 0.88262662
285.85649448 0.90551782
285.88493148 0.91
286.05422042 0.88742564
286.24857878 0.87172519
286.48594656 0.8633532
286.76560409 0.86399845
287.03983994 0.87391683
287.25904144 0.89046145
287.44153945 0.91284609
287.4557278 0.915
287.63067324 0.89304395
287.83684433 0.87787903
288.08497269 0.87063579
288.38169395 0.87268051
288.65434876 0.88361745
288.8727927 0.90102214
289.02652413 0.92
289.2077864 0.8986846
289.41967193 0.88446487
289.67957846 0.87812891
289.98799281 0.88125412
290.26019765 0.89280831
290.4786737 0.91068228
290.59732046 0.925
290.78483072 0.90442288
291.00235481 0.89117339
291.27392768 0.885749
291.59404234 0.88987887
291.87262592 0.90236545
292.09139317 0.92092026
292.16811678 0.93
292.36180546 0.91025642
292.58489539 0.89799724
292.86803373 0.89347799
293.19986265 0.89852915
293.47817827 0.91141039
293.69710122 0.93020718
293.73891311 0.935
293.93787611 0.91624191
294.17213853 0.90478425
294.47186407 0.90133221
294.81403888 0.90745473
295.09125296 0.9208362
295.30970944 0.94
295.51468918 0.92225459
295.76089128 0.91167683
296.07821897 0.90933479
296.43879281 0.91675234
296.71661178 0.93096784
296.88050576 0.945
297.0981473 0.927972
297.35595353 0.91859376
297.69703251 0.91757974
298.06336422 0.92604434
298.34197222 0.94093419
298.45130209 0.95
298.67478467 0.9342024
298.95073075 0.9257077
299.31544787 0.92596866
299.69431752 0.93552504
299.96738074 0.95064535
300.02209842 0.955
300.25703205 0.94026639
300.54954076 0.93295219
300.94247523 0.93458817
301.33281094 0.94519883
301.59289474 0.96
301.84004954 0.94645016
302.15638804 0.94033584
302.59154041 0.94367809
302.98317128 0.95518519
303.16369107 0.965
303.4294531 0.9525957
303.77547004 0.94792455
304.25924024 0.95321558
304.6471739 0.96547961
304.7344874 0.97
305.01863046 0.95897214
305.39402935 0.95577122
305.93957295 0.96299594
306.30528373 0.975
306.61920602 0.96536637
307.04659828 0.964031
307.67907471 0.97390438
307.87608005 0.98
308.22686743 0.97201005
308.71949999 0.97278196
309.42690064 0.98443486
309.44687638 0.985
309.84664008 0.97895619
310.45945843 0.98248153
311.01767271 0.99
311.50314938 0.98634406
312.58846903 0.995
313.2298146 0.9947332
314.10055026 1
314.15926536 1
314.15926536 1
314.15926536 1
