4652.0 10.0 0.001 0.4652
-4652.0 -10.0 0.001 0.4652
6399.0 52.0 0.001 0.123058
0.0 782.0 -1.0 0.001
-56.0 171.0 0.003054 0.001
-168.0 133.0 0.001 0.001263
-386.0 189.0 0.001 0.002042
-128.0 122.0 0.001 0.001049
-59.0 168.0 0.002847 0.001
-3.0 51.0 0.017 0.001
-28.0 176.0 0.006286 0.001
-88.0 143.0 0.001625 0.001
-199.0 206.0 0.001035 0.001
-62.0 129.0 0.002081 0.001
-23.0 180.0 0.007826 0.001
-22.0 213.0 0.009682 0.001
-74.0 189.0 0.002554 0.001
-76.0 184.0 0.002421 0.001
-27.0 198.0 0.007333 0.001
-1.0 51.0 0.051 0.001
-16.0 250.0 0.015625 0.001
-73.0 367.0 0.005027 0.001
-11.0 217.0 0.019727 0.001
-13.0 309.0 0.023769 0.001
-33.0 346.0 0.010485 0.001
-4.0 179.0 0.04475 0.001
-11.0 404.0 0.036727 0.001
-13.0 378.0 0.029077 0.001
-1.0 53.0 0.053 0.001
10.0 -377.0 0.0377 0.001
15.0 -406.0 0.027067 0.001
0.0 -52.0 -1.0 0.001
12.0 404.0 0.033667 0.001
13.0 378.0 0.029077 0.001
0.0 53.0 -1.0 0.001
-9.0 -377.0 0.041889 0.001
-15.0 -406.0 0.027067 0.001
-1.0 -52.0 0.052 0.001
13.0 -310.0 0.023846 0.001
34.0 -345.0 0.010147 0.001
3.0 -179.0 0.059667 0.001
14.0 309.0 0.022071 0.001
33.0 346.0 0.010485 0.001
3.0 179.0 0.059667 0.001
-11.0 404.0 0.036727 0.001
-13.0 378.0 0.029077 0.001
-1.0 53.0 0.053 0.001
10.0 -377.0 0.0377 0.001
15.0 -406.0 0.027067 0.001
0.0 -52.0 -1.0 0.001
12.0 404.0 0.033667 0.001
13.0 378.0 0.029077 0.001
0.0 53.0 -1.0 0.001
-9.0 -377.0 0.041889 0.001
-15.0 -406.0 0.027067 0.001
-1.0 -52.0 0.052 0.001
-12.0 -310.0 0.025833 0.001
-34.0 -345.0 0.010147 0.001
-4.0 -179.0 0.04475 0.001
15.0 -251.0 0.016733 0.001
74.0 -367.0 0.004959 0.001
11.0 -216.0 0.019636 0.001
17.0 250.0 0.014706 0.001
73.0 367.0 0.005027 0.001
10.0 217.0 0.0217 0.001
-13.0 309.0 0.023769 0.001
-33.0 346.0 0.010485 0.001
-4.0 179.0 0.04475 0.001
-11.0 404.0 0.036727 0.001
-13.0 378.0 0.029077 0.001
-1.0 53.0 0.053 0.001
10.0 -377.0 0.0377 0.001
15.0 -406.0 0.027067 0.001
0.0 -52.0 -1.0 0.001
12.0 404.0 0.033667 0.001
13.0 378.0 0.029077 0.001
0.0 53.0 -1.0 0.001
-9.0 -377.0 0.041889 0.001
-15.0 -406.0 0.027067 0.001
-1.0 -52.0 0.052 0.001
13.0 -310.0 0.023846 0.001
34.0 -345.0 0.010147 0.001
3.0 -179.0 0.059667 0.001
14.0 309.0 0.022071 0.001
33.0 346.0 0.010485 0.001
3.0 179.0 0.059667 0.001
-11.0 404.0 0.036727 0.001
-13.0 378.0 0.029077 0.001
-1.0 53.0 0.053 0.001
10.0 -377.0 0.0377 0.001
15.0 -406.0 0.027067 0.001
0.0 -52.0 -1.0 0.001
12.0 404.0 0.033667 0.001
13.0 378.0 0.029077 0.001
0.0 53.0 -1.0 0.001
-9.0 -377.0 0.041889 0.001
-15.0 -406.0 0.027067 0.001
-1.0 -52.0 0.052 0.001
-12.0 -310.0 0.025833 0.001
-34.0 -345.0 0.010147 0.001
-4.0 -179.0 0.04475 0.001
-14.0 -251.0 0.017929 0.001
-74.0 -367.0 0.004959 0.001
-12.0 -216.0 0.018 0.001
20.0 -215.0 0.01075 0.001
60.0 -170.0 0.002833 0.001
90.0 -205.0 0.002278 0.001
29.0 -194.0 0.00669 0.001
1.0 -51.0 0.051 0.001
23.0 213.0 0.009261 0.001
74.0 189.0 0.002554 0.001
76.0 184.0 0.002421 0.001
27.0 198.0 0.007333 0.001
0.0 51.0 -1.0 0.001
-16.0 250.0 0.015625 0.001
-73.0 367.0 0.005027 0.001
-11.0 217.0 0.019727 0.001
-13.0 309.0 0.023769 0.001
-33.0 346.0 0.010485 0.001
-4.0 179.0 0.04475 0.001
-11.0 404.0 0.036727 0.001
-13.0 378.0 0.029077 0.001
-1.0 53.0 0.053 0.001
10.0 -377.0 0.0377 0.001
15.0 -406.0 0.027067 0.001
0.0 -52.0 -1.0 0.001
12.0 404.0 0.033667 0.001
13.0 378.0 0.029077 0.001
0.0 53.0 -1.0 0.001
-9.0 -377.0 0.041889 0.001
-15.0 -406.0 0.027067 0.001
-1.0 -52.0 0.052 0.001
13.0 -310.0 0.023846 0.001
34.0 -345.0 0.010147 0.001
3.0 -179.0 0.059667 0.001
14.0 309.0 0.022071 0.001
33.0 346.0 0.010485 0.001
3.0 179.0 0.059667 0.001
-11.0 404.0 0.036727 0.001
-13.0 378.0 0.029077 0.001
-1.0 53.0 0.053 0.001
10.0 -377.0 0.0377 0.001
15.0 -406.0 0.027067 0.001
0.0 -52.0 -1.0 0.001
12.0 404.0 0.033667 0.001
13.0 378.0 0.029077 0.001
0.0 53.0 -1.0 0.001
-9.0 -377.0 0.041889 0.001
-15.0 -406.0 0.027067 0.001
-1.0 -52.0 0.052 0.001
-12.0 -310.0 0.025833 0.001
-34.0 -345.0 0.010147 0.001
-4.0 -179.0 0.04475 0.001
15.0 -251.0 0.016733 0.001
74.0 -367.0 0.004959 0.001
11.0 -216.0 0.019636 0.001
17.0 250.0 0.014706 0.001
73.0 367.0 0.005027 0.001
10.0 217.0 0.0217 0.001
-13.0 309.0 0.023769 0.001
-33.0 346.0 0.010485 0.001
-4.0 179.0 0.04475 0.001
-11.0 404.0 0.036727 0.001
-13.0 378.0 0.029077 0.001
-1.0 53.0 0.053 0.001
10.0 -377.0 0.0377 0.001
15.0 -406.0 0.027067 0.001
0.0 -52.0 -1.0 0.001
12.0 404.0 0.033667 0.001
13.0 378.0 0.029077 0.001
0.0 53.0 -1.0 0.001
-9.0 -377.0 0.041889 0.001
-15.0 -406.0 0.027067 0.001
-1.0 -52.0 0.052 0.001
13.0 -310.0 0.023846 0.001
34.0 -345.0 0.010147 0.001
3.0 -179.0 0.059667 0.001
14.0 309.0 0.022071 0.001
33.0 346.0 0.010485 0.001
3.0 179.0 0.059667 0.001
-11.0 404.0 0.036727 0.001
-13.0 378.0 0.029077 0.001
-1.0 53.0 0.053 0.001
10.0 -377.0 0.0377 0.001
15.0 -406.0 0.027067 0.001
0.0 -52.0 -1.0 0.001
12.0 404.0 0.033667 0.001
13.0 378.0 0.029077 0.001
0.0 53.0 -1.0 0.001
-9.0 -377.0 0.041889 0.001
-15.0 -406.0 0.027067 0.001
-1.0 -52.0 0.052 0.001
-12.0 -310.0 0.025833 0.001
-34.0 -345.0 0.010147 0.001
-4.0 -179.0 0.04475 0.001
-14.0 -251.0 0.017929 0.001
-74.0 -367.0 0.004959 0.001
-12.0 -216.0 0.018 0.001
-19.0 -215.0 0.011316 0.001
-60.0 -170.0 0.002833 0.001
-90.0 -205.0 0.002278 0.001
-29.0 -194.0 0.00669 0.001
-2.0 -51.0 0.0255 0.001
23.0 -180.0 0.007826 0.001
62.0 -129.0 0.002081 0.001
239.0 -256.0 0.001071 0.001
60.0 -131.0 0.002183 0.001
16.0 -138.0 0.008625 0.001
29.0 176.0 0.006069 0.001
88.0 143.0 0.001625 0.001
199.0 206.0 0.001035 0.001
62.0 129.0 0.002081 0.001
22.0 180.0 0.008182 0.001
-22.0 213.0 0.009682 0.001
-74.0 189.0 0.002554 0.001
-76.0 184.0 0.002421 0.001
-27.0 198.0 0.007333 0.001
-1.0 51.0 0.051 0.001
-16.0 250.0 0.015625 0.001
-73.0 367.0 0.005027 0.001
-11.0 217.0 0.019727 0.001
-13.0 309.0 0.023769 0.001
-33.0 346.0 0.010485 0.001
-4.0 179.0 0.04475 0.001
-11.0 404.0 0.036727 0.001
-13.0 378.0 0.029077 0.001
-1.0 53.0 0.053 0.001
10.0 -377.0 0.0377 0.001
15.0 -406.0 0.027067 0.001
0.0 -52.0 -1.0 0.001
12.0 404.0 0.033667 0.001
13.0 378.0 0.029077 0.001
0.0 53.0 -1.0 0.001
-9.0 -377.0 0.041889 0.001
-15.0 -406.0 0.027067 0.001
-1.0 -52.0 0.052 0.001
13.0 -310.0 0.023846 0.001
34.0 -345.0 0.010147 0.001
3.0 -179.0 0.059667 0.001
14.0 309.0 0.022071 0.001
33.0 346.0 0.010485 0.001
3.0 179.0 0.059667 0.001
-11.0 404.0 0.036727 0.001
-13.0 378.0 0.029077 0.001
-1.0 53.0 0.053 0.001
10.0 -377.0 0.0377 0.001
15.0 -406.0 0.027067 0.001
0.0 -52.0 -1.0 0.001
12.0 404.0 0.033667 0.001
13.0 378.0 0.029077 0.001
0.0 53.0 -1.0 0.001
-9.0 -377.0 0.041889 0.001
-15.0 -406.0 0.027067 0.001
-1.0 -52.0 0.052 0.001
-12.0 -310.0 0.025833 0.001
-34.0 -345.0 0.010147 0.001
-4.0 -179.0 0.04475 0.001
15.0 -251.0 0.016733 0.001
74.0 -367.0 0.004959 0.001
11.0 -216.0 0.019636 0.001
17.0 250.0 0.014706 0.001
73.0 367.0 0.005027 0.001
10.0 217.0 0.0217 0.001
-13.0 309.0 0.023769 0.001
-33.0 346.0 0.010485 0.001
-4.0 179.0 0.04475 0.001
-11.0 404.0 0.036727 0.001
-13.0 378.0 0.029077 0.001
-1.0 53.0 0.053 0.001
10.0 -377.0 0.0377 0.001
15.0 -406.0 0.027067 0.001
0.0 -52.0 -1.0 0.001
12.0 404.0 0.033667 0.001
13.0 378.0 0.029077 0.001
0.0 53.0 -1.0 0.001
-9.0 -377.0 0.041889 0.001
-15.0 -406.0 0.027067 0.001
-1.0 -52.0 0.052 0.001
13.0 -310.0 0.023846 0.001
34.0 -345.0 0.010147 0.001
3.0 -179.0 0.059667 0.001
14.0 309.0 0.022071 0.001
33.0 346.0 0.010485 0.001
3.0 179.0 0.059667 0.001
-11.0 404.0 0.036727 0.001
-13.0 378.0 0.029077 0.001
-1.0 53.0 0.053 0.001
10.0 -377.0 0.0377 0.001
15.0 -406.0 0.027067 0.001
0.0 -52.0 -1.0 0.001
12.0 404.0 0.033667 0.001
13.0 378.0 0.029077 0.001
0.0 53.0 -1.0 0.001
-9.0 -377.0 0.041889 0.001
-15.0 -406.0 0.027067 0.001
-1.0 -52.0 0.052 0.001
-12.0 -310.0 0.025833 0.001
-34.0 -345.0 0.010147 0.001
-4.0 -179.0 0.04475 0.001
-14.0 -251.0 0.017929 0.001
-74.0 -367.0 0.004959 0.001
-12.0 -216.0 0.018 0.001
20.0 -215.0 0.01075 0.001
60.0 -170.0 0.002833 0.001
90.0 -205.0 0.002278 0.001
29.0 -194.0 0.00669 0.001
1.0 -51.0 0.051 0.001
23.0 213.0 0.009261 0.001
74.0 189.0 0.002554 0.001
76.0 184.0 0.002421 0.001
27.0 198.0 0.007333 0.001
0.0 51.0 -1.0 0.001
-16.0 250.0 0.015625 0.001
-73.0 367.0 0.005027 0.001
-11.0 217.0 0.019727 0.001
-13.0 309.0 0.023769 0.001
-33.0 346.0 0.010485 0.001
-4.0 179.0 0.04475 0.001
-11.0 404.0 0.036727 0.001
-13.0 378.0 0.029077 0.001
-1.0 53.0 0.053 0.001
10.0 -377.0 0.0377 0.001
15.0 -406.0 0.027067 0.001
0.0 -52.0 -1.0 0.001
12.0 404.0 0.033667 0.001
13.0 378.0 0.029077 0.001
0.0 53.0 -1.0 0.001
-9.0 -377.0 0.041889 0.001
-15.0 -406.0 0.027067 0.001
-1.0 -52.0 0.052 0.001
13.0 -310.0 0.023846 0.001
34.0 -345.0 0.010147 0.001
3.0 -179.0 0.059667 0.001
14.0 309.0 0.022071 0.001
33.0 346.0 0.010485 0.001
3.0 179.0 0.059667 0.001
-11.0 404.0 0.036727 0.001
-13.0 378.0 0.029077 0.001
-1.0 53.0 0.053 0.001
10.0 -377.0 0.0377 0.001
15.0 -406.0 0.027067 0.001
0.0 -52.0 -1.0 0.001
12.0 404.0 0.033667 0.001
13.0 378.0 0.029077 0.001
0.0 53.0 -1.0 0.001
-9.0 -377.0 0.041889 0.001
-15.0 -406.0 0.027067 0.001
-1.0 -52.0 0.052 0.001
-12.0 -310.0 0.025833 0.001
-34.0 -345.0 0.010147 0.001
-4.0 -179.0 0.04475 0.001
15.0 -251.0 0.016733 0.001
74.0 -367.0 0.004959 0.001
11.0 -216.0 0.019636 0.001
17.0 250.0 0.014706 0.001
73.0 367.0 0.005027 0.001
10.0 217.0 0.0217 0.001
-13.0 309.0 0.023769 0.001
-33.0 346.0 0.010485 0.001
-4.0 179.0 0.04475 0.001
-11.0 404.0 0.036727 0.001
-13.0 378.0 0.029077 0.001
-1.0 53.0 0.053 0.001
10.0 -377.0 0.0377 0.001
15.0 -406.0 0.027067 0.001
0.0 -52.0 -1.0 0.001
12.0 404.0 0.033667 0.001
13.0 378.0 0.029077 0.001
0.0 53.0 -1.0 0.001
-9.0 -377.0 0.041889 0.001
-15.0 -406.0 0.027067 0.001
-1.0 -52.0 0.052 0.001
13.0 -310.0 0.023846 0.001
34.0 -345.0 0.010147 0.001
3.0 -179.0 0.059667 0.001
14.0 309.0 0.022071 0.001
33.0 346.0 0.010485 0.001
3.0 179.0 0.059667 0.001
-11.0 404.0 0.036727 0.001
-13.0 378.0 0.029077 0.001
-1.0 53.0 0.053 0.001
10.0 -377.0 0.0377 0.001
15.0 -406.0 0.027067 0.001
0.0 -52.0 -1.0 0.001
12.0 404.0 0.033667 0.001
13.0 378.0 0.029077 0.001
0.0 53.0 -1.0 0.001
-9.0 -377.0 0.041889 0.001
-15.0 -406.0 0.027067 0.001
-1.0 -52.0 0.052 0.001
-12.0 -310.0 0.025833 0.001
-34.0 -345.0 0.010147 0.001
-4.0 -179.0 0.04475 0.001
-14.0 -251.0 0.017929 0.001
-74.0 -367.0 0.004959 0.001
-12.0 -216.0 0.018 0.001
-19.0 -215.0 0.011316 0.001
-60.0 -170.0 0.002833 0.001
-90.0 -205.0 0.002278 0.001
-29.0 -194.0 0.00669 0.001
-2.0 -51.0 0.0255 0.001
-22.0 -180.0 0.008182 0.001
-62.0 -129.0 0.002081 0.001
-239.0 -256.0 0.001071 0.001
-60.0 -131.0 0.002183 0.001
-17.0 -138.0 0.008118 0.001
40.0 -182.0 0.00455 0.001
113.0 -132.0 0.001168 0.001
250.0 -137.0 0.001 0.001825
250.0 -125.0 0.001 0.002
114.0 -123.0 0.001079 0.001
33.0 -135.0 0.004091 0.001
57.0 171.0 0.003 0.001
168.0 133.0 0.001 0.001263
386.0 189.0 0.001 0.002042
128.0 122.0 0.001 0.001049
59.0 168.0 0.002847 0.001
2.0 51.0 0.0255 0.001
-28.0 176.0 0.006286 0.001
-88.0 143.0 0.001625 0.001
-199.0 206.0 0.001035 0.001
-62.0 129.0 0.002081 0.001
-23.0 180.0 0.007826 0.001
-22.0 213.0 0.009682 0.001
-74.0 189.0 0.002554 0.001
-76.0 184.0 0.002421 0.001
-27.0 198.0 0.007333 0.001
-1.0 51.0 0.051 0.001
-16.0 250.0 0.015625 0.001
-73.0 367.0 0.005027 0.001
-11.0 217.0 0.019727 0.001
-13.0 309.0 0.023769 0.001
-33.0 346.0 0.010485 0.001
-4.0 179.0 0.04475 0.001
-11.0 404.0 0.036727 0.001
-13.0 378.0 0.029077 0.001
-1.0 53.0 0.053 0.001
10.0 -377.0 0.0377 0.001
15.0 -406.0 0.027067 0.001
0.0 -52.0 -1.0 0.001
12.0 404.0 0.033667 0.001
13.0 378.0 0.029077 0.001
0.0 53.0 -1.0 0.001
-9.0 -377.0 0.041889 0.001
-15.0 -406.0 0.027067 0.001
-1.0 -52.0 0.052 0.001
13.0 -310.0 0.023846 0.001
34.0 -345.0 0.010147 0.001
3.0 -179.0 0.059667 0.001
14.0 309.0 0.022071 0.001
33.0 346.0 0.010485 0.001
3.0 179.0 0.059667 0.001
-11.0 404.0 0.036727 0.001
-13.0 378.0 0.029077 0.001
-1.0 53.0 0.053 0.001
10.0 -377.0 0.0377 0.001
15.0 -406.0 0.027067 0.001
0.0 -52.0 -1.0 0.001
12.0 404.0 0.033667 0.001
13.0 378.0 0.029077 0.001
0.0 53.0 -1.0 0.001
-9.0 -377.0 0.041889 0.001
-15.0 -406.0 0.027067 0.001
-1.0 -52.0 0.052 0.001
-12.0 -310.0 0.025833 0.001
-34.0 -345.0 0.010147 0.001
-4.0 -179.0 0.04475 0.001
15.0 -251.0 0.016733 0.001
74.0 -367.0 0.004959 0.001
11.0 -216.0 0.019636 0.001
17.0 250.0 0.014706 0.001
73.0 367.0 0.005027 0.001
10.0 217.0 0.0217 0.001
-13.0 309.0 0.023769 0.001
-33.0 346.0 0.010485 0.001
-4.0 179.0 0.04475 0.001
-11.0 404.0 0.036727 0.001
-13.0 378.0 0.029077 0.001
-1.0 53.0 0.053 0.001
10.0 -377.0 0.0377 0.001
15.0 -406.0 0.027067 0.001
0.0 -52.0 -1.0 0.001
12.0 404.0 0.033667 0.001
13.0 378.0 0.029077 0.001
0.0 53.0 -1.0 0.001
-9.0 -377.0 0.041889 0.001
-15.0 -406.0 0.027067 0.001
-1.0 -52.0 0.052 0.001
13.0 -310.0 0.023846 0.001
34.0 -345.0 0.010147 0.001
3.0 -179.0 0.059667 0.001
14.0 309.0 0.022071 0.001
33.0 346.0 0.010485 0.001
3.0 179.0 0.059667 0.001
-11.0 404.0 0.036727 0.001
-13.0 378.0 0.029077 0.001
-1.0 53.0 0.053 0.001
10.0 -377.0 0.0377 0.001
15.0 -406.0 0.027067 0.001
0.0 -52.0 -1.0 0.001
12.0 404.0 0.033667 0.001
13.0 378.0 0.029077 0.001
0.0 53.0 -1.0 0.001
-9.0 -377.0 0.041889 0.001
-15.0 -406.0 0.027067 0.001
-1.0 -52.0 0.052 0.001
-12.0 -310.0 0.025833 0.001
-34.0 -345.0 0.010147 0.001
-4.0 -179.0 0.04475 0.001
-14.0 -251.0 0.017929 0.001
-74.0 -367.0 0.004959 0.001
-12.0 -216.0 0.018 0.001
20.0 -215.0 0.01075 0.001
60.0 -170.0 0.002833 0.001
90.0 -205.0 0.002278 0.001
29.0 -194.0 0.00669 0.001
1.0 -51.0 0.051 0.001
23.0 213.0 0.009261 0.001
74.0 189.0 0.002554 0.001
76.0 184.0 0.002421 0.001
27.0 198.0 0.007333 0.001
0.0 51.0 -1.0 0.001
-16.0 250.0 0.015625 0.001
-73.0 367.0 0.005027 0.001
-11.0 217.0 0.019727 0.001
-13.0 309.0 0.023769 0.001
-33.0 346.0 0.010485 0.001
-4.0 179.0 0.04475 0.001
-11.0 404.0 0.036727 0.001
-13.0 378.0 0.029077 0.001
-1.0 53.0 0.053 0.001
10.0 -377.0 0.0377 0.001
15.0 -406.0 0.027067 0.001
0.0 -52.0 -1.0 0.001
12.0 404.0 0.033667 0.001
13.0 378.0 0.029077 0.001
0.0 53.0 -1.0 0.001
-9.0 -377.0 0.041889 0.001
-15.0 -406.0 0.027067 0.001
-1.0 -52.0 0.052 0.001
13.0 -310.0 0.023846 0.001
34.0 -345.0 0.010147 0.001
3.0 -179.0 0.059667 0.001
14.0 309.0 0.022071 0.001
33.0 346.0 0.010485 0.001
3.0 179.0 0.059667 0.001
-11.0 404.0 0.036727 0.001
-13.0 378.0 0.029077 0.001
-1.0 53.0 0.053 0.001
10.0 -377.0 0.0377 0.001
15.0 -406.0 0.027067 0.001
0.0 -52.0 -1.0 0.001
12.0 404.0 0.033667 0.001
13.0 378.0 0.029077 0.001
0.0 53.0 -1.0 0.001
-9.0 -377.0 0.041889 0.001
-15.0 -406.0 0.027067 0.001
-1.0 -52.0 0.052 0.001
-12.0 -310.0 0.025833 0.001
-34.0 -345.0 0.010147 0.001
-4.0 -179.0 0.04475 0.001
15.0 -251.0 0.016733 0.001
74.0 -367.0 0.004959 0.001
11.0 -216.0 0.019636 0.001
17.0 250.0 0.014706 0.001
73.0 367.0 0.005027 0.001
10.0 217.0 0.0217 0.001
-13.0 309.0 0.023769 0.001
-33.0 346.0 0.010485 0.001
-4.0 179.0 0.04475 0.001
-11.0 404.0 0.036727 0.001
-13.0 378.0 0.029077 0.001
-1.0 53.0 0.053 0.001
10.0 -377.0 0.0377 0.001
15.0 -406.0 0.027067 0.001
0.0 -52.0 -1.0 0.001
12.0 404.0 0.033667 0.001
13.0 378.0 0.029077 0.001
0.0 53.0 -1.0 0.001
-9.0 -377.0 0.041889 0.001
-15.0 -406.0 0.027067 0.001
-1.0 -52.0 0.052 0.001
13.0 -310.0 0.023846 0.001
34.0 -345.0 0.010147 0.001
3.0 -179.0 0.059667 0.001
14.0 309.0 0.022071 0.001
33.0 346.0 0.010485 0.001
3.0 179.0 0.059667 0.001
-11.0 404.0 0.036727 0.001
-13.0 378.0 0.029077 0.001
-1.0 53.0 0.053 0.001
10.0 -377.0 0.0377 0.001
15.0 -406.0 0.027067 0.001
0.0 -52.0 -1.0 0.001
12.0 404.0 0.033667 0.001
13.0 378.0 0.029077 0.001
0.0 53.0 -1.0 0.001
-9.0 -377.0 0.041889 0.001
-15.0 -406.0 0.027067 0.001
-1.0 -52.0 0.052 0.001
-12.0 -310.0 0.025833 0.001
-34.0 -345.0 0.010147 0.001
-4.0 -179.0 0.04475 0.001
-14.0 -251.0 0.017929 0.001
-74.0 -367.0 0.004959 0.001
-12.0 -216.0 0.018 0.001
-19.0 -215.0 0.011316 0.001
-60.0 -170.0 0.002833 0.001
-90.0 -205.0 0.002278 0.001
-29.0 -194.0 0.00669 0.001
-2.0 -51.0 0.0255 0.001
23.0 -180.0 0.007826 0.001
62.0 -129.0 0.002081 0.001
239.0 -256.0 0.001071 0.001
60.0 -131.0 0.002183 0.001
16.0 -138.0 0.008625 0.001
29.0 176.0 0.006069 0.001
88.0 143.0 0.001625 0.001
199.0 206.0 0.001035 0.001
62.0 129.0 0.002081 0.001
22.0 180.0 0.008182 0.001
-22.0 213.0 0.009682 0.001
-74.0 189.0 0.002554 0.001
-76.0 184.0 0.002421 0.001
-27.0 198.0 0.007333 0.001
-1.0 51.0 0.051 0.001
-16.0 250.0 0.015625 0.001
-73.0 367.0 0.005027 0.001
-11.0 217.0 0.019727 0.001
-13.0 309.0 0.023769 0.001
-33.0 346.0 0.010485 0.001
-4.0 179.0 0.04475 0.001
-11.0 404.0 0.036727 0.001
-13.0 378.0 0.029077 0.001
-1.0 53.0 0.053 0.001
10.0 -377.0 0.0377 0.001
15.0 -406.0 0.027067 0.001
0.0 -52.0 -1.0 0.001
12.0 404.0 0.033667 0.001
13.0 378.0 0.029077 0.001
0.0 53.0 -1.0 0.001
-9.0 -377.0 0.041889 0.001
-15.0 -406.0 0.027067 0.001
-1.0 -52.0 0.052 0.001
13.0 -310.0 0.023846 0.001
34.0 -345.0 0.010147 0.001
3.0 -179.0 0.059667 0.001
14.0 309.0 0.022071 0.001
33.0 346.0 0.010485 0.001
3.0 179.0 0.059667 0.001
-11.0 404.0 0.036727 0.001
-13.0 378.0 0.029077 0.001
-1.0 53.0 0.053 0.001
10.0 -377.0 0.0377 0.001
15.0 -406.0 0.027067 0.001
0.0 -52.0 -1.0 0.001
12.0 404.0 0.033667 0.001
13.0 378.0 0.029077 0.001
0.0 53.0 -1.0 0.001
-9.0 -377.0 0.041889 0.001
-15.0 -406.0 0.027067 0.001
-1.0 -52.0 0.052 0.001
-12.0 -310.0 0.025833 0.001
-34.0 -345.0 0.010147 0.001
-4.0 -179.0 0.04475 0.001
15.0 -251.0 0.016733 0.001
74.0 -367.0 0.004959 0.001
11.0 -216.0 0.019636 0.001
17.0 250.0 0.014706 0.001
73.0 367.0 0.005027 0.001
10.0 217.0 0.0217 0.001
-13.0 309.0 0.023769 0.001
-33.0 346.0 0.010485 0.001
-4.0 179.0 0.04475 0.001
-11.0 404.0 0.036727 0.001
-13.0 378.0 0.029077 0.001
-1.0 53.0 0.053 0.001
10.0 -377.0 0.0377 0.001
15.0 -406.0 0.027067 0.001
0.0 -52.0 -1.0 0.001
12.0 404.0 0.033667 0.001
13.0 378.0 0.029077 0.001
0.0 53.0 -1.0 0.001
-9.0 -377.0 0.041889 0.001
-15.0 -406.0 0.027067 0.001
-1.0 -52.0 0.052 0.001
13.0 -310.0 0.023846 0.001
34.0 -345.0 0.010147 0.001
3.0 -179.0 0.059667 0.001
14.0 309.0 0.022071 0.001
33.0 346.0 0.010485 0.001
3.0 179.0 0.059667 0.001
-11.0 404.0 0.036727 0.001
-13.0 378.0 0.029077 0.001
-1.0 53.0 0.053 0.001
10.0 -377.0 0.0377 0.001
15.0 -406.0 0.027067 0.001
0.0 -52.0 -1.0 0.001
12.0 404.0 0.033667 0.001
13.0 378.0 0.029077 0.001
0.0 53.0 -1.0 0.001
-9.0 -377.0 0.041889 0.001
-15.0 -406.0 0.027067 0.001
-1.0 -52.0 0.052 0.001
-12.0 -310.0 0.025833 0.001
-34.0 -345.0 0.010147 0.001
-4.0 -179.0 0.04475 0.001
-14.0 -251.0 0.017929 0.001
-74.0 -367.0 0.004959 0.001
-12.0 -216.0 0.018 0.001
20.0 -215.0 0.01075 0.001
60.0 -170.0 0.002833 0.001
90.0 -205.0 0.002278 0.001
29.0 -194.0 0.00669 0.001
1.0 -51.0 0.051 0.001
23.0 213.0 0.009261 0.001
74.0 189.0 0.002554 0.001
76.0 184.0 0.002421 0.001
27.0 198.0 0.007333 0.001
0.0 51.0 -1.0 0.001
-16.0 250.0 0.015625 0.001
-73.0 367.0 0.005027 0.001
-11.0 217.0 0.019727 0.001
-13.0 309.0 0.023769 0.001
-33.0 346.0 0.010485 0.001
-4.0 179.0 0.04475 0.001
-11.0 404.0 0.036727 0.001
-13.0 378.0 0.029077 0.001
-1.0 53.0 0.053 0.001
10.0 -377.0 0.0377 0.001
15.0 -406.0 0.027067 0.001
0.0 -52.0 -1.0 0.001
12.0 404.0 0.033667 0.001
13.0 378.0 0.029077 0.001
0.0 53.0 -1.0 0.001
-9.0 -377.0 0.041889 0.001
-15.0 -406.0 0.027067 0.001
-1.0 -52.0 0.052 0.001
13.0 -310.0 0.023846 0.001
34.0 -345.0 0.010147 0.001
3.0 -179.0 0.059667 0.001
14.0 309.0 0.022071 0.001
33.0 346.0 0.010485 0.001
3.0 179.0 0.059667 0.001
-11.0 404.0 0.036727 0.001
-13.0 378.0 0.029077 0.001
-1.0 53.0 0.053 0.001
10.0 -377.0 0.0377 0.001
15.0 -406.0 0.027067 0.001
0.0 -52.0 -1.0 0.001
12.0 404.0 0.033667 0.001
13.0 378.0 0.029077 0.001
0.0 53.0 -1.0 0.001
-9.0 -377.0 0.041889 0.001
-15.0 -406.0 0.027067 0.001
-1.0 -52.0 0.052 0.001
-12.0 -310.0 0.025833 0.001
-34.0 -345.0 0.010147 0.001
-4.0 -179.0 0.04475 0.001
15.0 -251.0 0.016733 0.001
74.0 -367.0 0.004959 0.001
11.0 -216.0 0.019636 0.001
17.0 250.0 0.014706 0.001
73.0 367.0 0.005027 0.001
10.0 217.0 0.0217 0.001
-13.0 309.0 0.023769 0.001
-33.0 346.0 0.010485 0.001
-4.0 179.0 0.04475 0.001
-11.0 404.0 0.036727 0.001
-13.0 378.0 0.029077 0.001
-1.0 53.0 0.053 0.001
10.0 -377.0 0.0377 0.001
15.0 -406.0 0.027067 0.001
0.0 -52.0 -1.0 0.001
12.0 404.0 0.033667 0.001
13.0 378.0 0.029077 0.001
0.0 53.0 -1.0 0.001
-9.0 -377.0 0.041889 0.001
-15.0 -406.0 0.027067 0.001
-1.0 -52.0 0.052 0.001
13.0 -310.0 0.023846 0.001
34.0 -345.0 0.010147 0.001
3.0 -179.0 0.059667 0.001
14.0 309.0 0.022071 0.001
33.0 346.0 0.010485 0.001
3.0 179.0 0.059667 0.001
-11.0 404.0 0.036727 0.001
-13.0 378.0 0.029077 0.001
-1.0 53.0 0.053 0.001
10.0 -377.0 0.0377 0.001
15.0 -406.0 0.027067 0.001
0.0 -52.0 -1.0 0.001
12.0 404.0 0.033667 0.001
13.0 378.0 0.029077 0.001
0.0 53.0 -1.0 0.001
-9.0 -377.0 0.041889 0.001
-15.0 -406.0 0.027067 0.001
-1.0 -52.0 0.052 0.001
-12.0 -310.0 0.025833 0.001
-34.0 -345.0 0.010147 0.001
-4.0 -179.0 0.04475 0.001
-14.0 -251.0 0.017929 0.001
-74.0 -367.0 0.004959 0.001
-12.0 -216.0 0.018 0.001
-19.0 -215.0 0.011316 0.001
-60.0 -170.0 0.002833 0.001
-90.0 -205.0 0.002278 0.001
-29.0 -194.0 0.00669 0.001
-2.0 -51.0 0.0255 0.001
-22.0 -180.0 0.008182 0.001
-62.0 -129.0 0.002081 0.001
-239.0 -256.0 0.001071 0.001
-60.0 -131.0 0.002183 0.001
-17.0 -138.0 0.008118 0.001
-39.0 -182.0 0.004667 0.001
-113.0 -132.0 0.001168 0.001
-250.0 -137.0 0.001 0.001825
-250.0 -125.0 0.001 0.002
-114.0 -123.0 0.001079 0.001
-34.0 -135.0 0.003971 0.001
0.0 -782.0 -1.0 0.001
6392.0 -52.0 0.001 0.122923
-3192.0 52.0 0.001 0.061385
0.0 782.0 -1.0 0.001
-56.0 171.0 0.003054 0.001
-168.0 133.0 0.001 0.001263
-386.0 189.0 0.001 0.002042
-128.0 122.0 0.001 0.001049
-59.0 168.0 0.002847 0.001
-3.0 51.0 0.017 0.001
-28.0 176.0 0.006286 0.001
-88.0 143.0 0.001625 0.001
-199.0 206.0 0.001035 0.001
-62.0 129.0 0.002081 0.001
-23.0 180.0 0.007826 0.001
-22.0 213.0 0.009682 0.001
-74.0 189.0 0.002554 0.001
-76.0 184.0 0.002421 0.001
-27.0 198.0 0.007333 0.001
-1.0 51.0 0.051 0.001
-16.0 250.0 0.015625 0.001
-73.0 367.0 0.005027 0.001
-11.0 217.0 0.019727 0.001
-13.0 309.0 0.023769 0.001
-33.0 346.0 0.010485 0.001
-4.0 179.0 0.04475 0.001
-11.0 404.0 0.036727 0.001
-13.0 378.0 0.029077 0.001
-1.0 53.0 0.053 0.001
10.0 -377.0 0.0377 0.001
15.0 -406.0 0.027067 0.001
0.0 -52.0 -1.0 0.001
12.0 404.0 0.033667 0.001
13.0 378.0 0.029077 0.001
0.0 53.0 -1.0 0.001
-9.0 -377.0 0.041889 0.001
-15.0 -406.0 0.027067 0.001
-1.0 -52.0 0.052 0.001
13.0 -310.0 0.023846 0.001
34.0 -345.0 0.010147 0.001
3.0 -179.0 0.059667 0.001
14.0 309.0 0.022071 0.001
33.0 346.0 0.010485 0.001
3.0 179.0 0.059667 0.001
-11.0 404.0 0.036727 0.001
-13.0 378.0 0.029077 0.001
-1.0 53.0 0.053 0.001
10.0 -377.0 0.0377 0.001
15.0 -406.0 0.027067 0.001
0.0 -52.0 -1.0 0.001
12.0 404.0 0.033667 0.001
13.0 378.0 0.029077 0.001
0.0 53.0 -1.0 0.001
-9.0 -377.0 0.041889 0.001
-15.0 -406.0 0.027067 0.001
-1.0 -52.0 0.052 0.001
-12.0 -310.0 0.025833 0.001
-34.0 -345.0 0.010147 0.001
-4.0 -179.0 0.04475 0.001
15.0 -251.0 0.016733 0.001
74.0 -367.0 0.004959 0.001
11.0 -216.0 0.019636 0.001
17.0 250.0 0.014706 0.001
73.0 367.0 0.005027 0.001
10.0 217.0 0.0217 0.001
-13.0 309.0 0.023769 0.001
-33.0 346.0 0.010485 0.001
-4.0 179.0 0.04475 0.001
-11.0 404.0 0.036727 0.001
-13.0 378.0 0.029077 0.001
-1.0 53.0 0.053 0.001
10.0 -377.0 0.0377 0.001
15.0 -406.0 0.027067 0.001
0.0 -52.0 -1.0 0.001
12.0 404.0 0.033667 0.001
13.0 378.0 0.029077 0.001
0.0 53.0 -1.0 0.001
-9.0 -377.0 0.041889 0.001
-15.0 -406.0 0.027067 0.001
-1.0 -52.0 0.052 0.001
13.0 -310.0 0.023846 0.001
34.0 -345.0 0.010147 0.001
3.0 -179.0 0.059667 0.001
14.0 309.0 0.022071 0.001
33.0 346.0 0.010485 0.001
3.0 179.0 0.059667 0.001
-11.0 404.0 0.036727 0.001
-13.0 378.0 0.029077 0.001
-1.0 53.0 0.053 0.001
10.0 -377.0 0.0377 0.001
15.0 -406.0 0.027067 0.001
0.0 -52.0 -1.0 0.001
12.0 404.0 0.033667 0.001
13.0 378.0 0.029077 0.001
0.0 53.0 -1.0 0.001
-9.0 -377.0 0.041889 0.001
-15.0 -406.0 0.027067 0.001
-1.0 -52.0 0.052 0.001
-12.0 -310.0 0.025833 0.001
-34.0 -345.0 0.010147 0.001
-4.0 -179.0 0.04475 0.001
-14.0 -251.0 0.017929 0.001
-74.0 -367.0 0.004959 0.001
-12.0 -216.0 0.018 0.001
20.0 -215.0 0.01075 0.001
60.0 -170.0 0.002833 0.001
90.0 -205.0 0.002278 0.001
29.0 -194.0 0.00669 0.001
1.0 -51.0 0.051 0.001
23.0 213.0 0.009261 0.001
74.0 189.0 0.002554 0.001
76.0 184.0 0.002421 0.001
27.0 198.0 0.007333 0.001
0.0 51.0 -1.0 0.001
-16.0 250.0 0.015625 0.001
-73.0 367.0 0.005027 0.001
-11.0 217.0 0.019727 0.001
-13.0 309.0 0.023769 0.001
-33.0 346.0 0.010485 0.001
-4.0 179.0 0.04475 0.001
-11.0 404.0 0.036727 0.001
-13.0 378.0 0.029077 0.001
-1.0 53.0 0.053 0.001
10.0 -377.0 0.0377 0.001
15.0 -406.0 0.027067 0.001
0.0 -52.0 -1.0 0.001
12.0 404.0 0.033667 0.001
13.0 378.0 0.029077 0.001
0.0 53.0 -1.0 0.001
-9.0 -377.0 0.041889 0.001
-15.0 -406.0 0.027067 0.001
-1.0 -52.0 0.052 0.001
13.0 -310.0 0.023846 0.001
34.0 -345.0 0.010147 0.001
3.0 -179.0 0.059667 0.001
14.0 309.0 0.022071 0.001
33.0 346.0 0.010485 0.001
3.0 179.0 0.059667 0.001
-11.0 404.0 0.036727 0.001
-13.0 378.0 0.029077 0.001
-1.0 53.0 0.053 0.001
10.0 -377.0 0.0377 0.001
15.0 -406.0 0.027067 0.001
0.0 -52.0 -1.0 0.001
12.0 404.0 0.033667 0.001
13.0 378.0 0.029077 0.001
0.0 53.0 -1.0 0.001
-9.0 -377.0 0.041889 0.001
-15.0 -406.0 0.027067 0.001
-1.0 -52.0 0.052 0.001
-12.0 -310.0 0.025833 0.001
-34.0 -345.0 0.010147 0.001
-4.0 -179.0 0.04475 0.001
15.0 -251.0 0.016733 0.001
74.0 -367.0 0.004959 0.001
11.0 -216.0 0.019636 0.001
17.0 250.0 0.014706 0.001
73.0 367.0 0.005027 0.001
10.0 217.0 0.0217 0.001
-13.0 309.0 0.023769 0.001
-33.0 346.0 0.010485 0.001
-4.0 179.0 0.04475 0.001
-11.0 404.0 0.036727 0.001
-13.0 378.0 0.029077 0.001
-1.0 53.0 0.053 0.001
10.0 -377.0 0.0377 0.001
15.0 -406.0 0.027067 0.001
0.0 -52.0 -1.0 0.001
12.0 404.0 0.033667 0.001
13.0 378.0 0.029077 0.001
0.0 53.0 -1.0 0.001
-9.0 -377.0 0.041889 0.001
-15.0 -406.0 0.027067 0.001
-1.0 -52.0 0.052 0.001
13.0 -310.0 0.023846 0.001
34.0 -345.0 0.010147 0.001
3.0 -179.0 0.059667 0.001
14.0 309.0 0.022071 0.001
33.0 346.0 0.010485 0.001
3.0 179.0 0.059667 0.001
-11.0 404.0 0.036727 0.001
-13.0 378.0 0.029077 0.001
-1.0 53.0 0.053 0.001
10.0 -377.0 0.0377 0.001
15.0 -406.0 0.027067 0.001
0.0 -52.0 -1.0 0.001
12.0 404.0 0.033667 0.001
13.0 378.0 0.029077 0.001
0.0 53.0 -1.0 0.001
-9.0 -377.0 0.041889 0.001
-15.0 -406.0 0.027067 0.001
-1.0 -52.0 0.052 0.001
-12.0 -310.0 0.025833 0.001
-34.0 -345.0 0.010147 0.001
-4.0 -179.0 0.04475 0.001
-14.0 -251.0 0.017929 0.001
-74.0 -367.0 0.004959 0.001
-12.0 -216.0 0.018 0.001
-19.0 -215.0 0.011316 0.001
-60.0 -170.0 0.002833 0.001
-90.0 -205.0 0.002278 0.001
-29.0 -194.0 0.00669 0.001
-2.0 -51.0 0.0255 0.001
23.0 -180.0 0.007826 0.001
62.0 -129.0 0.002081 0.001
239.0 -256.0 0.001071 0.001
60.0 -131.0 0.002183 0.001
16.0 -138.0 0.008625 0.001
29.0 176.0 0.006069 0.001
88.0 143.0 0.001625 0.001
199.0 206.0 0.001035 0.001
62.0 129.0 0.002081 0.001
22.0 180.0 0.008182 0.001
-22.0 213.0 0.009682 0.001
-74.0 189.0 0.002554 0.001
-76.0 184.0 0.002421 0.001
-27.0 198.0 0.007333 0.001
-1.0 51.0 0.051 0.001
-16.0 250.0 0.015625 0.001
-73.0 367.0 0.005027 0.001
-11.0 217.0 0.019727 0.001
-13.0 309.0 0.023769 0.001
-33.0 346.0 0.010485 0.001
-4.0 179.0 0.04475 0.001
-11.0 404.0 0.036727 0.001
-13.0 378.0 0.029077 0.001
-1.0 53.0 0.053 0.001
10.0 -377.0 0.0377 0.001
15.0 -406.0 0.027067 0.001
0.0 -52.0 -1.0 0.001
12.0 404.0 0.033667 0.001
13.0 378.0 0.029077 0.001
0.0 53.0 -1.0 0.001
-9.0 -377.0 0.041889 0.001
-15.0 -406.0 0.027067 0.001
-1.0 -52.0 0.052 0.001
13.0 -310.0 0.023846 0.001
34.0 -345.0 0.010147 0.001
3.0 -179.0 0.059667 0.001
14.0 309.0 0.022071 0.001
33.0 346.0 0.010485 0.001
3.0 179.0 0.059667 0.001
-11.0 404.0 0.036727 0.001
-13.0 378.0 0.029077 0.001
-1.0 53.0 0.053 0.001
10.0 -377.0 0.0377 0.001
15.0 -406.0 0.027067 0.001
0.0 -52.0 -1.0 0.001
12.0 404.0 0.033667 0.001
13.0 378.0 0.029077 0.001
0.0 53.0 -1.0 0.001
-9.0 -377.0 0.041889 0.001
-15.0 -406.0 0.027067 0.001
-1.0 -52.0 0.052 0.001
-12.0 -310.0 0.025833 0.001
-34.0 -345.0 0.010147 0.001
-4.0 -179.0 0.04475 0.001
15.0 -251.0 0.016733 0.001
74.0 -367.0 0.004959 0.001
11.0 -216.0 0.019636 0.001
17.0 250.0 0.014706 0.001
73.0 367.0 0.005027 0.001
10.0 217.0 0.0217 0.001
-13.0 309.0 0.023769 0.001
-33.0 346.0 0.010485 0.001
-4.0 179.0 0.04475 0.001
-11.0 404.0 0.036727 0.001
-13.0 378.0 0.029077 0.001
-1.0 53.0 0.053 0.001
10.0 -377.0 0.0377 0.001
15.0 -406.0 0.027067 0.001
0.0 -52.0 -1.0 0.001
12.0 404.0 0.033667 0.001
13.0 378.0 0.029077 0.001
0.0 53.0 -1.0 0.001
-9.0 -377.0 0.041889 0.001
-15.0 -406.0 0.027067 0.001
-1.0 -52.0 0.052 0.001
13.0 -310.0 0.023846 0.001
34.0 -345.0 0.010147 0.001
3.0 -179.0 0.059667 0.001
14.0 309.0 0.022071 0.001
33.0 346.0 0.010485 0.001
3.0 179.0 0.059667 0.001
-11.0 404.0 0.036727 0.001
-13.0 378.0 0.029077 0.001
-1.0 53.0 0.053 0.001
10.0 -377.0 0.0377 0.001
15.0 -406.0 0.027067 0.001
0.0 -52.0 -1.0 0.001
12.0 404.0 0.033667 0.001
13.0 378.0 0.029077 0.001
0.0 53.0 -1.0 0.001
-9.0 -377.0 0.041889 0.001
-15.0 -406.0 0.027067 0.001
-1.0 -52.0 0.052 0.001
-12.0 -310.0 0.025833 0.001
-34.0 -345.0 0.010147 0.001
-4.0 -179.0 0.04475 0.001
-14.0 -251.0 0.017929 0.001
-74.0 -367.0 0.004959 0.001
-12.0 -216.0 0.018 0.001
20.0 -215.0 0.01075 0.001
60.0 -170.0 0.002833 0.001
90.0 -205.0 0.002278 0.001
29.0 -194.0 0.00669 0.001
1.0 -51.0 0.051 0.001
23.0 213.0 0.009261 0.001
74.0 189.0 0.002554 0.001
76.0 184.0 0.002421 0.001
27.0 198.0 0.007333 0.001
0.0 51.0 -1.0 0.001
-16.0 250.0 0.015625 0.001
-73.0 367.0 0.005027 0.001
-11.0 217.0 0.019727 0.001
-13.0 309.0 0.023769 0.001
-33.0 346.0 0.010485 0.001
-4.0 179.0 0.04475 0.001
-11.0 404.0 0.036727 0.001
-13.0 378.0 0.029077 0.001
-1.0 53.0 0.053 0.001
10.0 -377.0 0.0377 0.001
15.0 -406.0 0.027067 0.001
0.0 -52.0 -1.0 0.001
12.0 404.0 0.033667 0.001
13.0 378.0 0.029077 0.001
0.0 53.0 -1.0 0.001
-9.0 -377.0 0.041889 0.001
-15.0 -406.0 0.027067 0.001
-1.0 -52.0 0.052 0.001
13.0 -310.0 0.023846 0.001
34.0 -345.0 0.010147 0.001
3.0 -179.0 0.059667 0.001
14.0 309.0 0.022071 0.001
33.0 346.0 0.010485 0.001
3.0 179.0 0.059667 0.001
-11.0 404.0 0.036727 0.001
-13.0 378.0 0.029077 0.001
-1.0 53.0 0.053 0.001
10.0 -377.0 0.0377 0.001
15.0 -406.0 0.027067 0.001
0.0 -52.0 -1.0 0.001
12.0 404.0 0.033667 0.001
13.0 378.0 0.029077 0.001
0.0 53.0 -1.0 0.001
-9.0 -377.0 0.041889 0.001
-15.0 -406.0 0.027067 0.001
-1.0 -52.0 0.052 0.001
-12.0 -310.0 0.025833 0.001
-34.0 -345.0 0.010147 0.001
-4.0 -179.0 0.04475 0.001
15.0 -251.0 0.016733 0.001
74.0 -367.0 0.004959 0.001
11.0 -216.0 0.019636 0.001
17.0 250.0 0.014706 0.001
73.0 367.0 0.005027 0.001
10.0 217.0 0.0217 0.001
-13.0 309.0 0.023769 0.001
-33.0 346.0 0.010485 0.001
-4.0 179.0 0.04475 0.001
-11.0 404.0 0.036727 0.001
-13.0 378.0 0.029077 0.001
-1.0 53.0 0.053 0.001
10.0 -377.0 0.0377 0.001
15.0 -406.0 0.027067 0.001
0.0 -52.0 -1.0 0.001
12.0 404.0 0.033667 0.001
13.0 378.0 0.029077 0.001
0.0 53.0 -1.0 0.001
-9.0 -377.0 0.041889 0.001
-15.0 -406.0 0.027067 0.001
-1.0 -52.0 0.052 0.001
13.0 -310.0 0.023846 0.001
34.0 -345.0 0.010147 0.001
3.0 -179.0 0.059667 0.001
14.0 309.0 0.022071 0.001
33.0 346.0 0.010485 0.001
3.0 179.0 0.059667 0.001
-11.0 404.0 0.036727 0.001
-13.0 378.0 0.029077 0.001
-1.0 53.0 0.053 0.001
10.0 -377.0 0.0377 0.001
15.0 -406.0 0.027067 0.001
0.0 -52.0 -1.0 0.001
12.0 404.0 0.033667 0.001
13.0 378.0 0.029077 0.001
0.0 53.0 -1.0 0.001
-9.0 -377.0 0.041889 0.001
-15.0 -406.0 0.027067 0.001
-1.0 -52.0 0.052 0.001
-12.0 -310.0 0.025833 0.001
-34.0 -345.0 0.010147 0.001
-4.0 -179.0 0.04475 0.001
-14.0 -251.0 0.017929 0.001
-74.0 -367.0 0.004959 0.001
-12.0 -216.0 0.018 0.001
-19.0 -215.0 0.011316 0.001
-60.0 -170.0 0.002833 0.001
-90.0 -205.0 0.002278 0.001
-29.0 -194.0 0.00669 0.001
-2.0 -51.0 0.0255 0.001
-22.0 -180.0 0.008182 0.001
-62.0 -129.0 0.002081 0.001
-239.0 -256.0 0.001071 0.001
-60.0 -131.0 0.002183 0.001
-17.0 -138.0 0.008118 0.001
40.0 -182.0 0.00455 0.001
113.0 -132.0 0.001168 0.001
250.0 -137.0 0.001 0.001825
250.0 -125.0 0.001 0.002
114.0 -123.0 0.001079 0.001
33.0 -135.0 0.004091 0.001
57.0 171.0 0.003 0.001
168.0 133.0 0.001 0.001263
386.0 189.0 0.001 0.002042
128.0 122.0 0.001 0.001049
59.0 168.0 0.002847 0.001
2.0 51.0 0.0255 0.001
-28.0 176.0 0.006286 0.001
-88.0 143.0 0.001625 0.001
-199.0 206.0 0.001035 0.001
-62.0 129.0 0.002081 0.001
-23.0 180.0 0.007826 0.001
-22.0 213.0 0.009682 0.001
-74.0 189.0 0.002554 0.001
-76.0 184.0 0.002421 0.001
-27.0 198.0 0.007333 0.001
-1.0 51.0 0.051 0.001
-16.0 250.0 0.015625 0.001
-73.0 367.0 0.005027 0.001
-11.0 217.0 0.019727 0.001
-13.0 309.0 0.023769 0.001
-33.0 346.0 0.010485 0.001
-4.0 179.0 0.04475 0.001
-11.0 404.0 0.036727 0.001
-13.0 378.0 0.029077 0.001
-1.0 53.0 0.053 0.001
10.0 -377.0 0.0377 0.001
15.0 -406.0 0.027067 0.001
0.0 -52.0 -1.0 0.001
12.0 404.0 0.033667 0.001
13.0 378.0 0.029077 0.001
0.0 53.0 -1.0 0.001
-9.0 -377.0 0.041889 0.001
-15.0 -406.0 0.027067 0.001
-1.0 -52.0 0.052 0.001
13.0 -310.0 0.023846 0.001
34.0 -345.0 0.010147 0.001
3.0 -179.0 0.059667 0.001
14.0 309.0 0.022071 0.001
33.0 346.0 0.010485 0.001
3.0 179.0 0.059667 0.001
-11.0 404.0 0.036727 0.001
-13.0 378.0 0.029077 0.001
-1.0 53.0 0.053 0.001
10.0 -377.0 0.0377 0.001
15.0 -406.0 0.027067 0.001
0.0 -52.0 -1.0 0.001
12.0 404.0 0.033667 0.001
13.0 378.0 0.029077 0.001
0.0 53.0 -1.0 0.001
-9.0 -377.0 0.041889 0.001
-15.0 -406.0 0.027067 0.001
-1.0 -52.0 0.052 0.001
-12.0 -310.0 0.025833 0.001
-34.0 -345.0 0.010147 0.001
-4.0 -179.0 0.04475 0.001
15.0 -251.0 0.016733 0.001
74.0 -367.0 0.004959 0.001
11.0 -216.0 0.019636 0.001
17.0 250.0 0.014706 0.001
73.0 367.0 0.005027 0.001
10.0 217.0 0.0217 0.001
-13.0 309.0 0.023769 0.001
-33.0 346.0 0.010485 0.001
-4.0 179.0 0.04475 0.001
-11.0 404.0 0.036727 0.001
-13.0 378.0 0.029077 0.001
-1.0 53.0 0.053 0.001
10.0 -377.0 0.0377 0.001
15.0 -406.0 0.027067 0.001
0.0 -52.0 -1.0 0.001
12.0 404.0 0.033667 0.001
13.0 378.0 0.029077 0.001
0.0 53.0 -1.0 0.001
-9.0 -377.0 0.041889 0.001
-15.0 -406.0 0.027067 0.001
-1.0 -52.0 0.052 0.001
13.0 -310.0 0.023846 0.001
34.0 -345.0 0.010147 0.001
3.0 -179.0 0.059667 0.001
14.0 309.0 0.022071 0.001
33.0 346.0 0.010485 0.001
3.0 179.0 0.059667 0.001
-11.0 404.0 0.036727 0.001
-13.0 378.0 0.029077 0.001
-1.0 53.0 0.053 0.001
10.0 -377.0 0.0377 0.001
15.0 -406.0 0.027067 0.001
0.0 -52.0 -1.0 0.001
12.0 404.0 0.033667 0.001
13.0 378.0 0.029077 0.001
0.0 53.0 -1.0 0.001
-9.0 -377.0 0.041889 0.001
-15.0 -406.0 0.027067 0.001
-1.0 -52.0 0.052 0.001
-12.0 -310.0 0.025833 0.001
-34.0 -345.0 0.010147 0.001
-4.0 -179.0 0.04475 0.001
-14.0 -251.0 0.017929 0.001
-74.0 -367.0 0.004959 0.001
-12.0 -216.0 0.018 0.001
20.0 -215.0 0.01075 0.001
60.0 -170.0 0.002833 0.001
90.0 -205.0 0.002278 0.001
29.0 -194.0 0.00669 0.001
1.0 -51.0 0.051 0.001
23.0 213.0 0.009261 0.001
74.0 189.0 0.002554 0.001
76.0 184.0 0.002421 0.001
27.0 198.0 0.007333 0.001
0.0 51.0 -1.0 0.001
-16.0 250.0 0.015625 0.001
-73.0 367.0 0.005027 0.001
-11.0 217.0 0.019727 0.001
-13.0 309.0 0.023769 0.001
-33.0 346.0 0.010485 0.001
-4.0 179.0 0.04475 0.001
-11.0 404.0 0.036727 0.001
-13.0 378.0 0.029077 0.001
-1.0 53.0 0.053 0.001
10.0 -377.0 0.0377 0.001
15.0 -406.0 0.027067 0.001
0.0 -52.0 -1.0 0.001
12.0 404.0 0.033667 0.001
13.0 378.0 0.029077 0.001
0.0 53.0 -1.0 0.001
-9.0 -377.0 0.041889 0.001
-15.0 -406.0 0.027067 0.001
-1.0 -52.0 0.052 0.001
13.0 -310.0 0.023846 0.001
34.0 -345.0 0.010147 0.001
3.0 -179.0 0.059667 0.001
14.0 309.0 0.022071 0.001
33.0 346.0 0.010485 0.001
3.0 179.0 0.059667 0.001
-11.0 404.0 0.036727 0.001
-13.0 378.0 0.029077 0.001
-1.0 53.0 0.053 0.001
10.0 -377.0 0.0377 0.001
15.0 -406.0 0.027067 0.001
0.0 -52.0 -1.0 0.001
12.0 404.0 0.033667 0.001
13.0 378.0 0.029077 0.001
0.0 53.0 -1.0 0.001
-9.0 -377.0 0.041889 0.001
-15.0 -406.0 0.027067 0.001
-1.0 -52.0 0.052 0.001
-12.0 -310.0 0.025833 0.001
-34.0 -345.0 0.010147 0.001
-4.0 -179.0 0.04475 0.001
15.0 -251.0 0.016733 0.001
74.0 -367.0 0.004959 0.001
11.0 -216.0 0.019636 0.001
17.0 250.0 0.014706 0.001
73.0 367.0 0.005027 0.001
10.0 217.0 0.0217 0.001
-13.0 309.0 0.023769 0.001
-33.0 346.0 0.010485 0.001
-4.0 179.0 0.04475 0.001
-11.0 404.0 0.036727 0.001
-13.0 378.0 0.029077 0.001
-1.0 53.0 0.053 0.001
10.0 -377.0 0.0377 0.001
15.0 -406.0 0.027067 0.001
0.0 -52.0 -1.0 0.001
12.0 404.0 0.033667 0.001
13.0 378.0 0.029077 0.001
0.0 53.0 -1.0 0.001
-9.0 -377.0 0.041889 0.001
-15.0 -406.0 0.027067 0.001
-1.0 -52.0 0.052 0.001
13.0 -310.0 0.023846 0.001
34.0 -345.0 0.010147 0.001
3.0 -179.0 0.059667 0.001
14.0 309.0 0.022071 0.001
33.0 346.0 0.010485 0.001
3.0 179.0 0.059667 0.001
-11.0 404.0 0.036727 0.001
-13.0 378.0 0.029077 0.001
-1.0 53.0 0.053 0.001
10.0 -377.0 0.0377 0.001
15.0 -406.0 0.027067 0.001
0.0 -52.0 -1.0 0.001
12.0 404.0 0.033667 0.001
13.0 378.0 0.029077 0.001
0.0 53.0 -1.0 0.001
-9.0 -377.0 0.041889 0.001
-15.0 -406.0 0.027067 0.001
-1.0 -52.0 0.052 0.001
-12.0 -310.0 0.025833 0.001
-34.0 -345.0 0.010147 0.001
-4.0 -179.0 0.04475 0.001
-14.0 -251.0 0.017929 0.001
-74.0 -367.0 0.004959 0.001
-12.0 -216.0 0.018 0.001
-19.0 -215.0 0.011316 0.001
-60.0 -170.0 0.002833 0.001
-90.0 -205.0 0.002278 0.001
-29.0 -194.0 0.00669 0.001
-2.0 -51.0 0.0255 0.001
23.0 -180.0 0.007826 0.001
62.0 -129.0 0.002081 0.001
239.0 -256.0 0.001071 0.001
60.0 -131.0 0.002183 0.001
16.0 -138.0 0.008625 0.001
29.0 176.0 0.006069 0.001
88.0 143.0 0.001625 0.001
199.0 206.0 0.001035 0.001
62.0 129.0 0.002081 0.001
22.0 180.0 0.008182 0.001
-22.0 213.0 0.009682 0.001
-74.0 189.0 0.002554 0.001
-76.0 184.0 0.002421 0.001
-27.0 198.0 0.007333 0.001
-1.0 51.0 0.051 0.001
-16.0 250.0 0.015625 0.001
-73.0 367.0 0.005027 0.001
-11.0 217.0 0.019727 0.001
-13.0 309.0 0.023769 0.001
-33.0 346.0 0.010485 0.001
-4.0 179.0 0.04475 0.001
-11.0 404.0 0.036727 0.001
-13.0 378.0 0.029077 0.001
-1.0 53.0 0.053 0.001
10.0 -377.0 0.0377 0.001
15.0 -406.0 0.027067 0.001
0.0 -52.0 -1.0 0.001
12.0 404.0 0.033667 0.001
13.0 378.0 0.029077 0.001
0.0 53.0 -1.0 0.001
-9.0 -377.0 0.041889 0.001
-15.0 -406.0 0.027067 0.001
-1.0 -52.0 0.052 0.001
13.0 -310.0 0.023846 0.001
34.0 -345.0 0.010147 0.001
3.0 -179.0 0.059667 0.001
14.0 309.0 0.022071 0.001
33.0 346.0 0.010485 0.001
3.0 179.0 0.059667 0.001
-11.0 404.0 0.036727 0.001
-13.0 378.0 0.029077 0.001
-1.0 53.0 0.053 0.001
10.0 -377.0 0.0377 0.001
15.0 -406.0 0.027067 0.001
0.0 -52.0 -1.0 0.001
12.0 404.0 0.033667 0.001
13.0 378.0 0.029077 0.001
0.0 53.0 -1.0 0.001
-9.0 -377.0 0.041889 0.001
-15.0 -406.0 0.027067 0.001
-1.0 -52.0 0.052 0.001
-12.0 -310.0 0.025833 0.001
-34.0 -345.0 0.010147 0.001
-4.0 -179.0 0.04475 0.001
15.0 -251.0 0.016733 0.001
74.0 -367.0 0.004959 0.001
11.0 -216.0 0.019636 0.001
17.0 250.0 0.014706 0.001
73.0 367.0 0.005027 0.001
10.0 217.0 0.0217 0.001
-13.0 309.0 0.023769 0.001
-33.0 346.0 0.010485 0.001
-4.0 179.0 0.04475 0.001
-11.0 404.0 0.036727 0.001
-13.0 378.0 0.029077 0.001
-1.0 53.0 0.053 0.001
10.0 -377.0 0.0377 0.001
15.0 -406.0 0.027067 0.001
0.0 -52.0 -1.0 0.001
12.0 404.0 0.033667 0.001
13.0 378.0 0.029077 0.001
0.0 53.0 -1.0 0.001
-9.0 -377.0 0.041889 0.001
-15.0 -406.0 0.027067 0.001
-1.0 -52.0 0.052 0.001
13.0 -310.0 0.023846 0.001
34.0 -345.0 0.010147 0.001
3.0 -179.0 0.059667 0.001
14.0 309.0 0.022071 0.001
33.0 346.0 0.010485 0.001
3.0 179.0 0.059667 0.001
-11.0 404.0 0.036727 0.001
-13.0 378.0 0.029077 0.001
-1.0 53.0 0.053 0.001
10.0 -377.0 0.0377 0.001
15.0 -406.0 0.027067 0.001
0.0 -52.0 -1.0 0.001
12.0 404.0 0.033667 0.001
13.0 378.0 0.029077 0.001
0.0 53.0 -1.0 0.001
-9.0 -377.0 0.041889 0.001
-15.0 -406.0 0.027067 0.001
-1.0 -52.0 0.052 0.001
-12.0 -310.0 0.025833 0.001
-34.0 -345.0 0.010147 0.001
-4.0 -179.0 0.04475 0.001
-14.0 -251.0 0.017929 0.001
-74.0 -367.0 0.004959 0.001
-12.0 -216.0 0.018 0.001
20.0 -215.0 0.01075 0.001
60.0 -170.0 0.002833 0.001
90.0 -205.0 0.002278 0.001
29.0 -194.0 0.00669 0.001
1.0 -51.0 0.051 0.001
23.0 213.0 0.009261 0.001
74.0 189.0 0.002554 0.001
76.0 184.0 0.002421 0.001
27.0 198.0 0.007333 0.001
0.0 51.0 -1.0 0.001
-16.0 250.0 0.015625 0.001
-73.0 367.0 0.005027 0.001
-11.0 217.0 0.019727 0.001
-13.0 309.0 0.023769 0.001
-33.0 346.0 0.010485 0.001
-4.0 179.0 0.04475 0.001
-11.0 404.0 0.036727 0.001
-13.0 378.0 0.029077 0.001
-1.0 53.0 0.053 0.001
10.0 -377.0 0.0377 0.001
15.0 -406.0 0.027067 0.001
0.0 -52.0 -1.0 0.001
12.0 404.0 0.033667 0.001
13.0 378.0 0.029077 0.001
0.0 53.0 -1.0 0.001
-9.0 -377.0 0.041889 0.001
-15.0 -406.0 0.027067 0.001
-1.0 -52.0 0.052 0.001
13.0 -310.0 0.023846 0.001
34.0 -345.0 0.010147 0.001
3.0 -179.0 0.059667 0.001
14.0 309.0 0.022071 0.001
33.0 346.0 0.010485 0.001
3.0 179.0 0.059667 0.001
-11.0 404.0 0.036727 0.001
-13.0 378.0 0.029077 0.001
-1.0 53.0 0.053 0.001
10.0 -377.0 0.0377 0.001
15.0 -406.0 0.027067 0.001
0.0 -52.0 -1.0 0.001
12.0 404.0 0.033667 0.001
13.0 378.0 0.029077 0.001
0.0 53.0 -1.0 0.001
-9.0 -377.0 0.041889 0.001
-15.0 -406.0 0.027067 0.001
-1.0 -52.0 0.052 0.001
-12.0 -310.0 0.025833 0.001
-34.0 -345.0 0.010147 0.001
-4.0 -179.0 0.04475 0.001
15.0 -251.0 0.016733 0.001
74.0 -367.0 0.004959 0.001
11.0 -216.0 0.019636 0.001
17.0 250.0 0.014706 0.001
73.0 367.0 0.005027 0.001
10.0 217.0 0.0217 0.001
-13.0 309.0 0.023769 0.001
-33.0 346.0 0.010485 0.001
-4.0 179.0 0.04475 0.001
-11.0 404.0 0.036727 0.001
-13.0 378.0 0.029077 0.001
-1.0 53.0 0.053 0.001
10.0 -377.0 0.0377 0.001
15.0 -406.0 0.027067 0.001
0.0 -52.0 -1.0 0.001
12.0 404.0 0.033667 0.001
13.0 378.0 0.029077 0.001
0.0 53.0 -1.0 0.001
-9.0 -377.0 0.041889 0.001
-15.0 -406.0 0.027067 0.001
-1.0 -52.0 0.052 0.001
13.0 -310.0 0.023846 0.001
34.0 -345.0 0.010147 0.001
3.0 -179.0 0.059667 0.001
14.0 309.0 0.022071 0.001
33.0 346.0 0.010485 0.001
3.0 179.0 0.059667 0.001
-11.0 404.0 0.036727 0.001
-13.0 378.0 0.029077 0.001
-1.0 53.0 0.053 0.001
10.0 -377.0 0.0377 0.001
15.0 -406.0 0.027067 0.001
0.0 -52.0 -1.0 0.001
12.0 404.0 0.033667 0.001
13.0 378.0 0.029077 0.001
0.0 53.0 -1.0 0.001
-9.0 -377.0 0.041889 0.001
-15.0 -406.0 0.027067 0.001
-1.0 -52.0 0.052 0.001
-12.0 -310.0 0.025833 0.001
-34.0 -345.0 0.010147 0.001
-4.0 -179.0 0.04475 0.001
-14.0 -251.0 0.017929 0.001
-74.0 -367.0 0.004959 0.001
-12.0 -216.0 0.018 0.001
-19.0 -215.0 0.011316 0.001
-60.0 -170.0 0.002833 0.001
-90.0 -205.0 0.002278 0.001
-29.0 -194.0 0.00669 0.001
-2.0 -51.0 0.0255 0.001
-22.0 -180.0 0.008182 0.001
-62.0 -129.0 0.002081 0.001
-239.0 -256.0 0.001071 0.001
-60.0 -131.0 0.002183 0.001
-17.0 -138.0 0.008118 0.001
-39.0 -182.0 0.004667 0.001
-113.0 -132.0 0.001168 0.001
-250.0 -137.0 0.001 0.001825
-250.0 -125.0 0.001 0.002
-114.0 -123.0 0.001079 0.001
-34.0 -135.0 0.003971 0.001
0.0 -782.0 -1.0 0.001
2990.0 -52.0 0.001 0.0575
210.0 348.0 0.001657 0.001
0.0 486.0 -1.0 0.001
-56.0 171.0 0.003054 0.001
-168.0 133.0 0.001 0.001263
-386.0 189.0 0.001 0.002042
-128.0 122.0 0.001 0.001049
-59.0 168.0 0.002847 0.001
-3.0 51.0 0.017 0.001
-28.0 176.0 0.006286 0.001
-88.0 143.0 0.001625 0.001
-199.0 206.0 0.001035 0.001
-62.0 129.0 0.002081 0.001
-23.0 180.0 0.007826 0.001
-22.0 213.0 0.009682 0.001
-74.0 189.0 0.002554 0.001
-76.0 184.0 0.002421 0.001
-27.0 198.0 0.007333 0.001
-1.0 51.0 0.051 0.001
-16.0 250.0 0.015625 0.001
-73.0 367.0 0.005027 0.001
-11.0 217.0 0.019727 0.001
-13.0 309.0 0.023769 0.001
-33.0 346.0 0.010485 0.001
-4.0 179.0 0.04475 0.001
-11.0 404.0 0.036727 0.001
-13.0 378.0 0.029077 0.001
-1.0 53.0 0.053 0.001
10.0 -377.0 0.0377 0.001
15.0 -406.0 0.027067 0.001
0.0 -52.0 -1.0 0.001
12.0 404.0 0.033667 0.001
13.0 378.0 0.029077 0.001
0.0 53.0 -1.0 0.001
-9.0 -377.0 0.041889 0.001
-15.0 -406.0 0.027067 0.001
-1.0 -52.0 0.052 0.001
13.0 -310.0 0.023846 0.001
34.0 -345.0 0.010147 0.001
3.0 -179.0 0.059667 0.001
14.0 309.0 0.022071 0.001
33.0 346.0 0.010485 0.001
3.0 179.0 0.059667 0.001
-11.0 404.0 0.036727 0.001
-13.0 378.0 0.029077 0.001
-1.0 53.0 0.053 0.001
10.0 -377.0 0.0377 0.001
15.0 -406.0 0.027067 0.001
0.0 -52.0 -1.0 0.001
12.0 404.0 0.033667 0.001
13.0 378.0 0.029077 0.001
0.0 53.0 -1.0 0.001
-9.0 -377.0 0.041889 0.001
-15.0 -406.0 0.027067 0.001
-1.0 -52.0 0.052 0.001
-12.0 -310.0 0.025833 0.001
-34.0 -345.0 0.010147 0.001
-4.0 -179.0 0.04475 0.001
15.0 -251.0 0.016733 0.001
74.0 -367.0 0.004959 0.001
11.0 -216.0 0.019636 0.001
17.0 250.0 0.014706 0.001
73.0 367.0 0.005027 0.001
10.0 217.0 0.0217 0.001
-13.0 309.0 0.023769 0.001
-33.0 346.0 0.010485 0.001
-4.0 179.0 0.04475 0.001
-11.0 404.0 0.036727 0.001
-13.0 378.0 0.029077 0.001
-1.0 53.0 0.053 0.001
10.0 -377.0 0.0377 0.001
15.0 -406.0 0.027067 0.001
0.0 -52.0 -1.0 0.001
12.0 404.0 0.033667 0.001
13.0 378.0 0.029077 0.001
0.0 53.0 -1.0 0.001
-9.0 -377.0 0.041889 0.001
-15.0 -406.0 0.027067 0.001
-1.0 -52.0 0.052 0.001
13.0 -310.0 0.023846 0.001
34.0 -345.0 0.010147 0.001
3.0 -179.0 0.059667 0.001
14.0 309.0 0.022071 0.001
33.0 346.0 0.010485 0.001
3.0 179.0 0.059667 0.001
-11.0 404.0 0.036727 0.001
-13.0 378.0 0.029077 0.001
-1.0 53.0 0.053 0.001
10.0 -377.0 0.0377 0.001
15.0 -406.0 0.027067 0.001
0.0 -52.0 -1.0 0.001
12.0 404.0 0.033667 0.001
13.0 378.0 0.029077 0.001
0.0 53.0 -1.0 0.001
-9.0 -377.0 0.041889 0.001
-15.0 -406.0 0.027067 0.001
-1.0 -52.0 0.052 0.001
-12.0 -310.0 0.025833 0.001
-34.0 -345.0 0.010147 0.001
-4.0 -179.0 0.04475 0.001
-14.0 -251.0 0.017929 0.001
-74.0 -367.0 0.004959 0.001
-12.0 -216.0 0.018 0.001
20.0 -215.0 0.01075 0.001
60.0 -170.0 0.002833 0.001
90.0 -205.0 0.002278 0.001
29.0 -194.0 0.00669 0.001
1.0 -51.0 0.051 0.001
23.0 213.0 0.009261 0.001
74.0 189.0 0.002554 0.001
76.0 184.0 0.002421 0.001
27.0 198.0 0.007333 0.001
0.0 51.0 -1.0 0.001
-16.0 250.0 0.015625 0.001
-73.0 367.0 0.005027 0.001
-11.0 217.0 0.019727 0.001
-13.0 309.0 0.023769 0.001
-33.0 346.0 0.010485 0.001
-4.0 179.0 0.04475 0.001
-11.0 404.0 0.036727 0.001
-13.0 378.0 0.029077 0.001
-1.0 53.0 0.053 0.001
10.0 -377.0 0.0377 0.001
15.0 -406.0 0.027067 0.001
0.0 -52.0 -1.0 0.001
12.0 404.0 0.033667 0.001
13.0 378.0 0.029077 0.001
0.0 53.0 -1.0 0.001
-9.0 -377.0 0.041889 0.001
-15.0 -406.0 0.027067 0.001
-1.0 -52.0 0.052 0.001
13.0 -310.0 0.023846 0.001
34.0 -345.0 0.010147 0.001
3.0 -179.0 0.059667 0.001
14.0 309.0 0.022071 0.001
33.0 346.0 0.010485 0.001
3.0 179.0 0.059667 0.001
-11.0 404.0 0.036727 0.001
-13.0 378.0 0.029077 0.001
-1.0 53.0 0.053 0.001
10.0 -377.0 0.0377 0.001
15.0 -406.0 0.027067 0.001
0.0 -52.0 -1.0 0.001
12.0 404.0 0.033667 0.001
13.0 378.0 0.029077 0.001
0.0 53.0 -1.0 0.001
-9.0 -377.0 0.041889 0.001
-15.0 -406.0 0.027067 0.001
-1.0 -52.0 0.052 0.001
-12.0 -310.0 0.025833 0.001
-34.0 -345.0 0.010147 0.001
-4.0 -179.0 0.04475 0.001
15.0 -251.0 0.016733 0.001
74.0 -367.0 0.004959 0.001
11.0 -216.0 0.019636 0.001
17.0 250.0 0.014706 0.001
73.0 367.0 0.005027 0.001
10.0 217.0 0.0217 0.001
-13.0 309.0 0.023769 0.001
-33.0 346.0 0.010485 0.001
-4.0 179.0 0.04475 0.001
-11.0 404.0 0.036727 0.001
-13.0 378.0 0.029077 0.001
-1.0 53.0 0.053 0.001
10.0 -377.0 0.0377 0.001
15.0 -406.0 0.027067 0.001
0.0 -52.0 -1.0 0.001
12.0 404.0 0.033667 0.001
13.0 378.0 0.029077 0.001
0.0 53.0 -1.0 0.001
-9.0 -377.0 0.041889 0.001
-15.0 -406.0 0.027067 0.001
-1.0 -52.0 0.052 0.001
13.0 -310.0 0.023846 0.001
34.0 -345.0 0.010147 0.001
3.0 -179.0 0.059667 0.001
14.0 309.0 0.022071 0.001
33.0 346.0 0.010485 0.001
3.0 179.0 0.059667 0.001
-11.0 404.0 0.036727 0.001
-13.0 378.0 0.029077 0.001
-1.0 53.0 0.053 0.001
10.0 -377.0 0.0377 0.001
15.0 -406.0 0.027067 0.001
0.0 -52.0 -1.0 0.001
12.0 404.0 0.033667 0.001
13.0 378.0 0.029077 0.001
0.0 53.0 -1.0 0.001
-9.0 -377.0 0.041889 0.001
-15.0 -406.0 0.027067 0.001
-1.0 -52.0 0.052 0.001
-12.0 -310.0 0.025833 0.001
-34.0 -345.0 0.010147 0.001
-4.0 -179.0 0.04475 0.001
-14.0 -251.0 0.017929 0.001
-74.0 -367.0 0.004959 0.001
-12.0 -216.0 0.018 0.001
-19.0 -215.0 0.011316 0.001
-60.0 -170.0 0.002833 0.001
-90.0 -205.0 0.002278 0.001
-29.0 -194.0 0.00669 0.001
-2.0 -51.0 0.0255 0.001
23.0 -180.0 0.007826 0.001
62.0 -129.0 0.002081 0.001
239.0 -256.0 0.001071 0.001
60.0 -131.0 0.002183 0.001
16.0 -138.0 0.008625 0.001
29.0 176.0 0.006069 0.001
88.0 143.0 0.001625 0.001
199.0 206.0 0.001035 0.001
62.0 129.0 0.002081 0.001
22.0 180.0 0.008182 0.001
-22.0 213.0 0.009682 0.001
-74.0 189.0 0.002554 0.001
-76.0 184.0 0.002421 0.001
-27.0 198.0 0.007333 0.001
-1.0 51.0 0.051 0.001
-16.0 250.0 0.015625 0.001
-73.0 367.0 0.005027 0.001
-11.0 217.0 0.019727 0.001
-13.0 309.0 0.023769 0.001
-33.0 346.0 0.010485 0.001
-4.0 179.0 0.04475 0.001
-11.0 404.0 0.036727 0.001
-13.0 378.0 0.029077 0.001
-1.0 53.0 0.053 0.001
10.0 -377.0 0.0377 0.001
15.0 -406.0 0.027067 0.001
0.0 -52.0 -1.0 0.001
12.0 404.0 0.033667 0.001
13.0 378.0 0.029077 0.001
0.0 53.0 -1.0 0.001
-9.0 -377.0 0.041889 0.001
-15.0 -406.0 0.027067 0.001
-1.0 -52.0 0.052 0.001
13.0 -310.0 0.023846 0.001
34.0 -345.0 0.010147 0.001
3.0 -179.0 0.059667 0.001
14.0 309.0 0.022071 0.001
33.0 346.0 0.010485 0.001
3.0 179.0 0.059667 0.001
-11.0 404.0 0.036727 0.001
-13.0 378.0 0.029077 0.001
-1.0 53.0 0.053 0.001
10.0 -377.0 0.0377 0.001
15.0 -406.0 0.027067 0.001
0.0 -52.0 -1.0 0.001
12.0 404.0 0.033667 0.001
13.0 378.0 0.029077 0.001
0.0 53.0 -1.0 0.001
-9.0 -377.0 0.041889 0.001
-15.0 -406.0 0.027067 0.001
-1.0 -52.0 0.052 0.001
-12.0 -310.0 0.025833 0.001
-34.0 -345.0 0.010147 0.001
-4.0 -179.0 0.04475 0.001
15.0 -251.0 0.016733 0.001
74.0 -367.0 0.004959 0.001
11.0 -216.0 0.019636 0.001
17.0 250.0 0.014706 0.001
73.0 367.0 0.005027 0.001
10.0 217.0 0.0217 0.001
-13.0 309.0 0.023769 0.001
-33.0 346.0 0.010485 0.001
-4.0 179.0 0.04475 0.001
-11.0 404.0 0.036727 0.001
-13.0 378.0 0.029077 0.001
-1.0 53.0 0.053 0.001
10.0 -377.0 0.0377 0.001
15.0 -406.0 0.027067 0.001
0.0 -52.0 -1.0 0.001
12.0 404.0 0.033667 0.001
13.0 378.0 0.029077 0.001
0.0 53.0 -1.0 0.001
-9.0 -377.0 0.041889 0.001
-15.0 -406.0 0.027067 0.001
-1.0 -52.0 0.052 0.001
13.0 -310.0 0.023846 0.001
34.0 -345.0 0.010147 0.001
3.0 -179.0 0.059667 0.001
14.0 309.0 0.022071 0.001
33.0 346.0 0.010485 0.001
3.0 179.0 0.059667 0.001
-11.0 404.0 0.036727 0.001
-13.0 378.0 0.029077 0.001
-1.0 53.0 0.053 0.001
10.0 -377.0 0.0377 0.001
15.0 -406.0 0.027067 0.001
0.0 -52.0 -1.0 0.001
12.0 404.0 0.033667 0.001
13.0 378.0 0.029077 0.001
0.0 53.0 -1.0 0.001
-9.0 -377.0 0.041889 0.001
-15.0 -406.0 0.027067 0.001
-1.0 -52.0 0.052 0.001
-12.0 -310.0 0.025833 0.001
-34.0 -345.0 0.010147 0.001
-4.0 -179.0 0.04475 0.001
-14.0 -251.0 0.017929 0.001
-74.0 -367.0 0.004959 0.001
-12.0 -216.0 0.018 0.001
20.0 -215.0 0.01075 0.001
60.0 -170.0 0.002833 0.001
90.0 -205.0 0.002278 0.001
29.0 -194.0 0.00669 0.001
1.0 -51.0 0.051 0.001
23.0 213.0 0.009261 0.001
74.0 189.0 0.002554 0.001
76.0 184.0 0.002421 0.001
27.0 198.0 0.007333 0.001
0.0 51.0 -1.0 0.001
-16.0 250.0 0.015625 0.001
-73.0 367.0 0.005027 0.001
-11.0 217.0 0.019727 0.001
-13.0 309.0 0.023769 0.001
-33.0 346.0 0.010485 0.001
-4.0 179.0 0.04475 0.001
-11.0 404.0 0.036727 0.001
-13.0 378.0 0.029077 0.001
-1.0 53.0 0.053 0.001
10.0 -377.0 0.0377 0.001
15.0 -406.0 0.027067 0.001
0.0 -52.0 -1.0 0.001
12.0 404.0 0.033667 0.001
13.0 378.0 0.029077 0.001
0.0 53.0 -1.0 0.001
-9.0 -377.0 0.041889 0.001
-15.0 -406.0 0.027067 0.001
-1.0 -52.0 0.052 0.001
13.0 -310.0 0.023846 0.001
34.0 -345.0 0.010147 0.001
3.0 -179.0 0.059667 0.001
14.0 309.0 0.022071 0.001
33.0 346.0 0.010485 0.001
3.0 179.0 0.059667 0.001
-11.0 404.0 0.036727 0.001
-13.0 378.0 0.029077 0.001
-1.0 53.0 0.053 0.001
10.0 -377.0 0.0377 0.001
15.0 -406.0 0.027067 0.001
0.0 -52.0 -1.0 0.001
12.0 404.0 0.033667 0.001
13.0 378.0 0.029077 0.001
0.0 53.0 -1.0 0.001
-9.0 -377.0 0.041889 0.001
-15.0 -406.0 0.027067 0.001
-1.0 -52.0 0.052 0.001
-12.0 -310.0 0.025833 0.001
-34.0 -345.0 0.010147 0.001
-4.0 -179.0 0.04475 0.001
15.0 -251.0 0.016733 0.001
74.0 -367.0 0.004959 0.001
11.0 -216.0 0.019636 0.001
17.0 250.0 0.014706 0.001
73.0 367.0 0.005027 0.001
10.0 217.0 0.0217 0.001
-13.0 309.0 0.023769 0.001
-33.0 346.0 0.010485 0.001
-4.0 179.0 0.04475 0.001
-11.0 404.0 0.036727 0.001
-13.0 378.0 0.029077 0.001
-1.0 53.0 0.053 0.001
10.0 -377.0 0.0377 0.001
15.0 -406.0 0.027067 0.001
0.0 -52.0 -1.0 0.001
12.0 404.0 0.033667 0.001
13.0 378.0 0.029077 0.001
0.0 53.0 -1.0 0.001
-9.0 -377.0 0.041889 0.001
-15.0 -406.0 0.027067 0.001
-1.0 -52.0 0.052 0.001
13.0 -310.0 0.023846 0.001
34.0 -345.0 0.010147 0.001
3.0 -179.0 0.059667 0.001
14.0 309.0 0.022071 0.001
33.0 346.0 0.010485 0.001
3.0 179.0 0.059667 0.001
-11.0 404.0 0.036727 0.001
-13.0 378.0 0.029077 0.001
-1.0 53.0 0.053 0.001
10.0 -377.0 0.0377 0.001
15.0 -406.0 0.027067 0.001
0.0 -52.0 -1.0 0.001
12.0 404.0 0.033667 0.001
13.0 378.0 0.029077 0.001
0.0 53.0 -1.0 0.001
-9.0 -377.0 0.041889 0.001
-15.0 -406.0 0.027067 0.001
-1.0 -52.0 0.052 0.001
-12.0 -310.0 0.025833 0.001
-34.0 -345.0 0.010147 0.001
-4.0 -179.0 0.04475 0.001
-14.0 -251.0 0.017929 0.001
-74.0 -367.0 0.004959 0.001
-12.0 -216.0 0.018 0.001
-19.0 -215.0 0.011316 0.001
-60.0 -170.0 0.002833 0.001
-90.0 -205.0 0.002278 0.001
-29.0 -194.0 0.00669 0.001
-2.0 -51.0 0.0255 0.001
-22.0 -180.0 0.008182 0.001
-62.0 -129.0 0.002081 0.001
-239.0 -256.0 0.001071 0.001
-60.0 -131.0 0.002183 0.001
-17.0 -138.0 0.008118 0.001
40.0 -182.0 0.00455 0.001
113.0 -132.0 0.001168 0.001
250.0 -137.0 0.001 0.001825
250.0 -125.0 0.001 0.002
114.0 -123.0 0.001079 0.001
33.0 -135.0 0.004091 0.001
57.0 171.0 0.003 0.001
168.0 133.0 0.001 0.001263
386.0 189.0 0.001 0.002042
128.0 122.0 0.001 0.001049
59.0 168.0 0.002847 0.001
2.0 51.0 0.0255 0.001
-28.0 176.0 0.006286 0.001
-88.0 143.0 0.001625 0.001
-199.0 206.0 0.001035 0.001
-62.0 129.0 0.002081 0.001
-23.0 180.0 0.007826 0.001
-22.0 213.0 0.009682 0.001
-74.0 189.0 0.002554 0.001
-76.0 184.0 0.002421 0.001
-27.0 198.0 0.007333 0.001
-1.0 51.0 0.051 0.001
-16.0 250.0 0.015625 0.001
-73.0 367.0 0.005027 0.001
-11.0 217.0 0.019727 0.001
-13.0 309.0 0.023769 0.001
-33.0 346.0 0.010485 0.001
-4.0 179.0 0.04475 0.001
-11.0 404.0 0.036727 0.001
-13.0 378.0 0.029077 0.001
-1.0 53.0 0.053 0.001
10.0 -377.0 0.0377 0.001
15.0 -406.0 0.027067 0.001
0.0 -52.0 -1.0 0.001
12.0 404.0 0.033667 0.001
13.0 378.0 0.029077 0.001
0.0 53.0 -1.0 0.001
-9.0 -377.0 0.041889 0.001
-15.0 -406.0 0.027067 0.001
-1.0 -52.0 0.052 0.001
13.0 -310.0 0.023846 0.001
34.0 -345.0 0.010147 0.001
3.0 -179.0 0.059667 0.001
14.0 309.0 0.022071 0.001
33.0 346.0 0.010485 0.001
3.0 179.0 0.059667 0.001
-11.0 404.0 0.036727 0.001
-13.0 378.0 0.029077 0.001
-1.0 53.0 0.053 0.001
10.0 -377.0 0.0377 0.001
15.0 -406.0 0.027067 0.001
0.0 -52.0 -1.0 0.001
12.0 404.0 0.033667 0.001
13.0 378.0 0.029077 0.001
0.0 53.0 -1.0 0.001
-9.0 -377.0 0.041889 0.001
-15.0 -406.0 0.027067 0.001
-1.0 -52.0 0.052 0.001
-12.0 -310.0 0.025833 0.001
-34.0 -345.0 0.010147 0.001
-4.0 -179.0 0.04475 0.001
15.0 -251.0 0.016733 0.001
74.0 -367.0 0.004959 0.001
11.0 -216.0 0.019636 0.001
17.0 250.0 0.014706 0.001
73.0 367.0 0.005027 0.001
10.0 217.0 0.0217 0.001
-13.0 309.0 0.023769 0.001
-33.0 346.0 0.010485 0.001
-4.0 179.0 0.04475 0.001
-11.0 404.0 0.036727 0.001
-13.0 378.0 0.029077 0.001
-1.0 53.0 0.053 0.001
10.0 -377.0 0.0377 0.001
15.0 -406.0 0.027067 0.001
0.0 -52.0 -1.0 0.001
12.0 404.0 0.033667 0.001
13.0 378.0 0.029077 0.001
0.0 53.0 -1.0 0.001
-9.0 -377.0 0.041889 0.001
-15.0 -406.0 0.027067 0.001
-1.0 -52.0 0.052 0.001
13.0 -310.0 0.023846 0.001
34.0 -345.0 0.010147 0.001
3.0 -179.0 0.059667 0.001
14.0 309.0 0.022071 0.001
33.0 346.0 0.010485 0.001
3.0 179.0 0.059667 0.001
-11.0 404.0 0.036727 0.001
-13.0 378.0 0.029077 0.001
-1.0 53.0 0.053 0.001
10.0 -377.0 0.0377 0.001
15.0 -406.0 0.027067 0.001
0.0 -52.0 -1.0 0.001
12.0 404.0 0.033667 0.001
13.0 378.0 0.029077 0.001
0.0 53.0 -1.0 0.001
-9.0 -377.0 0.041889 0.001
-15.0 -406.0 0.027067 0.001
-1.0 -52.0 0.052 0.001
-12.0 -310.0 0.025833 0.001
-34.0 -345.0 0.010147 0.001
-4.0 -179.0 0.04475 0.001
-14.0 -251.0 0.017929 0.001
-74.0 -367.0 0.004959 0.001
-12.0 -216.0 0.018 0.001
20.0 -215.0 0.01075 0.001
60.0 -170.0 0.002833 0.001
90.0 -205.0 0.002278 0.001
29.0 -194.0 0.00669 0.001
1.0 -51.0 0.051 0.001
23.0 213.0 0.009261 0.001
74.0 189.0 0.002554 0.001
76.0 184.0 0.002421 0.001
27.0 198.0 0.007333 0.001
0.0 51.0 -1.0 0.001
-16.0 250.0 0.015625 0.001
-73.0 367.0 0.005027 0.001
-11.0 217.0 0.019727 0.001
-13.0 309.0 0.023769 0.001
-33.0 346.0 0.010485 0.001
-4.0 179.0 0.04475 0.001
-11.0 404.0 0.036727 0.001
-13.0 378.0 0.029077 0.001
-1.0 53.0 0.053 0.001
10.0 -377.0 0.0377 0.001
15.0 -406.0 0.027067 0.001
0.0 -52.0 -1.0 0.001
12.0 404.0 0.033667 0.001
13.0 378.0 0.029077 0.001
0.0 53.0 -1.0 0.001
-9.0 -377.0 0.041889 0.001
-15.0 -406.0 0.027067 0.001
-1.0 -52.0 0.052 0.001
13.0 -310.0 0.023846 0.001
34.0 -345.0 0.010147 0.001
3.0 -179.0 0.059667 0.001
14.0 309.0 0.022071 0.001
33.0 346.0 0.010485 0.001
3.0 179.0 0.059667 0.001
-11.0 404.0 0.036727 0.001
-13.0 378.0 0.029077 0.001
-1.0 53.0 0.053 0.001
10.0 -377.0 0.0377 0.001
15.0 -406.0 0.027067 0.001
0.0 -52.0 -1.0 0.001
12.0 404.0 0.033667 0.001
13.0 378.0 0.029077 0.001
0.0 53.0 -1.0 0.001
-9.0 -377.0 0.041889 0.001
-15.0 -406.0 0.027067 0.001
-1.0 -52.0 0.052 0.001
-12.0 -310.0 0.025833 0.001
-34.0 -345.0 0.010147 0.001
-4.0 -179.0 0.04475 0.001
15.0 -251.0 0.016733 0.001
74.0 -367.0 0.004959 0.001
11.0 -216.0 0.019636 0.001
17.0 250.0 0.014706 0.001
73.0 367.0 0.005027 0.001
10.0 217.0 0.0217 0.001
-13.0 309.0 0.023769 0.001
-33.0 346.0 0.010485 0.001
-4.0 179.0 0.04475 0.001
-11.0 404.0 0.036727 0.001
-13.0 378.0 0.029077 0.001
-1.0 53.0 0.053 0.001
10.0 -377.0 0.0377 0.001
15.0 -406.0 0.027067 0.001
0.0 -52.0 -1.0 0.001
12.0 404.0 0.033667 0.001
13.0 378.0 0.029077 0.001
0.0 53.0 -1.0 0.001
-9.0 -377.0 0.041889 0.001
-15.0 -406.0 0.027067 0.001
-1.0 -52.0 0.052 0.001
13.0 -310.0 0.023846 0.001
34.0 -345.0 0.010147 0.001
3.0 -179.0 0.059667 0.001
14.0 309.0 0.022071 0.001
33.0 346.0 0.010485 0.001
3.0 179.0 0.059667 0.001
-11.0 404.0 0.036727 0.001
-13.0 378.0 0.029077 0.001
-1.0 53.0 0.053 0.001
10.0 -377.0 0.0377 0.001
15.0 -406.0 0.027067 0.001
0.0 -52.0 -1.0 0.001
12.0 404.0 0.033667 0.001
13.0 378.0 0.029077 0.001
0.0 53.0 -1.0 0.001
-9.0 -377.0 0.041889 0.001
-15.0 -406.0 0.027067 0.001
-1.0 -52.0 0.052 0.001
-12.0 -310.0 0.025833 0.001
-34.0 -345.0 0.010147 0.001
-4.0 -179.0 0.04475 0.001
-14.0 -251.0 0.017929 0.001
-74.0 -367.0 0.004959 0.001
-12.0 -216.0 0.018 0.001
-19.0 -215.0 0.011316 0.001
-60.0 -170.0 0.002833 0.001
-90.0 -205.0 0.002278 0.001
-29.0 -194.0 0.00669 0.001
-2.0 -51.0 0.0255 0.001
23.0 -180.0 0.007826 0.001
62.0 -129.0 0.002081 0.001
239.0 -256.0 0.001071 0.001
60.0 -131.0 0.002183 0.001
16.0 -138.0 0.008625 0.001
29.0 176.0 0.006069 0.001
88.0 143.0 0.001625 0.001
199.0 206.0 0.001035 0.001
62.0 129.0 0.002081 0.001
22.0 180.0 0.008182 0.001
-22.0 213.0 0.009682 0.001
-74.0 189.0 0.002554 0.001
-76.0 184.0 0.002421 0.001
-27.0 198.0 0.007333 0.001
-1.0 51.0 0.051 0.001
-16.0 250.0 0.015625 0.001
-73.0 367.0 0.005027 0.001
-11.0 217.0 0.019727 0.001
-13.0 309.0 0.023769 0.001
-33.0 346.0 0.010485 0.001
-4.0 179.0 0.04475 0.001
-11.0 404.0 0.036727 0.001
-13.0 378.0 0.029077 0.001
-1.0 53.0 0.053 0.001
10.0 -377.0 0.0377 0.001
15.0 -406.0 0.027067 0.001
0.0 -52.0 -1.0 0.001
12.0 404.0 0.033667 0.001
13.0 378.0 0.029077 0.001
0.0 53.0 -1.0 0.001
-9.0 -377.0 0.041889 0.001
-15.0 -406.0 0.027067 0.001
-1.0 -52.0 0.052 0.001
13.0 -310.0 0.023846 0.001
34.0 -345.0 0.010147 0.001
3.0 -179.0 0.059667 0.001
14.0 309.0 0.022071 0.001
33.0 346.0 0.010485 0.001
3.0 179.0 0.059667 0.001
-11.0 404.0 0.036727 0.001
-13.0 378.0 0.029077 0.001
-1.0 53.0 0.053 0.001
10.0 -377.0 0.0377 0.001
15.0 -406.0 0.027067 0.001
0.0 -52.0 -1.0 0.001
12.0 404.0 0.033667 0.001
13.0 378.0 0.029077 0.001
0.0 53.0 -1.0 0.001
-9.0 -377.0 0.041889 0.001
-15.0 -406.0 0.027067 0.001
-1.0 -52.0 0.052 0.001
-12.0 -310.0 0.025833 0.001
-34.0 -345.0 0.010147 0.001
-4.0 -179.0 0.04475 0.001
15.0 -251.0 0.016733 0.001
74.0 -367.0 0.004959 0.001
11.0 -216.0 0.019636 0.001
17.0 250.0 0.014706 0.001
73.0 367.0 0.005027 0.001
10.0 217.0 0.0217 0.001
-13.0 309.0 0.023769 0.001
-33.0 346.0 0.010485 0.001
-4.0 179.0 0.04475 0.001
-11.0 404.0 0.036727 0.001
-13.0 378.0 0.029077 0.001
-1.0 53.0 0.053 0.001
10.0 -377.0 0.0377 0.001
15.0 -406.0 0.027067 0.001
0.0 -52.0 -1.0 0.001
12.0 404.0 0.033667 0.001
13.0 378.0 0.029077 0.001
0.0 53.0 -1.0 0.001
-9.0 -377.0 0.041889 0.001
-15.0 -406.0 0.027067 0.001
-1.0 -52.0 0.052 0.001
13.0 -310.0 0.023846 0.001
34.0 -345.0 0.010147 0.001
3.0 -179.0 0.059667 0.001
14.0 309.0 0.022071 0.001
33.0 346.0 0.010485 0.001
3.0 179.0 0.059667 0.001
-11.0 404.0 0.036727 0.001
-13.0 378.0 0.029077 0.001
-1.0 53.0 0.053 0.001
10.0 -377.0 0.0377 0.001
15.0 -406.0 0.027067 0.001
0.0 -52.0 -1.0 0.001
12.0 404.0 0.033667 0.001
13.0 378.0 0.029077 0.001
0.0 53.0 -1.0 0.001
-9.0 -377.0 0.041889 0.001
-15.0 -406.0 0.027067 0.001
-1.0 -52.0 0.052 0.001
-12.0 -310.0 0.025833 0.001
-34.0 -345.0 0.010147 0.001
-4.0 -179.0 0.04475 0.001
-14.0 -251.0 0.017929 0.001
-74.0 -367.0 0.004959 0.001
-12.0 -216.0 0.018 0.001
20.0 -215.0 0.01075 0.001
60.0 -170.0 0.002833 0.001
90.0 -205.0 0.002278 0.001
29.0 -194.0 0.00669 0.001
1.0 -51.0 0.051 0.001
23.0 213.0 0.009261 0.001
74.0 189.0 0.002554 0.001
76.0 184.0 0.002421 0.001
27.0 198.0 0.007333 0.001
0.0 51.0 -1.0 0.001
-16.0 250.0 0.015625 0.001
-73.0 367.0 0.005027 0.001
-11.0 217.0 0.019727 0.001
-13.0 309.0 0.023769 0.001
-33.0 346.0 0.010485 0.001
-4.0 179.0 0.04475 0.001
-11.0 404.0 0.036727 0.001
-13.0 378.0 0.029077 0.001
-1.0 53.0 0.053 0.001
10.0 -377.0 0.0377 0.001
15.0 -406.0 0.027067 0.001
0.0 -52.0 -1.0 0.001
12.0 404.0 0.033667 0.001
13.0 378.0 0.029077 0.001
0.0 53.0 -1.0 0.001
-9.0 -377.0 0.041889 0.001
-15.0 -406.0 0.027067 0.001
-1.0 -52.0 0.052 0.001
13.0 -310.0 0.023846 0.001
34.0 -345.0 0.010147 0.001
3.0 -179.0 0.059667 0.001
14.0 309.0 0.022071 0.001
33.0 346.0 0.010485 0.001
3.0 179.0 0.059667 0.001
-11.0 404.0 0.036727 0.001
-13.0 378.0 0.029077 0.001
-1.0 53.0 0.053 0.001
10.0 -377.0 0.0377 0.001
15.0 -406.0 0.027067 0.001
0.0 -52.0 -1.0 0.001
12.0 404.0 0.033667 0.001
13.0 378.0 0.029077 0.001
0.0 53.0 -1.0 0.001
-9.0 -377.0 0.041889 0.001
-15.0 -406.0 0.027067 0.001
-1.0 -52.0 0.052 0.001
-12.0 -310.0 0.025833 0.001
-34.0 -345.0 0.010147 0.001
-4.0 -179.0 0.04475 0.001
15.0 -251.0 0.016733 0.001
74.0 -367.0 0.004959 0.001
11.0 -216.0 0.019636 0.001
17.0 250.0 0.014706 0.001
73.0 367.0 0.005027 0.001
10.0 217.0 0.0217 0.001
-13.0 309.0 0.023769 0.001
-33.0 346.0 0.010485 0.001
-4.0 179.0 0.04475 0.001
-11.0 404.0 0.036727 0.001
-13.0 378.0 0.029077 0.001
-1.0 53.0 0.053 0.001
10.0 -377.0 0.0377 0.001
15.0 -406.0 0.027067 0.001
0.0 -52.0 -1.0 0.001
12.0 404.0 0.033667 0.001
13.0 378.0 0.029077 0.001
0.0 53.0 -1.0 0.001
-9.0 -377.0 0.041889 0.001
-15.0 -406.0 0.027067 0.001
-1.0 -52.0 0.052 0.001
13.0 -310.0 0.023846 0.001
34.0 -345.0 0.010147 0.001
3.0 -179.0 0.059667 0.001
14.0 309.0 0.022071 0.001
33.0 346.0 0.010485 0.001
3.0 179.0 0.059667 0.001
-11.0 404.0 0.036727 0.001
-13.0 378.0 0.029077 0.001
-1.0 53.0 0.053 0.001
10.0 -377.0 0.0377 0.001
15.0 -406.0 0.027067 0.001
0.0 -52.0 -1.0 0.001
12.0 404.0 0.033667 0.001
13.0 378.0 0.029077 0.001
0.0 53.0 -1.0 0.001
-9.0 -377.0 0.041889 0.001
-15.0 -406.0 0.027067 0.001
-1.0 -52.0 0.052 0.001
-12.0 -310.0 0.025833 0.001
-34.0 -345.0 0.010147 0.001
-4.0 -179.0 0.04475 0.001
-14.0 -251.0 0.017929 0.001
-74.0 -367.0 0.004959 0.001
-12.0 -216.0 0.018 0.001
-19.0 -215.0 0.011316 0.001
-60.0 -170.0 0.002833 0.001
-90.0 -205.0 0.002278 0.001
-29.0 -194.0 0.00669 0.001
-2.0 -51.0 0.0255 0.001
-22.0 -180.0 0.008182 0.001
-62.0 -129.0 0.002081 0.001
-239.0 -256.0 0.001071 0.001
-60.0 -131.0 0.002183 0.001
-17.0 -138.0 0.008118 0.001
-39.0 -182.0 0.004667 0.001
-113.0 -132.0 0.001168 0.001
-250.0 -137.0 0.001 0.001825
-250.0 -125.0 0.001 0.002
-114.0 -123.0 0.001079 0.001
-34.0 -135.0 0.003971 0.001
0.0 -782.0 -1.0 0.001
-220.0 -52.0 0.001 0.004231
3420.0 52.0 0.001 0.065769
0.0 782.0 -1.0 0.001
-56.0 171.0 0.003054 0.001
-168.0 133.0 0.001 0.001263
-386.0 189.0 0.001 0.002042
-128.0 122.0 0.001 0.001049
-59.0 168.0 0.002847 0.001
-3.0 51.0 0.017 0.001
-28.0 176.0 0.006286 0.001
-88.0 143.0 0.001625 0.001
-199.0 206.0 0.001035 0.001
-62.0 129.0 0.002081 0.001
-23.0 180.0 0.007826 0.001
-22.0 213.0 0.009682 0.001
-74.0 189.0 0.002554 0.001
-76.0 184.0 0.002421 0.001
-27.0 198.0 0.007333 0.001
-1.0 51.0 0.051 0.001
-16.0 250.0 0.015625 0.001
-73.0 367.0 0.005027 0.001
-11.0 217.0 0.019727 0.001
-13.0 309.0 0.023769 0.001
-33.0 346.0 0.010485 0.001
-4.0 179.0 0.04475 0.001
-11.0 404.0 0.036727 0.001
-13.0 378.0 0.029077 0.001
-1.0 53.0 0.053 0.001
10.0 -377.0 0.0377 0.001
15.0 -406.0 0.027067 0.001
0.0 -52.0 -1.0 0.001
12.0 404.0 0.033667 0.001
13.0 378.0 0.029077 0.001
0.0 53.0 -1.0 0.001
-9.0 -377.0 0.041889 0.001
-15.0 -406.0 0.027067 0.001
-1.0 -52.0 0.052 0.001
13.0 -310.0 0.023846 0.001
34.0 -345.0 0.010147 0.001
3.0 -179.0 0.059667 0.001
14.0 309.0 0.022071 0.001
33.0 346.0 0.010485 0.001
3.0 179.0 0.059667 0.001
-11.0 404.0 0.036727 0.001
-13.0 378.0 0.029077 0.001
-1.0 53.0 0.053 0.001
10.0 -377.0 0.0377 0.001
15.0 -406.0 0.027067 0.001
0.0 -52.0 -1.0 0.001
12.0 404.0 0.033667 0.001
13.0 378.0 0.029077 0.001
0.0 53.0 -1.0 0.001
-9.0 -377.0 0.041889 0.001
-15.0 -406.0 0.027067 0.001
-1.0 -52.0 0.052 0.001
-12.0 -310.0 0.025833 0.001
-34.0 -345.0 0.010147 0.001
-4.0 -179.0 0.04475 0.001
15.0 -251.0 0.016733 0.001
74.0 -367.0 0.004959 0.001
11.0 -216.0 0.019636 0.001
17.0 250.0 0.014706 0.001
73.0 367.0 0.005027 0.001
10.0 217.0 0.0217 0.001
-13.0 309.0 0.023769 0.001
-33.0 346.0 0.010485 0.001
-4.0 179.0 0.04475 0.001
-11.0 404.0 0.036727 0.001
-13.0 378.0 0.029077 0.001
-1.0 53.0 0.053 0.001
10.0 -377.0 0.0377 0.001
15.0 -406.0 0.027067 0.001
0.0 -52.0 -1.0 0.001
12.0 404.0 0.033667 0.001
13.0 378.0 0.029077 0.001
0.0 53.0 -1.0 0.001
-9.0 -377.0 0.041889 0.001
-15.0 -406.0 0.027067 0.001
-1.0 -52.0 0.052 0.001
13.0 -310.0 0.023846 0.001
34.0 -345.0 0.010147 0.001
3.0 -179.0 0.059667 0.001
14.0 309.0 0.022071 0.001
33.0 346.0 0.010485 0.001
3.0 179.0 0.059667 0.001
-11.0 404.0 0.036727 0.001
-13.0 378.0 0.029077 0.001
-1.0 53.0 0.053 0.001
10.0 -377.0 0.0377 0.001
15.0 -406.0 0.027067 0.001
0.0 -52.0 -1.0 0.001
12.0 404.0 0.033667 0.001
13.0 378.0 0.029077 0.001
0.0 53.0 -1.0 0.001
-9.0 -377.0 0.041889 0.001
-15.0 -406.0 0.027067 0.001
-1.0 -52.0 0.052 0.001
-12.0 -310.0 0.025833 0.001
-34.0 -345.0 0.010147 0.001
-4.0 -179.0 0.04475 0.001
-14.0 -251.0 0.017929 0.001
-74.0 -367.0 0.004959 0.001
-12.0 -216.0 0.018 0.001
20.0 -215.0 0.01075 0.001
60.0 -170.0 0.002833 0.001
90.0 -205.0 0.002278 0.001
29.0 -194.0 0.00669 0.001
1.0 -51.0 0.051 0.001
23.0 213.0 0.009261 0.001
74.0 189.0 0.002554 0.001
76.0 184.0 0.002421 0.001
27.0 198.0 0.007333 0.001
0.0 51.0 -1.0 0.001
-16.0 250.0 0.015625 0.001
-73.0 367.0 0.005027 0.001
-11.0 217.0 0.019727 0.001
-13.0 309.0 0.023769 0.001
-33.0 346.0 0.010485 0.001
-4.0 179.0 0.04475 0.001
-11.0 404.0 0.036727 0.001
-13.0 378.0 0.029077 0.001
-1.0 53.0 0.053 0.001
10.0 -377.0 0.0377 0.001
15.0 -406.0 0.027067 0.001
0.0 -52.0 -1.0 0.001
12.0 404.0 0.033667 0.001
13.0 378.0 0.029077 0.001
0.0 53.0 -1.0 0.001
-9.0 -377.0 0.041889 0.001
-15.0 -406.0 0.027067 0.001
-1.0 -52.0 0.052 0.001
13.0 -310.0 0.023846 0.001
34.0 -345.0 0.010147 0.001
3.0 -179.0 0.059667 0.001
14.0 309.0 0.022071 0.001
33.0 346.0 0.010485 0.001
3.0 179.0 0.059667 0.001
-11.0 404.0 0.036727 0.001
-13.0 378.0 0.029077 0.001
-1.0 53.0 0.053 0.001
10.0 -377.0 0.0377 0.001
15.0 -406.0 0.027067 0.001
0.0 -52.0 -1.0 0.001
12.0 404.0 0.033667 0.001
13.0 378.0 0.029077 0.001
0.0 53.0 -1.0 0.001
-9.0 -377.0 0.041889 0.001
-15.0 -406.0 0.027067 0.001
-1.0 -52.0 0.052 0.001
-12.0 -310.0 0.025833 0.001
-34.0 -345.0 0.010147 0.001
-4.0 -179.0 0.04475 0.001
15.0 -251.0 0.016733 0.001
74.0 -367.0 0.004959 0.001
11.0 -216.0 0.019636 0.001
17.0 250.0 0.014706 0.001
73.0 367.0 0.005027 0.001
10.0 217.0 0.0217 0.001
-13.0 309.0 0.023769 0.001
-33.0 346.0 0.010485 0.001
-4.0 179.0 0.04475 0.001
-11.0 404.0 0.036727 0.001
-13.0 378.0 0.029077 0.001
-1.0 53.0 0.053 0.001
10.0 -377.0 0.0377 0.001
15.0 -406.0 0.027067 0.001
0.0 -52.0 -1.0 0.001
12.0 404.0 0.033667 0.001
13.0 378.0 0.029077 0.001
0.0 53.0 -1.0 0.001
-9.0 -377.0 0.041889 0.001
-15.0 -406.0 0.027067 0.001
-1.0 -52.0 0.052 0.001
13.0 -310.0 0.023846 0.001
34.0 -345.0 0.010147 0.001
3.0 -179.0 0.059667 0.001
14.0 309.0 0.022071 0.001
33.0 346.0 0.010485 0.001
3.0 179.0 0.059667 0.001
-11.0 404.0 0.036727 0.001
-13.0 378.0 0.029077 0.001
-1.0 53.0 0.053 0.001
10.0 -377.0 0.0377 0.001
15.0 -406.0 0.027067 0.001
0.0 -52.0 -1.0 0.001
12.0 404.0 0.033667 0.001
13.0 378.0 0.029077 0.001
0.0 53.0 -1.0 0.001
-9.0 -377.0 0.041889 0.001
-15.0 -406.0 0.027067 0.001
-1.0 -52.0 0.052 0.001
-12.0 -310.0 0.025833 0.001
-34.0 -345.0 0.010147 0.001
-4.0 -179.0 0.04475 0.001
-14.0 -251.0 0.017929 0.001
-74.0 -367.0 0.004959 0.001
-12.0 -216.0 0.018 0.001
-19.0 -215.0 0.011316 0.001
-60.0 -170.0 0.002833 0.001
-90.0 -205.0 0.002278 0.001
-29.0 -194.0 0.00669 0.001
-2.0 -51.0 0.0255 0.001
23.0 -180.0 0.007826 0.001
62.0 -129.0 0.002081 0.001
239.0 -256.0 0.001071 0.001
60.0 -131.0 0.002183 0.001
16.0 -138.0 0.008625 0.001
29.0 176.0 0.006069 0.001
88.0 143.0 0.001625 0.001
199.0 206.0 0.001035 0.001
62.0 129.0 0.002081 0.001
22.0 180.0 0.008182 0.001
-22.0 213.0 0.009682 0.001
-74.0 189.0 0.002554 0.001
-76.0 184.0 0.002421 0.001
-27.0 198.0 0.007333 0.001
-1.0 51.0 0.051 0.001
-16.0 250.0 0.015625 0.001
-73.0 367.0 0.005027 0.001
-11.0 217.0 0.019727 0.001
-13.0 309.0 0.023769 0.001
-33.0 346.0 0.010485 0.001
-4.0 179.0 0.04475 0.001
-11.0 404.0 0.036727 0.001
-13.0 378.0 0.029077 0.001
-1.0 53.0 0.053 0.001
10.0 -377.0 0.0377 0.001
15.0 -406.0 0.027067 0.001
0.0 -52.0 -1.0 0.001
12.0 404.0 0.033667 0.001
13.0 378.0 0.029077 0.001
0.0 53.0 -1.0 0.001
-9.0 -377.0 0.041889 0.001
-15.0 -406.0 0.027067 0.001
-1.0 -52.0 0.052 0.001
13.0 -310.0 0.023846 0.001
34.0 -345.0 0.010147 0.001
3.0 -179.0 0.059667 0.001
14.0 309.0 0.022071 0.001
33.0 346.0 0.010485 0.001
3.0 179.0 0.059667 0.001
-11.0 404.0 0.036727 0.001
-13.0 378.0 0.029077 0.001
-1.0 53.0 0.053 0.001
10.0 -377.0 0.0377 0.001
15.0 -406.0 0.027067 0.001
0.0 -52.0 -1.0 0.001
12.0 404.0 0.033667 0.001
13.0 378.0 0.029077 0.001
0.0 53.0 -1.0 0.001
-9.0 -377.0 0.041889 0.001
-15.0 -406.0 0.027067 0.001
-1.0 -52.0 0.052 0.001
-12.0 -310.0 0.025833 0.001
-34.0 -345.0 0.010147 0.001
-4.0 -179.0 0.04475 0.001
15.0 -251.0 0.016733 0.001
74.0 -367.0 0.004959 0.001
11.0 -216.0 0.019636 0.001
17.0 250.0 0.014706 0.001
73.0 367.0 0.005027 0.001
10.0 217.0 0.0217 0.001
-13.0 309.0 0.023769 0.001
-33.0 346.0 0.010485 0.001
-4.0 179.0 0.04475 0.001
-11.0 404.0 0.036727 0.001
-13.0 378.0 0.029077 0.001
-1.0 53.0 0.053 0.001
10.0 -377.0 0.0377 0.001
15.0 -406.0 0.027067 0.001
0.0 -52.0 -1.0 0.001
12.0 404.0 0.033667 0.001
13.0 378.0 0.029077 0.001
0.0 53.0 -1.0 0.001
-9.0 -377.0 0.041889 0.001
-15.0 -406.0 0.027067 0.001
-1.0 -52.0 0.052 0.001
13.0 -310.0 0.023846 0.001
34.0 -345.0 0.010147 0.001
3.0 -179.0 0.059667 0.001
14.0 309.0 0.022071 0.001
33.0 346.0 0.010485 0.001
3.0 179.0 0.059667 0.001
-11.0 404.0 0.036727 0.001
-13.0 378.0 0.029077 0.001
-1.0 53.0 0.053 0.001
10.0 -377.0 0.0377 0.001
15.0 -406.0 0.027067 0.001
0.0 -52.0 -1.0 0.001
12.0 404.0 0.033667 0.001
13.0 378.0 0.029077 0.001
0.0 53.0 -1.0 0.001
-9.0 -377.0 0.041889 0.001
-15.0 -406.0 0.027067 0.001
-1.0 -52.0 0.052 0.001
-12.0 -310.0 0.025833 0.001
-34.0 -345.0 0.010147 0.001
-4.0 -179.0 0.04475 0.001
-14.0 -251.0 0.017929 0.001
-74.0 -367.0 0.004959 0.001
-12.0 -216.0 0.018 0.001
20.0 -215.0 0.01075 0.001
60.0 -170.0 0.002833 0.001
90.0 -205.0 0.002278 0.001
29.0 -194.0 0.00669 0.001
1.0 -51.0 0.051 0.001
23.0 213.0 0.009261 0.001
74.0 189.0 0.002554 0.001
76.0 184.0 0.002421 0.001
27.0 198.0 0.007333 0.001
0.0 51.0 -1.0 0.001
-16.0 250.0 0.015625 0.001
-73.0 367.0 0.005027 0.001
-11.0 217.0 0.019727 0.001
-13.0 309.0 0.023769 0.001
-33.0 346.0 0.010485 0.001
-4.0 179.0 0.04475 0.001
-11.0 404.0 0.036727 0.001
-13.0 378.0 0.029077 0.001
-1.0 53.0 0.053 0.001
10.0 -377.0 0.0377 0.001
15.0 -406.0 0.027067 0.001
0.0 -52.0 -1.0 0.001
12.0 404.0 0.033667 0.001
13.0 378.0 0.029077 0.001
0.0 53.0 -1.0 0.001
-9.0 -377.0 0.041889 0.001
-15.0 -406.0 0.027067 0.001
-1.0 -52.0 0.052 0.001
13.0 -310.0 0.023846 0.001
34.0 -345.0 0.010147 0.001
3.0 -179.0 0.059667 0.001
14.0 309.0 0.022071 0.001
33.0 346.0 0.010485 0.001
3.0 179.0 0.059667 0.001
-11.0 404.0 0.036727 0.001
-13.0 378.0 0.029077 0.001
-1.0 53.0 0.053 0.001
10.0 -377.0 0.0377 0.001
15.0 -406.0 0.027067 0.001
0.0 -52.0 -1.0 0.001
12.0 404.0 0.033667 0.001
13.0 378.0 0.029077 0.001
0.0 53.0 -1.0 0.001
-9.0 -377.0 0.041889 0.001
-15.0 -406.0 0.027067 0.001
-1.0 -52.0 0.052 0.001
-12.0 -310.0 0.025833 0.001
-34.0 -345.0 0.010147 0.001
-4.0 -179.0 0.04475 0.001
15.0 -251.0 0.016733 0.001
74.0 -367.0 0.004959 0.001
11.0 -216.0 0.019636 0.001
17.0 250.0 0.014706 0.001
73.0 367.0 0.005027 0.001
10.0 217.0 0.0217 0.001
-13.0 309.0 0.023769 0.001
-33.0 346.0 0.010485 0.001
-4.0 179.0 0.04475 0.001
-11.0 404.0 0.036727 0.001
-13.0 378.0 0.029077 0.001
-1.0 53.0 0.053 0.001
10.0 -377.0 0.0377 0.001
15.0 -406.0 0.027067 0.001
0.0 -52.0 -1.0 0.001
12.0 404.0 0.033667 0.001
13.0 378.0 0.029077 0.001
0.0 53.0 -1.0 0.001
-9.0 -377.0 0.041889 0.001
-15.0 -406.0 0.027067 0.001
-1.0 -52.0 0.052 0.001
13.0 -310.0 0.023846 0.001
34.0 -345.0 0.010147 0.001
3.0 -179.0 0.059667 0.001
14.0 309.0 0.022071 0.001
33.0 346.0 0.010485 0.001
3.0 179.0 0.059667 0.001
-11.0 404.0 0.036727 0.001
-13.0 378.0 0.029077 0.001
-1.0 53.0 0.053 0.001
10.0 -377.0 0.0377 0.001
15.0 -406.0 0.027067 0.001
0.0 -52.0 -1.0 0.001
12.0 404.0 0.033667 0.001
13.0 378.0 0.029077 0.001
0.0 53.0 -1.0 0.001
-9.0 -377.0 0.041889 0.001
-15.0 -406.0 0.027067 0.001
-1.0 -52.0 0.052 0.001
-12.0 -310.0 0.025833 0.001
-34.0 -345.0 0.010147 0.001
-4.0 -179.0 0.04475 0.001
-14.0 -251.0 0.017929 0.001
-74.0 -367.0 0.004959 0.001
-12.0 -216.0 0.018 0.001
-19.0 -215.0 0.011316 0.001
-60.0 -170.0 0.002833 0.001
-90.0 -205.0 0.002278 0.001
-29.0 -194.0 0.00669 0.001
-2.0 -51.0 0.0255 0.001
-22.0 -180.0 0.008182 0.001
-62.0 -129.0 0.002081 0.001
-239.0 -256.0 0.001071 0.001
-60.0 -131.0 0.002183 0.001
-17.0 -138.0 0.008118 0.001
40.0 -182.0 0.00455 0.001
113.0 -132.0 0.001168 0.001
250.0 -137.0 0.001 0.001825
250.0 -125.0 0.001 0.002
114.0 -123.0 0.001079 0.001
33.0 -135.0 0.004091 0.001
57.0 171.0 0.003 0.001
168.0 133.0 0.001 0.001263
386.0 189.0 0.001 0.002042
128.0 122.0 0.001 0.001049
59.0 168.0 0.002847 0.001
2.0 51.0 0.0255 0.001
-28.0 176.0 0.006286 0.001
-88.0 143.0 0.001625 0.001
-199.0 206.0 0.001035 0.001
-62.0 129.0 0.002081 0.001
-23.0 180.0 0.007826 0.001
-22.0 213.0 0.009682 0.001
-74.0 189.0 0.002554 0.001
-76.0 184.0 0.002421 0.001
-27.0 198.0 0.007333 0.001
-1.0 51.0 0.051 0.001
-16.0 250.0 0.015625 0.001
-73.0 367.0 0.005027 0.001
-11.0 217.0 0.019727 0.001
-13.0 309.0 0.023769 0.001
-33.0 346.0 0.010485 0.001
-4.0 179.0 0.04475 0.001
-11.0 404.0 0.036727 0.001
-13.0 378.0 0.029077 0.001
-1.0 53.0 0.053 0.001
10.0 -377.0 0.0377 0.001
15.0 -406.0 0.027067 0.001
0.0 -52.0 -1.0 0.001
12.0 404.0 0.033667 0.001
13.0 378.0 0.029077 0.001
0.0 53.0 -1.0 0.001
-9.0 -377.0 0.041889 0.001
-15.0 -406.0 0.027067 0.001
-1.0 -52.0 0.052 0.001
13.0 -310.0 0.023846 0.001
34.0 -345.0 0.010147 0.001
3.0 -179.0 0.059667 0.001
14.0 309.0 0.022071 0.001
33.0 346.0 0.010485 0.001
3.0 179.0 0.059667 0.001
-11.0 404.0 0.036727 0.001
-13.0 378.0 0.029077 0.001
-1.0 53.0 0.053 0.001
10.0 -377.0 0.0377 0.001
15.0 -406.0 0.027067 0.001
0.0 -52.0 -1.0 0.001
12.0 404.0 0.033667 0.001
13.0 378.0 0.029077 0.001
0.0 53.0 -1.0 0.001
-9.0 -377.0 0.041889 0.001
-15.0 -406.0 0.027067 0.001
-1.0 -52.0 0.052 0.001
-12.0 -310.0 0.025833 0.001
-34.0 -345.0 0.010147 0.001
-4.0 -179.0 0.04475 0.001
15.0 -251.0 0.016733 0.001
74.0 -367.0 0.004959 0.001
11.0 -216.0 0.019636 0.001
17.0 250.0 0.014706 0.001
73.0 367.0 0.005027 0.001
10.0 217.0 0.0217 0.001
-13.0 309.0 0.023769 0.001
-33.0 346.0 0.010485 0.001
-4.0 179.0 0.04475 0.001
-11.0 404.0 0.036727 0.001
-13.0 378.0 0.029077 0.001
-1.0 53.0 0.053 0.001
10.0 -377.0 0.0377 0.001
15.0 -406.0 0.027067 0.001
0.0 -52.0 -1.0 0.001
12.0 404.0 0.033667 0.001
13.0 378.0 0.029077 0.001
0.0 53.0 -1.0 0.001
-9.0 -377.0 0.041889 0.001
-15.0 -406.0 0.027067 0.001
-1.0 -52.0 0.052 0.001
13.0 -310.0 0.023846 0.001
34.0 -345.0 0.010147 0.001
3.0 -179.0 0.059667 0.001
14.0 309.0 0.022071 0.001
33.0 346.0 0.010485 0.001
3.0 179.0 0.059667 0.001
-11.0 404.0 0.036727 0.001
-13.0 378.0 0.029077 0.001
-1.0 53.0 0.053 0.001
10.0 -377.0 0.0377 0.001
15.0 -406.0 0.027067 0.001
0.0 -52.0 -1.0 0.001
12.0 404.0 0.033667 0.001
13.0 378.0 0.029077 0.001
0.0 53.0 -1.0 0.001
-9.0 -377.0 0.041889 0.001
-15.0 -406.0 0.027067 0.001
-1.0 -52.0 0.052 0.001
-12.0 -310.0 0.025833 0.001
-34.0 -345.0 0.010147 0.001
-4.0 -179.0 0.04475 0.001
-14.0 -251.0 0.017929 0.001
-74.0 -367.0 0.004959 0.001
-12.0 -216.0 0.018 0.001
20.0 -215.0 0.01075 0.001
60.0 -170.0 0.002833 0.001
90.0 -205.0 0.002278 0.001
29.0 -194.0 0.00669 0.001
1.0 -51.0 0.051 0.001
23.0 213.0 0.009261 0.001
74.0 189.0 0.002554 0.001
76.0 184.0 0.002421 0.001
27.0 198.0 0.007333 0.001
0.0 51.0 -1.0 0.001
-16.0 250.0 0.015625 0.001
-73.0 367.0 0.005027 0.001
-11.0 217.0 0.019727 0.001
-13.0 309.0 0.023769 0.001
-33.0 346.0 0.010485 0.001
-4.0 179.0 0.04475 0.001
-11.0 404.0 0.036727 0.001
-13.0 378.0 0.029077 0.001
-1.0 53.0 0.053 0.001
10.0 -377.0 0.0377 0.001
15.0 -406.0 0.027067 0.001
0.0 -52.0 -1.0 0.001
12.0 404.0 0.033667 0.001
13.0 378.0 0.029077 0.001
0.0 53.0 -1.0 0.001
-9.0 -377.0 0.041889 0.001
-15.0 -406.0 0.027067 0.001
-1.0 -52.0 0.052 0.001
13.0 -310.0 0.023846 0.001
34.0 -345.0 0.010147 0.001
3.0 -179.0 0.059667 0.001
14.0 309.0 0.022071 0.001
33.0 346.0 0.010485 0.001
3.0 179.0 0.059667 0.001
-11.0 404.0 0.036727 0.001
-13.0 378.0 0.029077 0.001
-1.0 53.0 0.053 0.001
10.0 -377.0 0.0377 0.001
15.0 -406.0 0.027067 0.001
0.0 -52.0 -1.0 0.001
12.0 404.0 0.033667 0.001
13.0 378.0 0.029077 0.001
0.0 53.0 -1.0 0.001
-9.0 -377.0 0.041889 0.001
-15.0 -406.0 0.027067 0.001
-1.0 -52.0 0.052 0.001
-12.0 -310.0 0.025833 0.001
-34.0 -345.0 0.010147 0.001
-4.0 -179.0 0.04475 0.001
15.0 -251.0 0.016733 0.001
74.0 -367.0 0.004959 0.001
11.0 -216.0 0.019636 0.001
17.0 250.0 0.014706 0.001
73.0 367.0 0.005027 0.001
10.0 217.0 0.0217 0.001
-13.0 309.0 0.023769 0.001
-33.0 346.0 0.010485 0.001
-4.0 179.0 0.04475 0.001
-11.0 404.0 0.036727 0.001
-13.0 378.0 0.029077 0.001
-1.0 53.0 0.053 0.001
10.0 -377.0 0.0377 0.001
15.0 -406.0 0.027067 0.001
0.0 -52.0 -1.0 0.001
12.0 404.0 0.033667 0.001
13.0 378.0 0.029077 0.001
0.0 53.0 -1.0 0.001
-9.0 -377.0 0.041889 0.001
-15.0 -406.0 0.027067 0.001
-1.0 -52.0 0.052 0.001
13.0 -310.0 0.023846 0.001
34.0 -345.0 0.010147 0.001
3.0 -179.0 0.059667 0.001
14.0 309.0 0.022071 0.001
33.0 346.0 0.010485 0.001
3.0 179.0 0.059667 0.001
-11.0 404.0 0.036727 0.001
-13.0 378.0 0.029077 0.001
-1.0 53.0 0.053 0.001
10.0 -377.0 0.0377 0.001
15.0 -406.0 0.027067 0.001
0.0 -52.0 -1.0 0.001
12.0 404.0 0.033667 0.001
13.0 378.0 0.029077 0.001
0.0 53.0 -1.0 0.001
-9.0 -377.0 0.041889 0.001
-15.0 -406.0 0.027067 0.001
-1.0 -52.0 0.052 0.001
-12.0 -310.0 0.025833 0.001
-34.0 -345.0 0.010147 0.001
-4.0 -179.0 0.04475 0.001
-14.0 -251.0 0.017929 0.001
-74.0 -367.0 0.004959 0.001
-12.0 -216.0 0.018 0.001
-19.0 -215.0 0.011316 0.001
-60.0 -170.0 0.002833 0.001
-90.0 -205.0 0.002278 0.001
-29.0 -194.0 0.00669 0.001
-2.0 -51.0 0.0255 0.001
23.0 -180.0 0.007826 0.001
62.0 -129.0 0.002081 0.001
239.0 -256.0 0.001071 0.001
60.0 -131.0 0.002183 0.001
16.0 -138.0 0.008625 0.001
29.0 176.0 0.006069 0.001
88.0 143.0 0.001625 0.001
199.0 206.0 0.001035 0.001
62.0 129.0 0.002081 0.001
22.0 180.0 0.008182 0.001
-22.0 213.0 0.009682 0.001
-74.0 189.0 0.002554 0.001
-76.0 184.0 0.002421 0.001
-27.0 198.0 0.007333 0.001
-1.0 51.0 0.051 0.001
-16.0 250.0 0.015625 0.001
-73.0 367.0 0.005027 0.001
-11.0 217.0 0.019727 0.001
-13.0 309.0 0.023769 0.001
-33.0 346.0 0.010485 0.001
-4.0 179.0 0.04475 0.001
-11.0 404.0 0.036727 0.001
-13.0 378.0 0.029077 0.001
-1.0 53.0 0.053 0.001
10.0 -377.0 0.0377 0.001
15.0 -406.0 0.027067 0.001
0.0 -52.0 -1.0 0.001
12.0 404.0 0.033667 0.001
13.0 378.0 0.029077 0.001
0.0 53.0 -1.0 0.001
-9.0 -377.0 0.041889 0.001
-15.0 -406.0 0.027067 0.001
-1.0 -52.0 0.052 0.001
13.0 -310.0 0.023846 0.001
34.0 -345.0 0.010147 0.001
3.0 -179.0 0.059667 0.001
14.0 309.0 0.022071 0.001
33.0 346.0 0.010485 0.001
3.0 179.0 0.059667 0.001
-11.0 404.0 0.036727 0.001
-13.0 378.0 0.029077 0.001
-1.0 53.0 0.053 0.001
10.0 -377.0 0.0377 0.001
15.0 -406.0 0.027067 0.001
0.0 -52.0 -1.0 0.001
12.0 404.0 0.033667 0.001
13.0 378.0 0.029077 0.001
0.0 53.0 -1.0 0.001
-9.0 -377.0 0.041889 0.001
-15.0 -406.0 0.027067 0.001
-1.0 -52.0 0.052 0.001
-12.0 -310.0 0.025833 0.001
-34.0 -345.0 0.010147 0.001
-4.0 -179.0 0.04475 0.001
15.0 -251.0 0.016733 0.001
74.0 -367.0 0.004959 0.001
11.0 -216.0 0.019636 0.001
17.0 250.0 0.014706 0.001
73.0 367.0 0.005027 0.001
10.0 217.0 0.0217 0.001
-13.0 309.0 0.023769 0.001
-33.0 346.0 0.010485 0.001
-4.0 179.0 0.04475 0.001
-11.0 404.0 0.036727 0.001
-13.0 378.0 0.029077 0.001
-1.0 53.0 0.053 0.001
10.0 -377.0 0.0377 0.001
15.0 -406.0 0.027067 0.001
0.0 -52.0 -1.0 0.001
12.0 404.0 0.033667 0.001
13.0 378.0 0.029077 0.001
0.0 53.0 -1.0 0.001
-9.0 -377.0 0.041889 0.001
-15.0 -406.0 0.027067 0.001
-1.0 -52.0 0.052 0.001
13.0 -310.0 0.023846 0.001
34.0 -345.0 0.010147 0.001
3.0 -179.0 0.059667 0.001
14.0 309.0 0.022071 0.001
33.0 346.0 0.010485 0.001
3.0 179.0 0.059667 0.001
-11.0 404.0 0.036727 0.001
-13.0 378.0 0.029077 0.001
-1.0 53.0 0.053 0.001
10.0 -377.0 0.0377 0.001
15.0 -406.0 0.027067 0.001
0.0 -52.0 -1.0 0.001
12.0 404.0 0.033667 0.001
13.0 378.0 0.029077 0.001
0.0 53.0 -1.0 0.001
-9.0 -377.0 0.041889 0.001
-15.0 -406.0 0.027067 0.001
-1.0 -52.0 0.052 0.001
-12.0 -310.0 0.025833 0.001
-34.0 -345.0 0.010147 0.001
-4.0 -179.0 0.04475 0.001
-14.0 -251.0 0.017929 0.001
-74.0 -367.0 0.004959 0.001
-12.0 -216.0 0.018 0.001
20.0 -215.0 0.01075 0.001
60.0 -170.0 0.002833 0.001
90.0 -205.0 0.002278 0.001
29.0 -194.0 0.00669 0.001
1.0 -51.0 0.051 0.001
23.0 213.0 0.009261 0.001
74.0 189.0 0.002554 0.001
76.0 184.0 0.002421 0.001
27.0 198.0 0.007333 0.001
0.0 51.0 -1.0 0.001
-16.0 250.0 0.015625 0.001
-73.0 367.0 0.005027 0.001
-11.0 217.0 0.019727 0.001
-13.0 309.0 0.023769 0.001
-33.0 346.0 0.010485 0.001
-4.0 179.0 0.04475 0.001
-11.0 404.0 0.036727 0.001
-13.0 378.0 0.029077 0.001
-1.0 53.0 0.053 0.001
10.0 -377.0 0.0377 0.001
15.0 -406.0 0.027067 0.001
0.0 -52.0 -1.0 0.001
12.0 404.0 0.033667 0.001
13.0 378.0 0.029077 0.001
0.0 53.0 -1.0 0.001
-9.0 -377.0 0.041889 0.001
-15.0 -406.0 0.027067 0.001
-1.0 -52.0 0.052 0.001
13.0 -310.0 0.023846 0.001
34.0 -345.0 0.010147 0.001
3.0 -179.0 0.059667 0.001
14.0 309.0 0.022071 0.001
33.0 346.0 0.010485 0.001
3.0 179.0 0.059667 0.001
-11.0 404.0 0.036727 0.001
-13.0 378.0 0.029077 0.001
-1.0 53.0 0.053 0.001
10.0 -377.0 0.0377 0.001
15.0 -406.0 0.027067 0.001
0.0 -52.0 -1.0 0.001
12.0 404.0 0.033667 0.001
13.0 378.0 0.029077 0.001
0.0 53.0 -1.0 0.001
-9.0 -377.0 0.041889 0.001
-15.0 -406.0 0.027067 0.001
-1.0 -52.0 0.052 0.001
-12.0 -310.0 0.025833 0.001
-34.0 -345.0 0.010147 0.001
-4.0 -179.0 0.04475 0.001
15.0 -251.0 0.016733 0.001
74.0 -367.0 0.004959 0.001
11.0 -216.0 0.019636 0.001
17.0 250.0 0.014706 0.001
73.0 367.0 0.005027 0.001
10.0 217.0 0.0217 0.001
-13.0 309.0 0.023769 0.001
-33.0 346.0 0.010485 0.001
-4.0 179.0 0.04475 0.001
-11.0 404.0 0.036727 0.001
-13.0 378.0 0.029077 0.001
-1.0 53.0 0.053 0.001
10.0 -377.0 0.0377 0.001
15.0 -406.0 0.027067 0.001
0.0 -52.0 -1.0 0.001
12.0 404.0 0.033667 0.001
13.0 378.0 0.029077 0.001
0.0 53.0 -1.0 0.001
-9.0 -377.0 0.041889 0.001
-15.0 -406.0 0.027067 0.001
-1.0 -52.0 0.052 0.001
13.0 -310.0 0.023846 0.001
34.0 -345.0 0.010147 0.001
3.0 -179.0 0.059667 0.001
14.0 309.0 0.022071 0.001
33.0 346.0 0.010485 0.001
3.0 179.0 0.059667 0.001
-11.0 404.0 0.036727 0.001
-13.0 378.0 0.029077 0.001
-1.0 53.0 0.053 0.001
10.0 -377.0 0.0377 0.001
15.0 -406.0 0.027067 0.001
0.0 -52.0 -1.0 0.001
12.0 404.0 0.033667 0.001
13.0 378.0 0.029077 0.001
0.0 53.0 -1.0 0.001
-9.0 -377.0 0.041889 0.001
-15.0 -406.0 0.027067 0.001
-1.0 -52.0 0.052 0.001
-12.0 -310.0 0.025833 0.001
-34.0 -345.0 0.010147 0.001
-4.0 -179.0 0.04475 0.001
-14.0 -251.0 0.017929 0.001
-74.0 -367.0 0.004959 0.001
-12.0 -216.0 0.018 0.001
-19.0 -215.0 0.011316 0.001
-60.0 -170.0 0.002833 0.001
-90.0 -205.0 0.002278 0.001
-29.0 -194.0 0.00669 0.001
-2.0 -51.0 0.0255 0.001
-22.0 -180.0 0.008182 0.001
-62.0 -129.0 0.002081 0.001
-239.0 -256.0 0.001071 0.001
-60.0 -131.0 0.002183 0.001
-17.0 -138.0 0.008118 0.001
-39.0 -182.0 0.004667 0.001
-113.0 -132.0 0.001168 0.001
-250.0 -137.0 0.001 0.001825
-250.0 -125.0 0.001 0.002
-114.0 -123.0 0.001079 0.001
-34.0 -135.0 0.003971 0.001
0.0 -782.0 -1.0 0.001
-3298.0 -52.0 0.001 0.063423
0.0 0.0 0.001 0.001
0.0 0.0 0.001 0.001
