0 730 -1.0 0.001
3200 36 0.001 0.088889
3200 37 0.001 0.086486
3200 36 0.001 0.088889
2134 19 0.001 0.112316
1066 18 0.001 0.059222
1865 10 0.001 0.1865
1335 26 0.001 0.051346
1661 4 0.001 0.41525
1539 33 0.001 0.046636
1522 -3 0.001 0.507333
1678 39 0.001 0.043026
1479 -7 0.001 0.211286
1721 44 0.001 0.039114
1352 -13 0.001 0.104
1848 49 0.001 0.037714
1283 -17 0.001 0.075471
1917 54 0.001 0.0355
1170 -23 0.001 0.05087
1860 49 0.001 0.037959
170 10 0.001 0.017
1141 -27 0.001 0.042259
1729 44 0.001 0.039295
330 20 0.001 0.0165
1036 -32 0.001 0.032375
1606 35 0.001 0.045886
558 33 0.001 0.016909
989 -36 0.001 0.027472
1530 30 0.001 0.051
681 43 0.001 0.015837
967 -42 0.001 0.023024
1423 26 0.001 0.054731
810 52 0.001 0.015577
875 -45 0.001 0.019444
1322 17 0.001 0.077765
1003 65 0.001 0.015431
856 -50 0.001 0.01712
1294 14 0.001 0.092429
978 64 0.001 0.015281
72 8 0.001 0.009
820 -54 0.001 0.015185
1177 7 0.001 0.168143
997 61 0.001 0.016344
206 23 0.001 0.008957
803 -59 0.001 0.01361
1155 4 0.001 0.28875
974 60 0.001 0.016233
268 31 0.001 0.008645
723 -61 0.001 0.011852
1072 -5 0.001 0.2144
1012 56 0.001 0.018071
393 47 0.001 0.008362
708 -66 0.001 0.010727
991 -10 0.001 0.0991
989 51 0.001 0.019392
512 61 0.001 0.008393
681 -69 0.001 0.00987
956 -15 0.001 0.063733
1010 51 0.001 0.019804
553 70 0.001 0.0079
668 -74 0.001 0.009027
882 -20 0.001 0.0441
989 46 0.001 0.0215
661 84 0.001 0.007869
656 -78 0.001 0.00841
866 -24 0.001 0.036083
971 44 0.001 0.022068
707 95 0.001 0.007442
632 -83 0.001 0.007614
838 -28 0.001 0.029929
936 39 0.001 0.024
680 86 0.001 0.007907
114 22 0.001 0.005182
621 -87 0.001 0.007138
770 -32 0.001 0.024062
919 33 0.001 0.027848
666 79 0.001 0.00843
224 44 0.001 0.005091
610 -92 0.001 0.00663
757 -36 0.001 0.021028
851 27 0.001 0.031519
707 82 0.001 0.008622
275 55 0.001 0.005
599 -97 0.001 0.006175
746 -40 0.001 0.01865
837 25 0.001 0.03348
694 82 0.001 0.008463
324 67 0.001 0.004836
579 -101 0.001 0.005733
723 -45 0.001 0.016067
811 21 0.001 0.038619
669 74 0.001 0.009041
418 87 0.001 0.004805
517 -99 0.001 0.005222
664 -53 0.001 0.012528
799 10 0.001 0.0799
707 71 0.001 0.009958
513 108 0.001 0.00475
508 -104 0.001 0.004885
654 -57 0.001 0.011474
788 7 0.001 0.112571
696 70 0.001 0.009943
554 120 0.001 0.004617
500 -108 0.001 0.00463
644 -61 0.001 0.010557
728 1 0.001 0.728
684 64 0.001 0.010688
546 112 0.001 0.004875
98 29 0.001 0.003379
484 -112 0.001 0.004321
625 -66 0.001 0.00947
708 -3 0.001 0.236
664 58 0.001 0.011448
528 104 0.001 0.005077
191 55 0.001 0.003473
476 -116 0.001 0.004103
570 -68 0.001 0.008382
699 -10 0.001 0.0699
653 52 0.001 0.012558
567 109 0.001 0.005202
235 70 0.001 0.003357
468 -121 0.001 0.003868
562 -72 0.001 0.007806
690 -14 0.001 0.049286
644 51 0.001 0.012627
558 107 0.001 0.005215
278 85 0.001 0.003271
460 -125 0.001 0.00368
554 -77 0.001 0.007195
682 -16 0.001 0.042625
635 49 0.001 0.012959
550 105 0.001 0.005238
319 101 0.001 0.003158
446 -129 0.001 0.003457
539 -81 0.001 0.006654
620 -23 0.001 0.026957
662 45 0.001 0.014711
535 98 0.001 0.005459
398 126 0.001 0.003159
439 -133 0.001 0.003301
532 -86 0.001 0.006186
612 -26 0.001 0.023538
611 38 0.001 0.016079
527 91 0.001 0.005791
436 135 0.001 0.00323
43 18 0.001 0.002389
432 -139 0.001 0.003108
525 -89 0.001 0.005899
605 -30 0.001 0.020167
603 36 0.001 0.01675
520 90 0.001 0.005778
431 133 0.001 0.003241
84 35 0.001 0.0024
425 -143 0.001 0.002972
518 -94 0.001 0.005511
598 -33 0.001 0.018121
596 34 0.001 0.017529
513 88 0.001 0.00583
425 132 0.001 0.00322
125 53 0.001 0.002358
413 -147 0.001 0.00281
504 -99 0.001 0.005091
584 -38 0.001 0.015368
581 29 0.001 0.020034
542 92 0.001 0.005891
455 146 0.001 0.003116
121 53 0.001 0.002283
407 -151 0.001 0.002695
497 -104 0.001 0.004779
578 -41 0.001 0.014098
575 26 0.001 0.022115
535 91 0.001 0.005879
449 144 0.001 0.003118
159 72 0.001 0.002208
400 -156 0.001 0.002564
450 -102 0.001 0.004412
531 -50 0.001 0.01062
569 14 0.001 0.040643
529 79 0.001 0.006696
445 130 0.001 0.003423
276 121 0.001 0.002281
394 -160 0.001 0.002463
444 -107 0.001 0.00415
525 -54 0.001 0.009722
563 12 0.001 0.046917
523 78 0.001 0.006705
440 128 0.001 0.003438
311 140 0.001 0.002221
383 -164 0.001 0.002335
433 -111 0.001 0.003901
513 -59 0.001 0.008695
551 7 0.001 0.078714
511 71 0.001 0.007197
429 121 0.001 0.003545
380 171 0.001 0.002222
377 -168 0.001 0.002244
427 -116 0.001 0.003681
508 -63 0.001 0.008063
546 5 0.001 0.1092
505 69 0.001 0.007319
425 120 0.001 0.003542
376 169 0.001 0.002225
36 21 0.001 0.001714
371 -173 0.001 0.002145
422 -121 0.001 0.003488
503 -67 0.001 0.007507
540 2 0.001 0.27
501 68 0.001 0.007368
420 118 0.001 0.003559
371 168 0.001 0.002208
72 41 0.001 0.001756
366 -178 0.001 0.002056
416 -125 0.001 0.003328
459 -68 0.001 0.00675
497 -9 0.001 0.055222
496 57 0.001 0.008702
455 118 0.001 0.003856
368 159 0.001 0.002314
143 83 0.001 0.001723
356 -181 0.001 0.001967
406 -129 0.001 0.003147
449 -74 0.001 0.006068
487 -13 0.001 0.037462
486 50 0.001 0.00972
445 111 0.001 0.004009
362 151 0.001 0.002397
209 121 0.001 0.001727
350 -185 0.001 0.001892
401 -134 0.001 0.002993
445 -78 0.001 0.005705
483 -16 0.001 0.030188
481 48 0.001 0.010021
441 110 0.001 0.004009
393 168 0.001 0.002339
206 124 0.001 0.001661
345 -191 0.001 0.001806
396 -138 0.001 0.00287
440 -82 0.001 0.005366
479 -20 0.001 0.02395
477 47 0.001 0.010149
437 109 0.001 0.004009
389 166 0.001 0.002343
237 145 0.001 0.001634
336 -193 0.001 0.001741
386 -143 0.001 0.002699
431 -87 0.001 0.004954
470 -25 0.001 0.0188
468 42 0.001 0.011143
428 102 0.001 0.004196
382 157 0.001 0.002433
299 184 0.001 0.001625
331 -198 0.001 0.001672
381 -148 0.001 0.002574
427 -91 0.001 0.004692
465 -28 0.001 0.016607
465 39 0.001 0.011923
425 101 0.001 0.004208
378 156 0.001 0.002423
328 205 0.001 0.0016
326 -203 0.001 0.001606
376 -152 0.001 0.002474
422 -95 0.001 0.004442
463 -32 0.001 0.014469
461 37 0.001 0.012459
421 99 0.001 0.004253
375 155 0.001 0.002419
325 204 0.001 0.001593
31 24 0.001 0.001292
321 -208 0.001 0.001543
371 -157 0.001 0.002363
419 -100 0.001 0.00419
458 -35 0.001 0.013086
458 35 0.001 0.013086
418 98 0.001 0.004265
371 153 0.001 0.002425
322 202 0.001 0.001594
62 48 0.001 0.001292
313 -210 0.001 0.00149
362 -162 0.001 0.002235
410 -105 0.001 0.003905
450 -40 0.001 0.01125
450 29 0.001 0.015517
411 92 0.001 0.004467
365 146 0.001 0.0025
318 192 0.001 0.001656
121 95 0.001 0.001274
308 -215 0.001 0.001433
358 -167 0.001 0.002144
406 -109 0.001 0.003725
446 -44 0.001 0.010136
447 26 0.001 0.017192
408 91 0.001 0.004484
363 144 0.001 0.002521
314 191 0.001 0.001644
150 119 0.001 0.001261
303 -219 0.001 0.001384
354 -172 0.001 0.002058
401 -114 0.001 0.003518
409 -47 0.001 0.008702
445 19 0.001 0.023421
405 83 0.001 0.00488
361 138 0.001 0.002616
314 183 0.001 0.001716
208 166 0.001 0.001253
299 -225 0.001 0.001329
349 -176 0.001 0.001983
364 -112 0.001 0.00325
405 -56 0.001 0.007232
442 11 0.001 0.040182
403 76 0.001 0.005303
360 131 0.001 0.002748
313 176 0.001 0.001778
265 211 0.001 0.001256
291 -227 0.001 0.001282
341 -180 0.001 0.001894
357 -117 0.001 0.003051
398 -61 0.001 0.006525
435 5 0.001 0.087
397 70 0.001 0.005671
354 124 0.001 0.002855
339 189 0.001 0.001794
288 234 0.001 0.001231
287 -232 0.001 0.001237
336 -185 0.001 0.001816
353 -121 0.001 0.002917
396 -65 0.001 0.006092
398 -1 0.001 0.398
396 63 0.001 0.006286
353 117 0.001 0.003017
338 181 0.001 0.001867
288 226 0.001 0.001274
55 53 0.001 0.001038
282 -236 0.001 0.001195
302 -176 0.001 0.001716
348 -131 0.001 0.002656
392 -75 0.001 0.005227
396 -9 0.001 0.044
394 56 0.001 0.007036
352 111 0.001 0.003171
337 173 0.001 0.001948
288 219 0.001 0.001315
109 105 0.001 0.001038
278 -241 0.001 0.001154
297 -181 0.001 0.001641
345 -135 0.001 0.002556
389 -79 0.001 0.004924
394 -12 0.001 0.032833
392 53 0.001 0.007396
350 110 0.001 0.003182
335 172 0.001 0.001948
285 217 0.001 0.001313
135 132 0.001 0.001023
271 -243 0.001 0.001115
291 -184 0.001 0.001582
337 -140 0.001 0.002407
382 -85 0.001 0.004494
388 -17 0.001 0.022824
386 47 0.001 0.008213
377 116 0.001 0.00325
329 171 0.001 0.001924
281 214 0.001 0.001313
158 158 0.001 0.001
267 -248 0.001 0.001077
287 -189 0.001 0.001519
334 -145 0.001 0.002303
379 -88 0.001 0.004307
386 -21 0.001 0.018381
384 46 0.001 0.008348
374 114 0.001 0.003281
328 169 0.001 0.001941
279 213 0.001 0.00131
182 185 0.001016 0.001
263 -252 0.001 0.001044
283 -194 0.001 0.001459
330 -149 0.001 0.002215
377 -93 0.001 0.004054
383 -24 0.001 0.015958
383 43 0.001 0.008907
342 101 0.001 0.003386
327 163 0.001 0.002006
279 205 0.001 0.001361
233 237 0.001017 0.001
259 -257 0.001 0.001008
279 -198 0.001 0.001409
327 -154 0.001 0.002123
342 -92 0.001 0.003717
381 -33 0.001 0.011545
382 35 0.001 0.010914
341 94 0.001 0.003628
327 155 0.001 0.00211
279 199 0.001 0.001402
259 258 0.001 0.001004
24 29 0.001208 0.001
252 -259 0.001028 0.001
273 -202 0.001 0.001351
321 -158 0.001 0.002032
335 -97 0.001 0.003454
376 -39 0.001 0.009641
377 29 0.001 0.013
367 99 0.001 0.003707
322 154 0.001 0.002091
275 197 0.001 0.001396
254 254 0.001 0.001
48 59 0.001229 0.001
248 -264 0.001065 0.001
270 -206 0.001 0.001311
317 -164 0.001 0.001933
333 -101 0.001 0.003297
374 -42 0.001 0.008905
375 26 0.001 0.014423
336 87 0.001 0.003862
322 147 0.001 0.00219
275 190 0.001 0.001447
255 248 0.001 0.001028
95 115 0.001211 0.001
245 -268 0.001094 0.001
265 -211 0.001 0.001256
314 -168 0.001 0.001869
331 -106 0.001 0.003123
371 -46 0.001 0.008065
374 25 0.001 0.01496
335 84 0.001 0.003988
320 147 0.001 0.002177
274 189 0.001 0.00145
253 245 0.001 0.001033
118 146 0.001237 0.001
241 -273 0.001133 0.001
262 -215 0.001 0.001219
310 -173 0.001 0.001792
328 -110 0.001 0.002982
370 -50 0.001 0.0074
372 21 0.001 0.017714
334 83 0.001 0.004024
319 145 0.001 0.0022
273 189 0.001 0.001444
251 244 0.001 0.001029
140 175 0.00125 0.001
235 -275 0.00117 0.001
256 -219 0.001 0.001169
304 -177 0.001 0.001718
322 -115 0.001 0.0028
365 -56 0.001 0.006518
367 15 0.001 0.024467
331 78 0.001 0.004244
316 138 0.001 0.00229
296 202 0.001 0.001465
248 242 0.001 0.001025
160 204 0.001275 0.001
231 -280 0.001212 0.001
253 -223 0.001 0.001135
300 -183 0.001 0.001639
320 -119 0.001 0.002689
332 -57 0.001 0.005825
367 6 0.001 0.061167
330 70 0.001 0.004714
317 131 0.001 0.00242
297 196 0.001 0.001515
249 235 0.001 0.00106
204 260 0.001275 0.001
227 -284 0.001251 0.001
250 -227 0.001 0.001101
297 -188 0.001 0.00158
317 -124 0.001 0.002556
331 -61 0.001 0.005426
335 1 0.001 0.335
330 62 0.001 0.005323
318 124 0.001 0.002565
297 189 0.001 0.001571
250 228 0.001 0.001096
227 285 0.001256 0.001
21 32 0.001524 0.001
224 -289 0.00129 0.001
246 -232 0.001 0.00106
294 -192 0.001 0.001531
315 -128 0.001 0.002461
328 -65 0.001 0.005046
334 -3 0.001 0.111333
330 60 0.001 0.0055
316 123 0.001 0.002569
297 188 0.001 0.00158
248 227 0.001 0.001093
226 283 0.001252 0.001
42 64 0.001524 0.001
218 -290 0.00133 0.001
240 -236 0.001 0.001017
289 -197 0.001 0.001467
309 -133 0.001 0.002323
324 -71 0.001 0.004563
330 -8 0.001 0.04125
326 54 0.001 0.006037
314 117 0.001 0.002684
295 180 0.001 0.001639
247 220 0.001 0.001123
225 275 0.001222 0.001
83 126 0.001518 0.001
215 -295 0.001372 0.001
237 -240 0.001013 0.001
284 -202 0.001 0.001406
307 -138 0.001 0.002225
323 -74 0.001 0.004365
328 -12 0.001 0.027333
326 52 0.001 0.006269
314 116 0.001 0.002707
294 179 0.001 0.001642
245 219 0.001 0.001119
224 273 0.001219 0.001
103 158 0.001534 0.001
211 -299 0.001417 0.001
234 -244 0.001043 0.001
282 -207 0.001 0.001362
304 -143 0.001 0.002126
320 -78 0.001 0.004103
328 -15 0.001 0.021867
325 50 0.001 0.0065
313 114 0.001 0.002746
293 178 0.001 0.001646
245 218 0.001 0.001124
223 272 0.00122 0.001
122 191 0.001566 0.001
206 -302 0.001466 0.001
228 -247 0.001083 0.001
276 -211 0.001 0.001308
299 -148 0.001 0.00202
316 -84 0.001 0.003762
324 -20 0.001 0.0162
322 43 0.001 0.007488
311 108 0.001 0.00288
292 171 0.001 0.001708
244 211 0.001 0.001156
221 265 0.001199 0.001
161 250 0.001553 0.001
203 -305 0.001502 0.001
225 -252 0.00112 0.001
246 -199 0.001 0.001236
295 -159 0.001 0.001855
313 -94 0.001 0.00333
323 -29 0.001 0.011138
322 35 0.001 0.0092
312 100 0.001 0.00312
293 165 0.001 0.001776
245 205 0.001 0.001195
223 258 0.001157 0.001
200 312 0.00156 0.001
200 -310 0.00155 0.001
221 -255 0.001154 0.001
245 -203 0.001 0.001207
292 -161 0.001 0.001814
311 -96 0.001 0.00324
321 -32 0.001 0.010031
321 34 0.001 0.009441
310 98 0.001 0.003163
292 163 0.001 0.001791
245 202 0.001 0.001213
223 255 0.001143 0.001
201 307 0.001527 0.001
18 34 0.001889 0.001
198 -310 0.001566 0.001
220 -257 0.001168 0.001
242 -204 0.001 0.001186
289 -163 0.001 0.001773
308 -99 0.001 0.003111
319 -34 0.001 0.009382
318 31 0.001 0.010258
309 95 0.001 0.003253
291 158 0.001 0.001842
268 221 0.001 0.001213
221 256 0.001158 0.001
199 309 0.001553 0.001
18 34 0.001889 0.001
195 -309 0.001585 0.001
216 -257 0.00119 0.001
262 -222 0.001 0.00118
286 -160 0.001 0.001788
303 -97 0.001 0.003124
314 -33 0.001 0.009515
314 30 0.001 0.010467
304 93 0.001 0.003269
288 155 0.001 0.001858
264 217 0.001 0.001217
219 250 0.001142 0.001
198 302 0.001525 0.001
37 67 0.001811 0.001
193 -310 0.001606 0.001
214 -257 0.001201 0.001
260 -224 0.001 0.001161
283 -162 0.001 0.001747
301 -99 0.001 0.00304
311 -36 0.001 0.008639
312 27 0.001 0.011556
302 89 0.001 0.003393
287 152 0.001 0.001888
264 213 0.001 0.001239
220 246 0.001118 0.001
198 298 0.001505 0.001
55 100 0.001818 0.001
192 -311 0.00162 0.001
212 -259 0.001222 0.001
257 -225 0.001 0.001142
281 -164 0.001 0.001713
298 -101 0.001 0.00295
308 -39 0.001 0.007897
310 24 0.001 0.012917
301 86 0.001 0.0035
285 148 0.001 0.001926
265 209 0.001 0.001268
240 270 0.001125 0.001
196 298 0.00152 0.001
55 100 0.001818 0.001
190 -311 0.001637 0.001
210 -260 0.001238 0.001
256 -227 0.001 0.001128
277 -166 0.001 0.001669
296 -104 0.001 0.002846
305 -41 0.001 0.007439
308 21 0.001 0.014667
300 83 0.001 0.003614
284 144 0.001 0.001972
264 205 0.001 0.001288
240 266 0.001108 0.001
197 294 0.001492 0.001
73 133 0.001822 0.001
187 -311 0.001663 0.001
229 -282 0.001231 0.001
252 -223 0.001 0.00113
275 -162 0.001 0.001698
291 -102 0.001 0.002853
301 -40 0.001 0.007525
331 25 0.001 0.01324
294 87 0.001 0.003379
279 147 0.001 0.001898
259 206 0.001 0.001257
236 266 0.001127 0.001
213 326 0.001531 0.001
53 99 0.001868 0.001
186 -311 0.001672 0.001
226 -284 0.001257 0.001
251 -224 0.001 0.001121
272 -164 0.001 0.001659
288 -104 0.001 0.002769
327 -44 0.001 0.007432
327 29 0.001 0.011276
292 89 0.001 0.003281
277 148 0.001 0.001872
256 208 0.001 0.001231
234 267 0.001141 0.001
211 327 0.00155 0.001
53 100 0.001887 0.001
184 -312 0.001696 0.001
225 -285 0.001267 0.001
248 -226 0.001 0.001097
270 -166 0.001 0.001627
286 -106 0.001 0.002698
323 -46 0.001 0.007022
326 25 0.001 0.01304
290 86 0.001 0.003372
276 145 0.001 0.001903
256 204 0.001 0.001255
234 263 0.001124 0.001
211 322 0.001526 0.001
71 132 0.001859 0.001
183 -312 0.001705 0.001
223 -287 0.001287 0.001
246 -227 0.001 0.001084
267 -168 0.001 0.001589
283 -108 0.001 0.00262
321 -49 0.001 0.006551
323 22 0.001 0.014682
289 83 0.001 0.003482
275 141 0.001 0.00195
256 201 0.001 0.001274
234 259 0.001107 0.001
212 317 0.001495 0.001
88 165 0.001875 0.001
199 -340 0.001709 0.001
221 -281 0.001271 0.001
244 -223 0.001 0.001094
264 -164 0.001 0.00161
280 -106 0.001 0.002642
316 -48 0.001 0.006583
319 21 0.001 0.01519
310 92 0.001 0.00337
270 144 0.001 0.001875
252 202 0.001 0.001248
230 259 0.001126 0.001
208 317 0.001524 0.001
87 163 0.001874 0.001
198 -340 0.001717 0.001
219 -283 0.001292 0.001
242 -224 0.001 0.00108
261 -166 0.001 0.001572
304 -115 0.001 0.002643
314 -45 0.001 0.006978
316 24 0.001 0.013167
308 94 0.001 0.003277
268 146 0.001 0.001836
249 204 0.001 0.001221
228 260 0.00114 0.001
207 318 0.001536 0.001
86 164 0.001907 0.001
196 -342 0.001745 0.001
218 -283 0.001298 0.001
239 -226 0.001 0.001058
260 -168 0.001 0.001548
300 -117 0.001 0.002564
313 -48 0.001 0.006521
314 22 0.001 0.014273
306 90 0.001 0.0034
267 143 0.001 0.001867
249 200 0.001 0.001245
228 256 0.001123 0.001
207 314 0.001517 0.001
103 195 0.001893 0.001
195 -342 0.001754 0.001
216 -285 0.001319 0.001
237 -227 0.001 0.001044
257 -169 0.001 0.001521
298 -120 0.001 0.002483
310 -50 0.001 0.0062
312 18 0.001 0.017333
305 87 0.001 0.003506
266 140 0.001 0.0019
248 196 0.001 0.001265
228 253 0.00111 0.001
208 309 0.001486 0.001
120 227 0.001892 0.001
192 -341 0.001776 0.001
212 -284 0.00134 0.001
234 -228 0.001 0.001026
252 -172 0.001 0.001465
294 -123 0.001 0.00239
305 -55 0.001 0.005545
307 12 0.001 0.025583
302 80 0.001 0.003775
287 147 0.001 0.001952
246 193 0.001 0.001275
227 247 0.001088 0.001
206 304 0.001476 0.001
136 256 0.001882 0.001
190 -342 0.0018 0.001
211 -285 0.001351 0.001
232 -229 0.001 0.001013
250 -173 0.001 0.001445
291 -126 0.001 0.00231
303 -57 0.001 0.005316
305 9 0.001 0.033889
301 77 0.001 0.003909
286 143 0.001 0.002
245 189 0.001 0.001296
227 244 0.001075 0.001
206 300 0.001456 0.001
153 287 0.001876 0.001
189 -343 0.001815 0.001
209 -286 0.001368 0.001
230 -231 0.001004 0.001
248 -175 0.001 0.001417
289 -127 0.001 0.002276
300 -60 0.001 0.005
304 6 0.001 0.050667
298 74 0.001 0.004027
285 140 0.001 0.002036
246 185 0.001 0.00133
226 241 0.001066 0.001
206 295 0.001432 0.001
170 317 0.001865 0.001
188 -343 0.001824 0.001
207 -288 0.001391 0.001
228 -232 0.001018 0.001
246 -176 0.001 0.001398
286 -130 0.001 0.0022
298 -63 0.001 0.00473
302 4 0.001 0.0755
297 71 0.001 0.004183
284 136 0.001 0.002088
245 182 0.001 0.001346
226 237 0.001049 0.001
207 292 0.001411 0.001
186 347 0.001866 0.001
185 -343 0.001854 0.001
205 -287 0.0014 0.001
224 -232 0.001036 0.001
264 -192 0.001 0.001375
283 -127 0.001 0.002228
294 -62 0.001 0.004742
298 4 0.001 0.0745
293 69 0.001 0.004246
281 134 0.001 0.002097
263 198 0.001 0.001328
223 238 0.001067 0.001
203 291 0.001433 0.001
184 345 0.001875 0.001
184 -343 0.001864 0.001
203 -288 0.001419 0.001
222 -234 0.001054 0.001
263 -194 0.001 0.001356
280 -129 0.001 0.002171
292 -64 0.001 0.004562
296 1 0.001 0.296
291 66 0.001 0.004409
280 131 0.001 0.002137
263 194 0.001 0.001356
222 234 0.001054 0.001
204 288 0.001412 0.001
185 341 0.001843 0.001
15 34 0.002267 0.001
183 -344 0.00188 0.001
201 -288 0.001433 0.001
221 -234 0.001059 0.001
261 -194 0.001 0.001345
278 -129 0.001 0.002155
289 -65 0.001 0.004446
293 0 0.001 -1.0
289 64 0.001 0.004516
278 127 0.001 0.002189
262 190 0.001 0.001379
242 251 0.001037 0.001
203 286 0.001409 0.001
185 339 0.001832 0.001
15 33 0.0022 0.001
183 -340 0.001858 0.001
201 -286 0.001423 0.001
220 -232 0.001055 0.001
258 -192 0.001 0.001344
275 -129 0.001 0.002132
286 -66 0.001 0.004333
290 -2 0.001 0.145
286 60 0.001 0.004767
276 121 0.001 0.002281
261 183 0.001 0.001426
242 245 0.001012 0.001
204 278 0.001363 0.001
186 331 0.00178 0.001
32 66 0.002062 0.001
182 -336 0.001846 0.001
199 -282 0.001417 0.001
238 -247 0.001038 0.001
256 -186 0.001 0.001376
271 -124 0.001 0.002185
304 -65 0.001 0.004677
308 5 0.001 0.0616
303 76 0.001 0.003987
268 133 0.001 0.002015
254 192 0.001 0.001323
236 251 0.001064 0.001
216 312 0.001444 0.001
165 307 0.001861 0.001
182 -332 0.001824 0.001
199 -280 0.001407 0.001
236 -245 0.001038 0.001
254 -184 0.001 0.00138
268 -123 0.001 0.002179
301 -67 0.001 0.004493
304 3 0.001 0.101333
300 72 0.001 0.004167
289 140 0.001 0.002064
252 190 0.001 0.001326
234 249 0.001064 0.001
216 309 0.001431 0.001
165 305 0.001848 0.001
182 -330 0.001813 0.001
199 -277 0.001392 0.001
235 -242 0.00103 0.001
252 -183 0.001 0.001377
288 -130 0.001 0.002215
298 -62 0.001 0.004806
300 5 0.001 0.06
297 73 0.001 0.004068
285 140 0.001 0.002036
250 188 0.001 0.00133
233 247 0.00106 0.001
216 306 0.001417 0.001
165 301 0.001824 0.001
181 -325 0.001796 0.001
216 -294 0.001361 0.001
234 -235 0.001004 0.001
249 -176 0.001 0.001415
284 -126 0.001 0.002254
292 -60 0.001 0.004867
296 6 0.001 0.049333
291 70 0.001 0.004157
282 135 0.001 0.002089
267 200 0.001 0.001335
230 243 0.001057 0.001
214 302 0.001411 0.001
164 297 0.001811 0.001
182 -322 0.001769 0.001
215 -292 0.001358 0.001
232 -232 0.001 0.001
269 -187 0.001 0.001439
281 -120 0.001 0.002342
290 -56 0.001 0.005179
292 8 0.001 0.0365
288 72 0.001 0.004
279 134 0.001 0.002082
265 198 0.001 0.001338
229 241 0.001052 0.001
214 298 0.001393 0.001
164 294 0.001793 0.001
199 -345 0.001734 0.001
216 -284 0.001315 0.001
233 -225 0.001 0.001036
267 -179 0.001 0.001492
280 -115 0.001 0.002435
309 -53 0.001 0.00583
311 18 0.001 0.017278
305 91 0.001 0.003352
273 147 0.001 0.001857
260 211 0.001 0.001232
224 253 0.001129 0.001
209 309 0.001478 0.001
114 209 0.001833 0.001
199 -342 0.001719 0.001
216 -281 0.001301 0.001
231 -222 0.001 0.001041
265 -178 0.001 0.001489
277 -115 0.001 0.002409
306 -54 0.001 0.005667
307 16 0.001 0.019188
303 86 0.001 0.003523
272 142 0.001 0.001915
258 204 0.001 0.001265
243 268 0.001103 0.001
209 306 0.001464 0.001
114 206 0.001807 0.001
198 -336 0.001697 0.001
214 -276 0.00129 0.001
248 -236 0.001 0.001051
262 -172 0.001 0.001523
295 -116 0.001 0.002543
301 -47 0.001 0.006404
302 20 0.001 0.0151
297 88 0.001 0.003375
287 155 0.001 0.001852
254 206 0.001 0.001233
239 269 0.001126 0.001
206 307 0.00149 0.001
97 175 0.001804 0.001
198 -333 0.001682 0.001
214 -273 0.001276 0.001
246 -233 0.001 0.001056
261 -170 0.001 0.001535
291 -116 0.001 0.002509
298 -48 0.001 0.006208
299 18 0.001 0.016611
294 83 0.001 0.003542
286 149 0.001 0.001919
253 199 0.001 0.001271
240 261 0.001088 0.001
206 299 0.001451 0.001
114 200 0.001754 0.001
198 -329 0.001662 0.001
213 -270 0.001268 0.001
246 -231 0.001 0.001065
258 -168 0.001 0.001536
289 -115 0.001 0.002513
294 -49 0.001 0.006
317 19 0.001 0.016684
292 83 0.001 0.003518
282 148 0.001 0.001905
252 197 0.001 0.001279
239 258 0.001079 0.001
206 295 0.001432 0.001
114 199 0.001746 0.001
198 -326 0.001646 0.001
213 -267 0.001254 0.001
244 -228 0.001 0.00107
277 -176 0.001 0.001574
286 -110 0.001 0.0026
313 -46 0.001 0.006804
313 25 0.001 0.01252
308 97 0.001 0.003175
279 156 0.001 0.001788
249 204 0.001 0.001221
235 264 0.001123 0.001
204 301 0.001475 0.001
81 142 0.001753 0.001
197 -320 0.001624 0.001
229 -282 0.001231 0.001
242 -220 0.001 0.0011
274 -170 0.001 0.001612
282 -106 0.001 0.00266
308 -44 0.001 0.007
308 25 0.001 0.01232
304 93 0.001 0.003269
275 150 0.001 0.001833
265 215 0.001 0.001233
233 260 0.001116 0.001
219 323 0.001475 0.001
64 113 0.001766 0.001
197 -317 0.001609 0.001
228 -279 0.001224 0.001
242 -217 0.001 0.001115
271 -168 0.001 0.001613
300 -110 0.001 0.002727
305 -41 0.001 0.007439
305 27 0.001 0.011296
301 93 0.001 0.003237
292 162 0.001 0.001802
262 217 0.001 0.001207
231 261 0.00113 0.001
218 324 0.001486 0.001
48 84 0.00175 0.001
197 -312 0.001584 0.001
228 -276 0.001211 0.001
240 -214 0.001 0.001121
270 -167 0.001 0.001617
297 -109 0.001 0.002725
302 -42 0.001 0.00719
302 24 0.001 0.012583
298 89 0.001 0.003348
290 155 0.001 0.001871
262 210 0.001 0.001248
231 254 0.0011 0.001
219 315 0.001438 0.001
64 110 0.001719 0.001
197 -309 0.001569 0.001
227 -272 0.001198 0.001
258 -226 0.001 0.001142
268 -160 0.001 0.001675
295 -104 0.001 0.002837
299 -38 0.001 0.007868
319 29 0.001 0.011
295 93 0.001 0.003172
288 159 0.001 0.001811
259 211 0.001 0.001227
230 255 0.001109 0.001
217 316 0.001456 0.001
48 82 0.001708 0.001
213 -326 0.001531 0.001
226 -263 0.001164 0.001
256 -217 0.001 0.00118
284 -163 0.001 0.001742
291 -95 0.001 0.003063
315 -33 0.001 0.009545
313 37 0.001 0.008459
309 107 0.001 0.002888
283 166 0.001 0.001705
254 217 0.001 0.001171
226 260 0.00115 0.001
215 319 0.001484 0.001
15 28 0.001867 0.001
213 -322 0.001512 0.001
225 -260 0.001156 0.001
255 -214 0.001 0.001192
282 -161 0.001 0.001752
308 -99 0.001 0.003111
312 -29 0.001 0.010759
310 38 0.001 0.008158
306 106 0.001 0.002887
281 164 0.001 0.001713
253 215 0.001 0.001177
242 278 0.001149 0.001
213 320 0.001502 0.001
213 -318 0.001493 0.001
225 -255 0.001133 0.001
253 -212 0.001 0.001193
280 -159 0.001 0.001761
306 -98 0.001 0.003122
308 -30 0.001 0.010267
308 35 0.001 0.0088
304 101 0.001 0.00301
278 158 0.001 0.001759
271 224 0.001 0.00121
241 274 0.001137 0.001
213 317 0.001488 0.001
213 -314 0.001474 0.001
224 -252 0.001125 0.001
252 -209 0.001 0.001206
278 -156 0.001 0.001782
303 -98 0.001 0.003092
325 -31 0.001 0.010484
323 41 0.001 0.007878
301 105 0.001 0.002867
295 173 0.001 0.001705
267 230 0.001 0.001161
240 279 0.001163 0.001
179 268 0.001497 0.001
212 -307 0.001448 0.001
239 -265 0.001109 0.001
268 -213 0.001 0.001258
276 -146 0.001 0.00189
299 -90 0.001 0.003322
320 -25 0.001 0.0128
318 43 0.001 0.007395
316 114 0.001 0.002772
290 175 0.001 0.001657
264 231 0.001 0.001143
237 279 0.001177 0.001
161 241 0.001497 0.001
212 -304 0.001434 0.001
239 -260 0.001088 0.001
266 -210 0.001 0.001267
292 -152 0.001 0.001921
316 -88 0.001 0.003591
317 -19 0.001 0.016684
315 49 0.001 0.006429
312 117 0.001 0.002667
288 177 0.001 0.001627
263 231 0.001 0.001139
235 280 0.001191 0.001
145 215 0.001483 0.001
212 -299 0.00141 0.001
238 -257 0.00108 0.001
265 -206 0.001 0.001286
290 -150 0.001 0.001933
313 -87 0.001 0.003598
314 -20 0.001 0.0157
313 45 0.001 0.006956
310 112 0.001 0.002768
286 170 0.001 0.001682
262 224 0.001 0.00117
236 271 0.001148 0.001
161 234 0.001453 0.001
211 -295 0.001398 0.001
238 -253 0.001063 0.001
264 -203 0.001 0.0013
288 -148 0.001 0.001946
310 -87 0.001 0.003563
330 -20 0.001 0.0165
328 51 0.001 0.006431
307 115 0.001 0.00267
285 172 0.001 0.001657
260 224 0.001 0.001161
234 271 0.001158 0.001
145 209 0.001441 0.001
210 -289 0.001376 0.001
236 -248 0.001051 0.001
261 -199 0.001 0.001312
285 -146 0.001 0.001952
306 -87 0.001 0.003517
324 -23 0.001 0.014087
324 45 0.001 0.0072
321 115 0.001 0.002791
299 178 0.001 0.00168
257 220 0.001 0.001168
233 266 0.001142 0.001
144 205 0.001424 0.001
226 -304 0.001345 0.001
236 -240 0.001017 0.001
261 -192 0.001 0.001359
300 -146 0.001 0.002055
322 -82 0.001 0.003927
322 -12 0.001 0.026833
321 53 0.001 0.006057
318 121 0.001 0.002628
296 184 0.001 0.001609
256 225 0.001 0.001138
230 270 0.001174 0.001
112 159 0.00142 0.001
226 -299 0.001323 0.001
252 -250 0.001 0.001008
277 -195 0.001 0.001421
300 -136 0.001 0.002206
319 -73 0.001 0.00437
337 -5 0.001 0.0674
335 66 0.001 0.005076
316 131 0.001 0.002412
293 194 0.001 0.00151
253 233 0.001 0.001086
229 279 0.001218 0.001
63 92 0.00146 0.001
226 -295 0.001305 0.001
251 -246 0.001 0.00102
276 -192 0.001 0.001438
297 -133 0.001 0.002233
317 -72 0.001 0.004403
334 -7 0.001 0.047714
333 62 0.001 0.005371
313 126 0.001 0.002484
292 186 0.001 0.00157
269 243 0.001 0.001107
229 274 0.001197 0.001
63 90 0.001429 0.001
225 -288 0.00128 0.001
249 -241 0.001 0.001033
273 -188 0.001 0.001452
293 -132 0.001 0.00222
330 -75 0.001 0.0044
330 -6 0.001 0.055
328 60 0.001 0.005467
310 121 0.001 0.002562
289 179 0.001 0.001615
267 234 0.001 0.001141
243 285 0.001173 0.001
63 88 0.001397 0.001
224 -283 0.001263 0.001
249 -237 0.001 0.001051
271 -185 0.001 0.001465
309 -135 0.001 0.002289
328 -71 0.001 0.00462
344 -2 0.001 0.172
343 68 0.001 0.005044
324 136 0.001 0.002382
287 187 0.001 0.001535
265 242 0.001 0.001095
241 294 0.00122 0.001
15 22 0.001467 0.001
224 -278 0.001241 0.001
248 -232 0.001 0.001069
287 -191 0.001 0.001503
307 -129 0.001 0.00238
325 -66 0.001 0.004924
341 -1 0.001 0.341
341 69 0.001 0.004942
322 133 0.001 0.002421
285 184 0.001 0.001549
264 237 0.001 0.001114
241 289 0.001199 0.001
15 22 0.001467 0.001
239 -289 0.001209 0.001
263 -236 0.001 0.001114
284 -179 0.001 0.001587
321 -125 0.001 0.002568
337 -57 0.001 0.005912
354 12 0.001 0.0295
336 79 0.001 0.004253
318 143 0.001 0.002224
281 191 0.001 0.001471
261 245 0.001 0.001065
206 252 0.001223 0.001
239 -284 0.001188 0.001
261 -231 0.001 0.00113
284 -175 0.001 0.001623
318 -123 0.001 0.002585
335 -57 0.001 0.005877
351 10 0.001 0.0351
350 81 0.001 0.004321
316 140 0.001 0.002257
297 201 0.001 0.001478
259 245 0.001 0.001057
190 230 0.001211 0.001
238 -279 0.001172 0.001
261 -227 0.001 0.00115
282 -172 0.001 0.00164
317 -120 0.001 0.002642
349 -57 0.001 0.006123
348 11 0.001 0.031636
348 81 0.001 0.004296
313 137 0.001 0.002285
296 197 0.001 0.001503
259 240 0.001 0.001079
189 225 0.00119 0.001
238 -273 0.001147 0.001
260 -222 0.001 0.001171
297 -177 0.001 0.001678
315 -114 0.001 0.002763
346 -53 0.001 0.006528
362 15 0.001 0.024133
345 83 0.001 0.004157
329 147 0.001 0.002238
293 201 0.001 0.001458
258 243 0.001 0.001062
157 187 0.001191 0.001
236 -267 0.001131 0.001
258 -217 0.001 0.001189
294 -172 0.001 0.001709
328 -117 0.001 0.002803
342 -51 0.001 0.006706
358 15 0.001 0.023867
357 85 0.001 0.0042
324 145 0.001 0.002234
291 196 0.001 0.001485
271 254 0.001 0.001067
141 165 0.00117 0.001
236 -261 0.001106 0.001
273 -224 0.001 0.001219
293 -165 0.001 0.001776
325 -110 0.001 0.002955
357 -48 0.001 0.007438
371 22 0.001 0.016864
354 90 0.001 0.003933
323 148 0.001 0.002182
289 200 0.001 0.001445
270 257 0.001 0.001051
109 128 0.001174 0.001
252 -271 0.001075 0.001
272 -214 0.001 0.001271
308 -165 0.001 0.001867
339 -105 0.001 0.003229
354 -38 0.001 0.009316
368 29 0.001 0.01269
352 95 0.001 0.003705
321 152 0.001 0.002112
288 203 0.001 0.001419
269 259 0.001 0.001039
77 91 0.001182 0.001
251 -264 0.001052 0.001
272 -210 0.001 0.001295
306 -161 0.001 0.001901
337 -103 0.001 0.003272
367 -38 0.001 0.009658
382 32 0.001 0.011938
350 97 0.001 0.003608
319 152 0.001 0.002099
287 202 0.001 0.001421
267 258 0.001 0.001035
62 72 0.001161 0.001
249 -258 0.001036 0.001
270 -204 0.001 0.001324
303 -157 0.001 0.00193
333 -101 0.001 0.003297
363 -40 0.001 0.009075
377 29 0.001 0.013
362 95 0.001 0.003811
332 155 0.001 0.002142
300 209 0.001 0.001435
265 255 0.001 0.001039
46 53 0.001152 0.001
249 -251 0.001008 0.001
284 -210 0.001 0.001352
317 -156 0.001 0.002032
348 -95 0.001 0.003663
376 -30 0.001 0.012533
390 41 0.001 0.009512
359 105 0.001 0.003419
331 165 0.001 0.002006
298 220 0.001 0.001355
248 248 0.001 0.001
249 -246 0.001 0.001012
283 -204 0.001 0.001387
315 -152 0.001 0.002072
346 -93 0.001 0.00372
373 -30 0.001 0.012433
387 38 0.001 0.010184
374 106 0.001 0.003528
328 161 0.001 0.002037
297 214 0.001 0.001388
248 242 0.001 0.001025
264 -252 0.001 0.001048
282 -196 0.001 0.001439
314 -144 0.001 0.002181
359 -90 0.001 0.003989
386 -24 0.001 0.016083
400 46 0.001 0.008696
371 114 0.001 0.003254
328 166 0.001 0.001976
296 220 0.001 0.001345
200 197 0.001 0.001015
262 -246 0.001 0.001065
295 -198 0.001 0.00149
327 -143 0.001 0.002287
370 -84 0.001 0.004405
396 -17 0.001 0.023294
396 54 0.001 0.007333
368 116 0.001 0.003172
324 169 0.001 0.001917
294 222 0.001 0.001324
168 163 0.001 0.001031
261 -239 0.001 0.001092
295 -193 0.001 0.001528
325 -138 0.001 0.002355
367 -83 0.001 0.004422
395 -17 0.001 0.023235
408 54 0.001 0.007556
366 114 0.001 0.003211
323 164 0.001 0.00197
292 215 0.001 0.001358
168 160 0.001 0.00105
261 -233 0.001 0.00112
293 -188 0.001 0.001559
339 -139 0.001 0.002439
380 -79 0.001 0.00481
407 -11 0.001 0.037
406 58 0.001 0.007
364 117 0.001 0.003111
337 176 0.001 0.001915
291 220 0.001 0.001323
122 115 0.001 0.001061
275 -237 0.001 0.00116
308 -187 0.001 0.001647
337 -129 0.001 0.002612
378 -71 0.001 0.005324
419 -5 0.001 0.0838
404 62 0.001 0.006516
377 126 0.001 0.002992
336 181 0.001 0.001856
290 225 0.001 0.001289
76 72 0.001 0.001056
274 -230 0.001 0.001191
305 -181 0.001 0.001685
348 -129 0.001 0.002698
389 -68 0.001 0.005721
429 -1 0.001 0.429
415 68 0.001 0.006103
374 128 0.001 0.002922
333 182 0.001 0.00183
288 225 0.001 0.00128
45 42 0.001 0.001071
273 -223 0.001 0.001224
304 -175 0.001 0.001737
347 -125 0.001 0.002776
386 -66 0.001 0.005848
427 -2 0.001 0.2135
427 68 0.001 0.006279
372 125 0.001 0.002976
332 176 0.001 0.001886
287 218 0.001 0.001317
45 41 0.001 0.001098
287 -227 0.001 0.001264
318 -172 0.001 0.001849
360 -119 0.001 0.003025
399 -58 0.001 0.006879
438 9 0.001 0.048667
425 76 0.001 0.005592
371 132 0.001 0.002811
331 184 0.001 0.001799
271 211 0.001 0.001284
287 -219 0.001 0.001311
316 -167 0.001 0.001892
358 -114 0.001 0.00314
411 -57 0.001 0.007211
451 11 0.001 0.041
423 77 0.001 0.005494
384 137 0.001 0.002803
330 184 0.001 0.001793
240 185 0.001 0.001297
285 -211 0.001 0.001351
328 -167 0.001 0.001964
369 -111 0.001 0.003324
422 -51 0.001 0.008275
460 17 0.001 0.027059
433 84 0.001 0.005155
382 140 0.001 0.002729
327 187 0.001 0.001749
194 148 0.001 0.001311
299 -213 0.001 0.001404
327 -157 0.001 0.002083
382 -107 0.001 0.00357
432 -45 0.001 0.0096
472 24 0.001 0.019667
432 88 0.001 0.004909
381 144 0.001 0.002646
326 190 0.001 0.001716
149 113 0.001 0.001319
298 -205 0.001 0.001454
340 -158 0.001 0.002152
380 -100 0.001 0.0038
445 -41 0.001 0.010854
483 28 0.001 0.01725
445 95 0.001 0.004684
380 147 0.001 0.002585
325 193 0.001 0.001684
104 77 0.001 0.001351
297 -197 0.001 0.001508
339 -152 0.001 0.00223
392 -98 0.001 0.004
457 -38 0.001 0.012026
495 33 0.001 0.015
443 96 0.001 0.004615
378 147 0.001 0.002571
325 191 0.001 0.001702
74 55 0.001 0.001345
310 -197 0.001 0.001574
350 -147 0.001 0.002381
403 -92 0.001 0.00438
465 -30 0.001 0.0155
504 40 0.001 0.0126
440 99 0.001 0.004444
376 149 0.001 0.002523
323 193 0.001 0.001674
29 21 0.001 0.001381
309 -189 0.001 0.001635
349 -140 0.001 0.002493
415 -90 0.001 0.004611
476 -27 0.001 0.01763
516 43 0.001 0.012
453 105 0.001 0.004314
375 151 0.001 0.002483
307 184 0.001 0.001668
322 -188 0.001 0.001713
362 -136 0.001 0.002662
426 -82 0.001 0.005195
502 -19 0.001 0.026421
514 50 0.001 0.01028
451 109 0.001 0.004138
375 156 0.001 0.002404
248 146 0.001 0.001699
321 -179 0.001 0.001793
375 -134 0.001 0.002799
438 -77 0.001 0.005688
512 -14 0.001 0.036571
526 55 0.001 0.009564
450 112 0.001 0.004018
374 156 0.001 0.002397
204 118 0.001 0.001729
333 -177 0.001 0.001881
386 -127 0.001 0.003039
447 -71 0.001 0.006296
535 -7 0.001 0.076429
535 62 0.001 0.008629
447 115 0.001 0.003887
373 159 0.001 0.002346
144 82 0.001 0.001756
347 -174 0.001 0.001994
397 -121 0.001 0.003281
472 -64 0.001 0.007375
559 2 0.001 0.2795
547 71 0.001 0.007704
448 123 0.001 0.003642
373 167 0.001 0.002234
57 33 0.001 0.001727
345 -165 0.001 0.002091
396 -115 0.001 0.003443
484 -61 0.001 0.007934
570 5 0.001 0.114
558 72 0.001 0.00775
447 121 0.001 0.003694
372 163 0.001 0.002282
28 16 0.001 0.00175
357 -160 0.001 0.002231
420 -111 0.001 0.003784
505 -53 0.001 0.009528
605 15 0.001 0.040333
555 80 0.001 0.006938
445 127 0.001 0.003504
313 139 0.001 0.002252
370 -156 0.001 0.002372
431 -104 0.001 0.004144
530 -46 0.001 0.011522
628 23 0.001 0.027304
555 84 0.001 0.006607
445 130 0.001 0.003423
241 105 0.001 0.002295
382 -150 0.001 0.002547
444 -97 0.001 0.004577
553 -40 0.001 0.013825
652 31 0.001 0.021032
568 91 0.001 0.006242
445 135 0.001 0.003296
156 67 0.001 0.002328
395 -145 0.001 0.002724
455 -89 0.001 0.005112
576 -33 0.001 0.017455
676 37 0.001 0.01827
567 94 0.001 0.006032
446 137 0.001 0.003255
85 35 0.001 0.002429
406 -137 0.001 0.002964
477 -84 0.001 0.005679
611 -25 0.001 0.02444
697 45 0.001 0.015489
564 98 0.001 0.005755
445 140 0.001 0.003179
418 -130 0.001 0.003215
502 -77 0.001 0.006519
646 -17 0.001 0.038
735 54 0.001 0.013611
566 104 0.001 0.005442
333 102 0.001 0.003265
444 -124 0.001 0.003581
525 -69 0.001 0.007609
695 -7 0.001 0.099286
746 62 0.001 0.012032
568 108 0.001 0.005259
222 67 0.001 0.003313
456 -116 0.001 0.003931
562 -62 0.001 0.009065
743 2 0.001 0.3715
772 70 0.001 0.011029
556 110 0.001 0.005055
111 32 0.001 0.003469
479 -108 0.001 0.004435
596 -53 0.001 0.011245
800 12 0.001 0.066667
796 77 0.001 0.010338
529 109 0.001 0.004853
504 -99 0.001 0.005091
644 -45 0.001 0.014311
887 24 0.001 0.036958
798 84 0.001 0.0095
367 72 0.001 0.005097
542 -91 0.001 0.005956
705 -34 0.001 0.020735
985 39 0.001 0.025256
791 90 0.001 0.008789
177 33 0.001 0.005364
579 -81 0.001 0.007148
765 -23 0.001 0.033261
1111 52 0.001 0.021365
745 88 0.001 0.008466
640 -70 0.001 0.009143
871 -10 0.001 0.0871
1288 72 0.001 0.017889
401 45 0.001 0.008911
715 -59 0.001 0.012119
1004 6 0.001 0.167333
1441 85 0.001 0.016953
40 4 0.001 0.01
815 -44 0.001 0.018523
1248 26 0.001 0.048
1137 55 0.001 0.020673
990 -27 0.001 0.036667
2210 63 0.001 0.035079
1307 -2 0.001 0.6535
1774 39 0.001 0.045487
119 0 0.001 -1.0
0 0 0.001 0.001
0 0 0.001 0.001
