1268466 7300 0.001 0.173762
-1265452 -7290 0.001 0.173587
4649 -10 0.001 0.4649
-6396 73 0.001 0.087616
0 2847 -1.0 0.001
56 89 0.001589 0.001
2 58 0.029 0.001
-35 23 0.001 0.001522
-23 -24 0.001043 0.001
-36 25 0.001 0.00144
-28 -41 0.001464 0.001
7 -41 0.005857 0.001
57 -89 0.001561 0.001
0 -5 -1.0 0.001
60 95 0.001583 0.001
2 60 0.03 0.001
-35 27 0.001 0.001296
-27 -27 0.001 0.001
-36 27 0.001 0.001333
-31 -39 0.001258 0.001
6 -48 0.008 0.001
61 -95 0.001557 0.001
0 -5 -1.0 0.001
63 101 0.001603 0.001
4 62 0.0155 0.001
-36 31 0.001 0.001161
-31 -29 0.001 0.001069
-37 28 0.001 0.001321
-33 -37 0.001121 0.001
6 -55 0.009167 0.001
64 -101 0.001578 0.001
0 -4 -1.0 0.001
67 106 0.001582 0.001
4 64 0.016 0.001
-36 34 0.001 0.001059
-35 -31 0.001 0.001129
-38 31 0.001 0.001226
-35 -36 0.001029 0.001
5 -62 0.0124 0.001
68 -106 0.001559 0.001
0 -6 -1.0 0.001
71 114 0.001606 0.001
5 65 0.013 0.001
-36 38 0.001056 0.001
-39 -29 0.001 0.001345
-1 -3 0.003 0.001
-39 32 0.001 0.001219
-37 -35 0.001 0.001057
2 -65 0.0325 0.001
2 -3 0.0015 0.001
72 -114 0.001583 0.001
0 -5 -1.0 0.001
75 120 0.0016 0.001
6 67 0.011167 0.001
-36 42 0.001167 0.001
-42 -25 0.001 0.00168
-3 -9 0.003 0.001
-39 35 0.001 0.001114
-40 -33 0.001 0.001212
-1 -69 0.069 0.001
4 -8 0.002 0.001
76 -120 0.001579 0.001
0 -6 -1.0 0.001
80 128 0.0016 0.001
6 69 0.0115 0.001
-35 45 0.001286 0.001
-44 -20 0.001 0.0022
-7 -15 0.002143 0.001
-40 37 0.001 0.001081
-42 -31 0.001 0.001355
-5 -70 0.014 0.001
6 -15 0.0025 0.001
81 -128 0.00158 0.001
0 -6 -1.0 0.001
85 135 0.001588 0.001
7 71 0.010143 0.001
-35 50 0.001429 0.001
-47 -17 0.001 0.002765
-10 -20 0.002 0.001
-41 39 0.001 0.001051
-44 -30 0.001 0.001467
-8 -71 0.008875 0.001
7 -22 0.003143 0.001
86 -135 0.00157 0.001
0 -7 -1.0 0.001
90 144 0.0016 0.001
8 73 0.009125 0.001
-35 53 0.001514 0.001
-49 -12 0.001 0.004083
-14 -25 0.001786 0.001
-42 41 0.001 0.001024
-46 -27 0.001 0.001704
-12 -73 0.006083 0.001
9 -30 0.003333 0.001
91 -144 0.001582 0.001
0 -7 -1.0 0.001
95 153 0.001611 0.001
9 75 0.008333 0.001
-34 57 0.001676 0.001
-51 -7 0.001 0.007286
-19 -31 0.001632 0.001
-43 43 0.001 0.001
-47 -25 0.001 0.00188
-17 -74 0.004353 0.001
11 -38 0.003455 0.001
96 -153 0.001594 0.001
0 -7 -1.0 0.001
101 162 0.001604 0.001
9 77 0.008556 0.001
-34 61 0.001794 0.001
-52 -2 0.001 0.026
-24 -37 0.001542 0.001
-44 46 0.001045 0.001
-49 -23 0.001 0.00213
-20 -74 0.0037 0.001
11 -48 0.004364 0.001
102 -162 0.001588 0.001
0 -8 -1.0 0.001
107 172 0.001607 0.001
10 79 0.0079 0.001
-33 65 0.00197 0.001
-54 3 0.001 0.018
-30 -42 0.0014 0.001
-44 48 0.001091 0.001
-52 -20 0.001 0.0026
-24 -74 0.003083 0.001
12 -59 0.004917 0.001
108 -172 0.001593 0.001
0 -8 -1.0 0.001
113 182 0.001611 0.001
11 82 0.007455 0.001
-33 68 0.002061 0.001
-54 9 0.001 0.006
-37 -48 0.001297 0.001
-45 51 0.001133 0.001
-54 -18 0.001 0.003
-28 -74 0.002643 0.001
13 -70 0.005385 0.001
114 -182 0.001596 0.001
0 -9 -1.0 0.001
120 193 0.001608 0.001
12 84 0.007 0.001
-32 73 0.002281 0.001
-56 14 0.001 0.004
-44 -53 0.001205 0.001
-46 53 0.001152 0.001
-56 -15 0.001 0.003733
-31 -74 0.002387 0.001
12 -82 0.006833 0.001
121 -193 0.001595 0.001
0 -10 -1.0 0.001
127 206 0.001622 0.001
13 86 0.006615 0.001
-32 77 0.002406 0.001
-57 19 0.001 0.003
-48 -50 0.001042 0.001
-3 -7 0.002333 0.001
-47 55 0.00117 0.001
-57 -12 0.001 0.00475
-36 -73 0.002028 0.001
9 -88 0.009778 0.001
3 -7 0.002333 0.001
128 -206 0.001609 0.001
0 -9 -1.0 0.001
135 218 0.001615 0.001
13 88 0.006769 0.001
-31 81 0.002613 0.001
-57 25 0.001 0.00228
-53 -45 0.001 0.001178
-7 -18 0.002571 0.001
-48 59 0.001229 0.001
-59 -10 0.001 0.0059
-39 -72 0.001846 0.001
4 -92 0.023 0.001
6 -16 0.002667 0.001
136 -218 0.001603 0.001
0 -11 -1.0 0.001
143 232 0.001622 0.001
14 91 0.0065 0.001
-30 84 0.0028 0.001
-58 31 0.001 0.001871
-57 -40 0.001 0.001425
-12 -27 0.00225 0.001
-49 61 0.001245 0.001
-61 -7 0.001 0.008714
-43 -70 0.001628 0.001
0 -96 -1.0 0.001
9 -27 0.003 0.001
144 -232 0.001611 0.001
0 -11 -1.0 0.001
151 246 0.001629 0.001
15 94 0.006267 0.001
-29 88 0.003034 0.001
-59 36 0.001 0.001639
-60 -35 0.001 0.001714
-18 -36 0.002 0.001
-50 64 0.00128 0.001
-62 -4 0.001 0.0155
-47 -68 0.001447 0.001
-6 -98 0.016333 0.001
13 -41 0.003154 0.001
152 -246 0.001618 0.001
0 -12 -1.0 0.001
77 133 0.001727 0.001
83 129 0.001554 0.001
16 96 0.006 0.001
-29 93 0.003207 0.001
-59 41 0.001 0.001439
-63 -29 0.001 0.002172
-25 -46 0.00184 0.001
-51 66 0.001294 0.001
-64 0 0.001 -1.0
-50 -66 0.00132 0.001
-11 -101 0.009182 0.001
15 -54 0.0036 0.001
149 -231 0.00155 0.001
12 -31 0.002583 0.001
0 -12 -1.0 0.001
82 141 0.00172 0.001
87 136 0.001563 0.001
17 99 0.005824 0.001
-28 97 0.003464 0.001
-59 47 0.001 0.001255
-65 -22 0.001 0.002955
-34 -57 0.001676 0.001
-51 70 0.001373 0.001
-67 3 0.001 0.022333
-53 -64 0.001208 0.001
-16 -103 0.006438 0.001
17 -70 0.004118 0.001
157 -245 0.001561 0.001
13 -32 0.002462 0.001
0 -14 -1.0 0.001
87 150 0.001724 0.001
92 145 0.001576 0.001
18 102 0.005667 0.001
-27 101 0.003741 0.001
-60 53 0.001 0.001132
-67 -16 0.001 0.004188
-43 -66 0.001535 0.001
-52 72 0.001385 0.001
-68 7 0.001 0.009714
-57 -62 0.001088 0.001
-21 -103 0.004905 0.001
18 -88 0.004889 0.001
166 -260 0.001566 0.001
14 -35 0.0025 0.001
0 -14 -1.0 0.001
79 141 0.001785 0.001
111 173 0.001559 0.001
19 105 0.005526 0.001
-27 105 0.003889 0.001
-61 59 0.001 0.001034
-69 -11 0.001 0.006273
-52 -75 0.001442 0.001
-53 75 0.001415 0.001
-70 10 0.001 0.007
-60 -59 0.001 0.001017
-27 -105 0.003889 0.001
19 -104 0.005474 0.001
178 -281 0.001579 0.001
13 -33 0.002538 0.001
0 -15 -1.0 0.001
84 149 0.001774 0.001
117 185 0.001581 0.001
19 107 0.005632 0.001
-25 109 0.00436 0.001
-60 65 0.001083 0.001
-72 -3 0.001 0.024
-57 -70 0.001228 0.001
-6 -15 0.0025 0.001
-54 78 0.001444 0.001
-71 14 0.001 0.005071
-63 -55 0.001 0.001145
-32 -105 0.003281 0.001
12 -111 0.00925 0.001
6 -14 0.002333 0.001
188 -299 0.00159 0.001
14 -35 0.0025 0.001
0 -15 -1.0 0.001
77 141 0.001831 0.001
136 213 0.001566 0.001
20 111 0.00555 0.001
-25 113 0.00452 0.001
-60 71 0.001183 0.001
-74 3 0.001 0.024667
-62 -66 0.001065 0.001
-12 -29 0.002417 0.001
-55 82 0.001491 0.001
-73 18 0.001 0.004056
-66 -53 0.001 0.001245
-37 -104 0.002811 0.001
7 -116 0.016571 0.001
10 -30 0.003 0.001
201 -322 0.001602 0.001
13 -32 0.002462 0.001
0 -17 -1.0 0.001
82 150 0.001829 0.001
143 226 0.00158 0.001
21 114 0.005429 0.001
-24 117 0.004875 0.001
-60 77 0.001283 0.001
-74 11 0.001 0.006727
-67 -59 0.001 0.001136
-21 -45 0.002143 0.001
-56 86 0.001536 0.001
-74 21 0.001 0.003524
-70 -49 0.001 0.001429
-42 -104 0.002476 0.001
1 -121 0.121 0.001
15 -48 0.0032 0.001
213 -342 0.001606 0.001
13 -34 0.002615 0.001
0 -18 -1.0 0.001
77 144 0.00187 0.001
161 256 0.00159 0.001
22 117 0.005318 0.001
-23 122 0.005304 0.001
-60 83 0.001383 0.001
-76 18 0.001 0.004222
-71 -53 0.001 0.00134
-30 -60 0.002 0.001
-57 89 0.001561 0.001
-76 25 0.001 0.00304
-72 -45 0.001 0.0016
-47 -103 0.002191 0.001
-6 -125 0.020833 0.001
19 -68 0.003579 0.001
226 -367 0.001624 0.001
13 -33 0.002538 0.001
0 -19 -1.0 0.001
73 139 0.001904 0.001
166 257 0.001548 0.001
13 30 0.002308 0.001
23 121 0.005261 0.001
-23 126 0.005478 0.001
-60 89 0.001483 0.001
-78 24 0.001 0.00325
-73 -46 0.001 0.001587
-41 -75 0.001829 0.001
-59 93 0.001576 0.001
-76 29 0.001 0.002621
-75 -42 0.001 0.001786
-52 -101 0.001942 0.001
-12 -128 0.010667 0.001
21 -90 0.004286 0.001
154 -249 0.001617 0.001
87 -144 0.001655 0.001
12 -33 0.00275 0.001
0 -20 -1.0 0.001
78 147 0.001885 0.001
175 274 0.001566 0.001
14 32 0.002286 0.001
23 124 0.005391 0.001
-22 130 0.005909 0.001
-59 96 0.001627 0.001
-78 32 0.001 0.002438
-78 -39 0.001 0.002
-53 -91 0.001717 0.001
-59 96 0.001627 0.001
-78 34 0.001 0.002294
-78 -37 0.001 0.002108
-57 -100 0.001754 0.001
-19 -131 0.006895 0.001
23 -114 0.004957 0.001
134 -225 0.001679 0.001
121 -193 0.001595 0.001
13 -35 0.002692 0.001
0 -21 -1.0 0.001
100 182 0.00182 0.001
169 268 0.001586 0.001
13 32 0.002462 0.001
24 127 0.005292 0.001
-21 135 0.006429 0.001
-60 102 0.0017 0.001
-79 39 0.001 0.002026
-81 -33 0.001 0.002455
-62 -96 0.001548 0.001
-3 -9 0.003 0.001
-60 100 0.001667 0.001
-80 38 0.001 0.002105
-81 -34 0.001 0.002382
-61 -97 0.00159 0.001
-25 -134 0.00536 0.001
20 -129 0.00645 0.001
4 -9 0.00225 0.001
127 -220 0.001732 0.001
143 -228 0.001594 0.001
13 -34 0.002615 0.001
0 -22 -1.0 0.001
97 178 0.001835 0.001
188 303 0.001612 0.001
14 31 0.002214 0.001
24 131 0.005458 0.001
-20 139 0.00695 0.001
-59 108 0.001831 0.001
-80 47 0.001 0.001702
-84 -24 0.001 0.0035
-68 -90 0.001324 0.001
-12 -32 0.002667 0.001
-61 105 0.001721 0.001
-81 42 0.001 0.001929
-84 -29 0.001 0.002897
-65 -94 0.001446 0.001
-32 -135 0.004219 0.001
13 -136 0.010462 0.001
10 -32 0.0032 0.001
122 -216 0.00177 0.001
166 -263 0.001584 0.001
12 -33 0.00275 0.001
0 -24 -1.0 0.001
94 176 0.001872 0.001
193 305 0.00158 0.001
29 64 0.002207 0.001
24 135 0.005625 0.001
-19 144 0.007579 0.001
-58 114 0.001966 0.001
-81 55 0.001 0.001473
-86 -16 0.001 0.005375
-73 -85 0.001164 0.001
-23 -53 0.002304 0.001
-62 108 0.001742 0.001
-82 47 0.001 0.001745
-85 -23 0.001 0.003696
-71 -91 0.001282 0.001
-38 -136 0.003579 0.001
5 -143 0.0286 0.001
16 -56 0.0035 0.001
117 -213 0.001821 0.001
188 -299 0.00159 0.001
12 -33 0.00275 0.001
0 -25 -1.0 0.001
92 174 0.001891 0.001
214 342 0.001598 0.001
28 64 0.002286 0.001
25 138 0.00552 0.001
-19 149 0.007842 0.001
-58 121 0.002086 0.001
-82 62 0.001 0.001323
-87 -8 0.001 0.010875
-78 -77 0.001 0.001013
-35 -76 0.002171 0.001
-63 113 0.001794 0.001
-84 52 0.001 0.001615
-88 -20 0.001 0.0044
-75 -88 0.001173 0.001
-44 -136 0.003091 0.001
-1 -149 0.149 0.001
20 -81 0.00405 0.001
113 -212 0.001876 0.001
210 -336 0.0016 0.001
12 -32 0.002667 0.001
0 -27 -1.0 0.001
98 185 0.001888 0.001
207 327 0.00158 0.001
48 105 0.002188 0.001
25 142 0.00568 0.001
-17 153 0.009 0.001
-57 127 0.002228 0.001
-82 71 0.001 0.001155
-90 1 0.001 0.09
-82 -68 0.001 0.001206
-50 -100 0.002 0.001
-64 117 0.001828 0.001
-85 56 0.001 0.001518
-90 -14 0.001 0.006429
-78 -82 0.001051 0.001
-51 -135 0.002647 0.001
-10 -154 0.0154 0.001
24 -114 0.00475 0.001
118 -225 0.001907 0.001
223 -358 0.001605 0.001
13 -34 0.002615 0.001
0 -28 -1.0 0.001
96 183 0.001906 0.001
231 369 0.001597 0.001
46 105 0.002283 0.001
26 147 0.005654 0.001
-18 158 0.008778 0.001
-57 134 0.002351 0.001
-83 78 0.001 0.001064
-92 8 0.001 0.0115
-86 -63 0.001 0.001365
-63 -120 0.001905 0.001
-65 122 0.001877 0.001
-87 61 0.001 0.001426
-92 -9 0.001 0.010222
-82 -79 0.001 0.001038
-57 -135 0.002368 0.001
-17 -159 0.009353 0.001
26 -143 0.0055 0.001
114 -225 0.001974 0.001
247 -398 0.001611 0.001
13 -34 0.002615 0.001
0 -30 -1.0 0.001
95 183 0.001926 0.001
234 373 0.001594 0.001
65 144 0.002215 0.001
26 150 0.005769 0.001
-17 163 0.009588 0.001
-56 139 0.002482 0.001
-83 87 0.001048 0.001
-93 18 0.001 0.005167
-89 -53 0.001 0.001679
-72 -116 0.001611 0.001
-10 -29 0.0029 0.001
-67 127 0.001896 0.001
-88 67 0.001 0.001313
-93 -5 0.001 0.0186
-86 -75 0.001 0.001147
-63 -133 0.002111 0.001
-24 -162 0.00675 0.001
19 -155 0.008158 0.001
7 -23 0.003286 0.001
111 -226 0.002036 0.001
255 -405 0.001588 0.001
29 -69 0.002379 0.001
0 -32 -1.0 0.001
95 183 0.001926 0.001
258 418 0.00162 0.001
63 144 0.002286 0.001
26 156 0.006 0.001
-16 168 0.0105 0.001
-57 147 0.002579 0.001
-83 94 0.001133 0.001
-95 25 0.001 0.0038
-93 -46 0.001 0.002022
-77 -112 0.001455 0.001
-21 -54 0.002571 0.001
-67 131 0.001955 0.001
-88 72 0.001 0.001222
-96 2 0.001 0.048
-89 -68 0.001 0.001309
-69 -128 0.001855 0.001
-33 -163 0.004939 0.001
9 -165 0.018333 0.001
16 -59 0.003688 0.001
107 -227 0.002121 0.001
297 -484 0.00163 0.001
13 -34 0.002615 0.001
0 -33 -1.0 0.001
113 212 0.001876 0.001
250 404 0.001616 0.001
77 177 0.002299 0.001
26 161 0.006192 0.001
-17 175 0.010294 0.001
-56 153 0.002732 0.001
-84 101 0.001202 0.001
-96 34 0.001 0.002824
-96 -39 0.001 0.002462
-82 -104 0.001268 0.001
-35 -85 0.002429 0.001
-68 137 0.002015 0.001
-90 77 0.001 0.001169
-98 8 0.001 0.01225
-92 -64 0.001 0.001438
-74 -125 0.001689 0.001
-41 -167 0.004073 0.001
2 -172 0.086 0.001
20 -90 0.0045 0.001
98 -216 0.002204 0.001
331 -545 0.001647 0.001
12 -32 0.002667 0.001
0 -36 -1.0 0.001
113 214 0.001894 0.001
255 412 0.001616 0.001
96 220 0.002292 0.001
26 164 0.006308 0.001
-15 178 0.011867 0.001
-55 159 0.002891 0.001
-83 111 0.001337 0.001
-98 44 0.001 0.002227
-99 -27 0.001 0.003667
-87 -96 0.001103 0.001
-53 -118 0.002226 0.001
-69 142 0.002058 0.001
-91 83 0.001 0.001096
-100 13 0.001 0.007692
-96 -58 0.001 0.001655
-78 -122 0.001564 0.001
-48 -167 0.003479 0.001
-7 -178 0.025429 0.001
24 -128 0.005333 0.001
96 -220 0.002292 0.001
356 -593 0.001666 0.001
13 -33 0.002538 0.001
0 -38 -1.0 0.001
115 217 0.001887 0.001
259 419 0.001618 0.001
105 233 0.002219 0.001
11 32 0.002909 0.001
26 170 0.006538 0.001
-16 184 0.0115 0.001
-55 166 0.003018 0.001
-83 119 0.001434 0.001
-99 53 0.001 0.001868
-101 -20 0.001 0.00505
-92 -89 0.001 0.001034
-70 -147 0.0021 0.001
-71 147 0.00207 0.001
-92 89 0.001 0.001034
-101 20 0.001 0.00505
-99 -53 0.001 0.001868
-83 -119 0.001434 0.001
-55 -166 0.003018 0.001
-16 -184 0.0115 0.001
26 -170 0.006538 0.001
94 -223 0.002372 0.001
256 -422 0.001648 0.001
128 -222 0.001734 0.001
13 -34 0.002615 0.001
0 -40 -1.0 0.001
116 219 0.001888 0.001
265 428 0.001615 0.001
125 280 0.00224 0.001
10 34 0.0034 0.001
26 175 0.006731 0.001
-15 190 0.012667 0.001
-55 173 0.003145 0.001
-84 126 0.0015 0.001
-99 62 0.001 0.001597
-104 -11 0.001 0.009455
-96 -81 0.001 0.001185
-77 -142 0.001844 0.001
-12 -36 0.003 0.001
-72 153 0.002125 0.001
-93 95 0.001022 0.001
-103 26 0.001 0.003962
-101 -47 0.001 0.002149
-88 -114 0.001295 0.001
-62 -167 0.002694 0.001
-25 -190 0.0076 0.001
18 -180 0.01 0.001
9 -32 0.003556 0.001
91 -228 0.002505 0.001
229 -391 0.001707 0.001
184 -308 0.001674 0.001
13 -34 0.002615 0.001
0 -42 -1.0 0.001
112 213 0.001902 0.001
285 462 0.001621 0.001
126 281 0.00223 0.001
22 68 0.003091 0.001
25 180 0.0072 0.001
-16 196 0.01225 0.001
-54 180 0.003333 0.001
-84 134 0.001595 0.001
-100 71 0.001 0.001408
-105 -1 0.001 0.105
-100 -71 0.001 0.001408
-83 -135 0.001627 0.001
-28 -77 0.00275 0.001
-72 159 0.002208 0.001
-94 101 0.001074 0.001
-105 33 0.001 0.003182
-103 -40 0.001 0.002575
-93 -108 0.001161 0.001
-69 -163 0.002362 0.001
-34 -194 0.005706 0.001
8 -190 0.02375 0.001
16 -75 0.004688 0.001
105 -264 0.002514 0.001
223 -386 0.001731 0.001
205 -341 0.001663 0.001
13 -33 0.002538 0.001
0 -45 -1.0 0.001
115 217 0.001887 0.001
291 473 0.001625 0.001
134 295 0.002201 0.001
34 107 0.003147 0.001
25 186 0.00744 0.001
-16 202 0.012625 0.001
-54 187 0.003463 0.001
-85 143 0.001682 0.001
-101 79 0.001 0.001278
-107 9 0.001 0.011889
-103 -64 0.001 0.001609
-89 -130 0.001461 0.001
-44 -113 0.002568 0.001
-73 165 0.00226 0.001
-95 107 0.001126 0.001
-106 40 0.001 0.00265
-106 -33 0.001 0.003212
-96 -101 0.001052 0.001
-75 -160 0.002133 0.001
-43 -194 0.004512 0.001
-2 -202 0.101 0.001
21 -121 0.005762 0.001
102 -271 0.002657 0.001
196 -354 0.001806 0.001
248 -399 0.001609 0.001
29 -68 0.002345 0.001
0 -48 -1.0 0.001
137 252 0.001839 0.001
288 471 0.001635 0.001
134 298 0.002224 0.001
46 144 0.00313 0.001
24 194 0.008083 0.001
-16 208 0.013 0.001
-56 195 0.003482 0.001
-85 151 0.001776 0.001
-101 87 0.001 0.001161
-108 17 0.001 0.006353
-106 -55 0.001 0.001927
-94 -122 0.001298 0.001
-63 -153 0.002429 0.001
-75 172 0.002293 0.001
-97 115 0.001186 0.001
-107 45 0.001 0.002378
-107 -27 0.001 0.003963
-101 -97 0.001 0.001041
-81 -159 0.001963 0.001
-50 -198 0.00396 0.001
-11 -208 0.018909 0.001
23 -165 0.007174 0.001
96 -267 0.002781 0.001
185 -352 0.001903 0.001
296 -479 0.001618 0.001
29 -67 0.00231 0.001
0 -51 -1.0 0.001
136 250 0.001838 0.001
286 466 0.001629 0.001
158 345 0.002184 0.001
57 183 0.003211 0.001
24 199 0.008292 0.001
-17 214 0.012588 0.001
-56 203 0.003625 0.001
-84 159 0.001893 0.001
-103 97 0.001 0.001062
-109 26 0.001 0.004192
-108 -45 0.001 0.0024
-99 -114 0.001152 0.001
-79 -173 0.00219 0.001
-6 -21 0.0035 0.001
-76 178 0.002342 0.001
-97 121 0.001247 0.001
-108 53 0.001 0.002038
-109 -19 0.001 0.005737
-104 -90 0.001 0.001156
-87 -153 0.001759 0.001
-59 -198 0.003356 0.001
-22 -216 0.009818 0.001
20 -200 0.01 0.001
4 -21 0.00525 0.001
89 -265 0.002978 0.001
175 -352 0.002011 0.001
361 -594 0.001645 0.001
13 -33 0.002538 0.001
0 -53 -1.0 0.001
160 286 0.001788 0.001
285 469 0.001646 0.001
157 349 0.002223 0.001
68 223 0.003279 0.001
23 205 0.008913 0.001
-17 222 0.013059 0.001
-56 210 0.00375 0.001
-84 166 0.001976 0.001
-103 106 0.001029 0.001
-111 37 0.001 0.003
-112 -36 0.001 0.003111
-103 -106 0.001029 0.001
-84 -166 0.001976 0.001
-23 -70 0.003043 0.001
-77 185 0.002403 0.001
-97 128 0.00132 0.001
-109 60 0.001 0.001817
-113 -11 0.001 0.010273
-106 -83 0.001 0.001277
-92 -147 0.001598 0.001
-68 -198 0.002912 0.001
-31 -221 0.007129 0.001
10 -214 0.0214 0.001
12 -67 0.005583 0.001
83 -264 0.003181 0.001
166 -353 0.002127 0.001
408 -678 0.001662 0.001
14 -32 0.002286 0.001
0 -57 -1.0 0.001
166 294 0.001771 0.001
294 484 0.001646 0.001
163 366 0.002245 0.001
82 273 0.003329 0.001
22 214 0.009727 0.001
-19 228 0.012 0.001
-55 215 0.003909 0.001
-86 177 0.002058 0.001
-104 115 0.001106 0.001
-112 45 0.001 0.002489
-113 -27 0.001 0.004185
-107 -98 0.001 0.001092
-91 -162 0.00178 0.001
-40 -115 0.002875 0.001
-78 193 0.002474 0.001
-100 135 0.00135 0.001
-109 67 0.001 0.001627
-114 -4 0.001 0.0285
-109 -75 0.001 0.001453
-97 -142 0.001464 0.001
-74 -195 0.002635 0.001
-41 -225 0.005488 0.001
-2 -223 0.1115 0.001
18 -123 0.006833 0.001
82 -273 0.003329 0.001
163 -366 0.002245 0.001
294 -484 0.001646 0.001
167 -294 0.00176 0.001
0 -61 -1.0 0.001
162 285 0.001759 0.001
287 469 0.001634 0.001
170 364 0.002141 0.001
107 327 0.003056 0.001
15 69 0.0046 0.001
21 219 0.010429 0.001
-19 234 0.012316 0.001
-56 225 0.004018 0.001
-85 184 0.002165 0.001
-104 125 0.001202 0.001
-114 56 0.001 0.002036
-114 -16 0.001 0.007125
-110 -87 0.001 0.001264
-97 -153 0.001577 0.001
-63 -170 0.002698 0.001
-79 198 0.002506 0.001
-99 143 0.001444 0.001
-111 76 0.001 0.001461
-115 5 0.001 0.023
-112 -67 0.001 0.001672
-102 -135 0.001324 0.001
-81 -193 0.002383 0.001
-50 -227 0.00454 0.001
-13 -235 0.018077 0.001
20 -182 0.0091 0.001
73 -266 0.003644 0.001
148 -357 0.002412 0.001
226 -402 0.001779 0.001
281 -456 0.001623 0.001
14 -33 0.002357 0.001
0 -64 -1.0 0.001
190 325 0.001711 0.001
289 478 0.001654 0.001
168 370 0.002202 0.001
108 338 0.00313 0.001
23 106 0.004609 0.001
20 228 0.0114 0.001
-21 243 0.011571 0.001
-56 232 0.004143 0.001
-87 193 0.002218 0.001
-105 134 0.001276 0.001
-114 63 0.001 0.00181
-116 -7 0.001 0.016571
-112 -79 0.001 0.001418
-102 -147 0.001441 0.001
-82 -205 0.0025 0.001
-3 -13 0.004333 0.001
-80 207 0.002588 0.001
-101 151 0.001495 0.001
-112 83 0.001 0.001349
-116 12 0.001 0.009667
-114 -60 0.001 0.0019
-106 -129 0.001217 0.001
-88 -191 0.00217 0.001
-59 -229 0.003881 0.001
-22 -242 0.011 0.001
16 -229 0.014312 0.001
3 -15 0.005 0.001
82 -310 0.00378 0.001
148 -365 0.002466 0.001
224 -409 0.001826 0.001
310 -500 0.001613 0.001
15 -33 0.0022 0.001
0 -67 -1.0 0.001
486 808 0.001663 0.001
173 378 0.002185 0.001
117 354 0.003026 0.001
41 187 0.004561 0.001
18 233 0.012944 0.001
-21 249 0.011857 0.001
-57 242 0.004246 0.001
-86 201 0.002337 0.001
-105 143 0.001362 0.001
-115 75 0.001 0.001533
-117 4 0.001 0.02925
-116 -68 0.001 0.001706
-105 -137 0.001305 0.001
-89 -196 0.002202 0.001
-24 -80 0.003333 0.001
-80 214 0.002675 0.001
-101 159 0.001574 0.001
-113 92 0.001 0.001228
-117 22 0.001 0.005318
-117 -51 0.001 0.002294
-109 -120 0.001101 0.001
-93 -182 0.001957 0.001
-68 -229 0.003368 0.001
-35 -251 0.007171 0.001
5 -243 0.0486 0.001
10 -77 0.0077 0.001
77 -314 0.004078 0.001
140 -369 0.002636 0.001
217 -420 0.001935 0.001
369 -591 0.001602 0.001
15 -33 0.0022 0.001
0 -72 -1.0 0.001
253 411 0.001625 0.001
267 452 0.001693 0.001
172 386 0.002244 0.001
117 366 0.003128 0.001
48 231 0.004812 0.001
16 243 0.015188 0.001
-22 258 0.011727 0.001
-59 247 0.004186 0.001
-87 211 0.002425 0.001
-105 153 0.001457 0.001
-115 83 0.001 0.001386
-119 13 0.001 0.009154
-117 -59 0.001 0.001983
-110 -129 0.001173 0.001
-95 -192 0.002021 0.001
-44 -137 0.003114 0.001
-82 223 0.00272 0.001
-102 168 0.001647 0.001
-113 100 0.001 0.00113
-118 29 0.001 0.004069
-118 -41 0.001 0.002878
-113 -114 0.001009 0.001
-99 -178 0.001798 0.001
-76 -228 0.003 0.001
-44 -255 0.005795 0.001
-7 -253 0.036143 0.001
14 -142 0.010143 0.001
72 -318 0.004417 0.001
131 -375 0.002863 0.001
210 -432 0.002057 0.001
445 -721 0.00162 0.001
0 -76 -1.0 0.001
496 804 0.001621 0.001
200 433 0.002165 0.001
137 421 0.003073 0.001
65 315 0.004846 0.001
14 252 0.018 0.001
-24 268 0.011167 0.001
-60 257 0.004283 0.001
-87 218 0.002506 0.001
-107 162 0.001514 0.001
-116 92 0.001 0.001261
-121 21 0.001 0.005762
-119 -51 0.001 0.002333
-113 -122 0.00108 0.001
-100 -188 0.00188 0.001
-65 -193 0.002969 0.001
-82 230 0.002805 0.001
-103 177 0.001718 0.001
-114 110 0.001 0.001036
-120 39 0.001 0.003077
-121 -34 0.001 0.003559
-115 -104 0.001 0.001106
-104 -174 0.001673 0.001
-83 -226 0.002723 0.001
-54 -258 0.004778 0.001
-18 -265 0.014722 0.001
15 -211 0.014067 0.001
65 -315 0.004846 0.001
137 -421 0.003073 0.001
200 -433 0.002165 0.001
497 -804 0.001618 0.001
0 -81 -1.0 0.001
499 797 0.001597 0.001
204 433 0.002123 0.001
145 432 0.002979 0.001
83 377 0.004542 0.001
10 71 0.0071 0.001
12 262 0.021833 0.001
-26 273 0.0105 0.001
-61 266 0.004361 0.001
-88 228 0.002591 0.001
-106 170 0.001604 0.001
-117 103 0.001 0.001136
-120 32 0.001 0.00375
-120 -40 0.001 0.003
-116 -110 0.001 0.001055
-105 -177 0.001686 0.001
-85 -233 0.002741 0.001
-9 -33 0.003667 0.001
-83 239 0.00288 0.001
-102 184 0.001804 0.001
-115 120 0.001043 0.001
-120 49 0.001 0.002449
-121 -23 0.001 0.005261
-118 -94 0.001 0.001255
-108 -162 0.0015 0.001
-90 -220 0.002444 0.001
-65 -263 0.004046 0.001
-30 -275 0.009167 0.001
6 -263 0.043833 0.001
4 -33 0.00825 0.001
69 -358 0.005188 0.001
132 -424 0.003212 0.001
191 -437 0.002288 0.001
265 -448 0.001691 0.001
285 -443 0.001554 0.001
0 -85 -1.0 0.001
506 792 0.001565 0.001
207 435 0.002101 0.001
151 441 0.002921 0.001
93 400 0.004301 0.001
28 188 0.006714 0.001
9 266 0.029556 0.001
-27 283 0.010481 0.001
-60 273 0.00455 0.001
-89 238 0.002674 0.001
-106 181 0.001708 0.001
-118 115 0.001 0.001026
-122 42 0.001 0.002905
-122 -29 0.001 0.004207
-119 -102 0.001 0.001167
-109 -169 0.00155 0.001
-92 -229 0.002489 0.001
-30 -104 0.003467 0.001
-84 249 0.002964 0.001
-103 194 0.001883 0.001
-116 129 0.001112 0.001
-121 58 0.001 0.002086
-123 -14 0.001 0.008786
-118 -85 0.001 0.001388
-112 -154 0.001375 0.001
-97 -216 0.002227 0.001
-73 -262 0.003589 0.001
-42 -285 0.006786 0.001
-5 -278 0.0556 0.001
8 -101 0.012625 0.001
62 -358 0.005774 0.001
119 -424 0.003563 0.001
177 -443 0.002503 0.001
227 -420 0.00185 0.001
401 -611 0.001524 0.001
0 -91 -1.0 0.001
491 746 0.001519 0.001
214 433 0.002023 0.001
162 450 0.002778 0.001
107 426 0.003981 0.001
55 358 0.006509 0.001
7 276 0.039429 0.001
-29 293 0.010103 0.001
-62 283 0.004565 0.001
-90 248 0.002756 0.001
-107 190 0.001776 0.001
-118 122 0.001034 0.001
-122 52 0.001 0.002346
-124 -20 0.001 0.0062
-120 -92 0.001 0.001304
-114 -163 0.00143 0.001
-98 -225 0.002296 0.001
-52 -174 0.003346 0.001
-85 260 0.003059 0.001
-105 204 0.001943 0.001
-115 137 0.001191 0.001
-122 68 0.001 0.001794
-124 -4 0.001 0.031
-121 -76 0.001 0.001592
-116 -148 0.001276 0.001
-102 -212 0.002078 0.001
-81 -261 0.003222 0.001
-51 -288 0.005647 0.001
-17 -292 0.017176 0.001
9 -178 0.019778 0.001
55 -358 0.006509 0.001
107 -426 0.003981 0.001
162 -450 0.002778 0.001
214 -433 0.002023 0.001
492 -746 0.001516 0.001
0 -96 -1.0 0.001
505 748 0.001481 0.001
217 436 0.002009 0.001
165 458 0.002776 0.001
113 442 0.003912 0.001
68 425 0.00625 0.001
7 72 0.010286 0.001
4 286 0.0715 0.001
-31 302 0.009742 0.001
-63 292 0.004635 0.001
-91 258 0.002835 0.001
-108 200 0.001852 0.001
-118 132 0.001119 0.001
-123 61 0.001 0.002016
-126 -11 0.001 0.011455
-122 -83 0.001 0.00147
-116 -155 0.001336 0.001
-104 -219 0.002106 0.001
-77 -249 0.003234 0.001
-85 266 0.003129 0.001
-104 215 0.002067 0.001
-115 148 0.001287 0.001
-123 80 0.001 0.001538
-125 7 0.001 0.017857
-123 -65 0.001 0.001892
-118 -135 0.001144 0.001
-107 -203 0.001897 0.001
-90 -261 0.0029 0.001
-62 -294 0.004742 0.001
-29 -303 0.010448 0.001
5 -269 0.0538 0.001
49 -360 0.007347 0.001
110 -478 0.004345 0.001
152 -458 0.003013 0.001
206 -443 0.00215 0.001
306 -480 0.001569 0.001
253 -362 0.001431 0.001
0 -102 -1.0 0.001
497 707 0.001423 0.001
225 436 0.001938 0.001
173 464 0.002682 0.001
132 509 0.003856 0.001
76 455 0.005987 0.001
19 190 0.01 0.001
1 296 0.296 0.001
-33 312 0.009455 0.001
-65 303 0.004662 0.001
-92 268 0.002913 0.001
-109 210 0.001927 0.001
-118 141 0.001195 0.001
-125 70 0.001 0.001786
-124 -1 0.001 0.124
-124 -74 0.001 0.001676
-118 -143 0.001212 0.001
-108 -212 0.001963 0.001
-91 -270 0.002967 0.001
-16 -62 0.003875 0.001
-85 276 0.003247 0.001
-106 226 0.002132 0.001
-115 159 0.001383 0.001
-124 89 0.001 0.001393
-123 18 0.001 0.006833
-126 -54 0.001 0.002333
-120 -125 0.001042 0.001
-112 -196 0.00175 0.001
-96 -255 0.002656 0.001
-72 -300 0.004167 0.001
-41 -314 0.007659 0.001
-6 -301 0.050167 0.001
3 -61 0.020333 0.001
50 -407 0.00814 0.001
104 -489 0.004702 0.001
144 -466 0.003236 0.001
196 -455 0.002321 0.001
274 -456 0.001664 0.001
355 -488 0.001375 0.001
0 -108 -1.0 0.001
484 657 0.001357 0.001
232 427 0.001841 0.001
180 462 0.002567 0.001
142 519 0.003655 0.001
89 485 0.005449 0.001
42 405 0.009643 0.001
-2 312 0.156 0.001
-36 322 0.008944 0.001
-67 312 0.004657 0.001
-93 277 0.002978 0.001
-110 219 0.001991 0.001
-119 149 0.001252 0.001
-125 79 0.001 0.001582
-125 7 0.001 0.017857
-124 -64 0.001 0.001938
-120 -136 0.001133 0.001
-113 -206 0.001823 0.001
-97 -267 0.002753 0.001
-38 -144 0.003789 0.001
-86 287 0.003337 0.001
-106 237 0.002236 0.001
-116 170 0.001466 0.001
-124 100 0.001 0.00124
-124 28 0.001 0.004429
-125 -42 0.001 0.002976
-122 -115 0.001 0.001061
-114 -182 0.001596 0.001
-103 -249 0.002417 0.001
-81 -297 0.003667 0.001
-53 -322 0.006075 0.001
-20 -316 0.0158 0.001
4 -159 0.03975 0.001
42 -405 0.009643 0.001
89 -485 0.005449 0.001
142 -519 0.003655 0.001
180 -462 0.002567 0.001
232 -427 0.001841 0.001
485 -657 0.001355 0.001
0 -114 -1.0 0.001
478 610 0.001276 0.001
238 420 0.001765 0.001
186 460 0.002473 0.001
149 527 0.003537 0.001
106 556 0.005245 0.001
54 478 0.008852 0.001
6 110 0.018333 0.001
-5 323 0.0646 0.001
-38 332 0.008737 0.001
-69 322 0.004667 0.001
-94 287 0.003053 0.001
-110 229 0.002082 0.001
-119 160 0.001345 0.001
-125 89 0.001 0.001404
-126 17 0.001 0.007412
-125 -54 0.001 0.002315
-122 -127 0.001041 0.001
-114 -193 0.001693 0.001
-103 -260 0.002524 0.001
-67 -243 0.003627 0.001
-87 298 0.003425 0.001
-106 249 0.002349 0.001
-116 180 0.001552 0.001
-124 112 0.001 0.001107
-125 40 0.001 0.003125
-125 -31 0.001 0.004032
-124 -104 0.001 0.001192
-118 -173 0.001466 0.001
-107 -241 0.002252 0.001
-89 -292 0.003281 0.001
-64 -329 0.005141 0.001
-32 -335 0.010469 0.001
-1 -256 0.256 0.001
40 -448 0.0112 0.001
91 -540 0.005934 0.001
133 -525 0.003947 0.001
169 -468 0.002769 0.001
222 -435 0.001959 0.001
329 -462 0.001404 0.001
234 -283 0.001209 0.001
0 -122 -1.0 0.001
477 569 0.001193 0.001
246 415 0.001687 0.001
191 458 0.002398 0.001
155 533 0.003439 0.001
113 575 0.005088 0.001
64 519 0.008109 0.001
20 315 0.01575 0.001
-8 333 0.041625 0.001
-40 341 0.008525 0.001
-71 333 0.00469 0.001
-94 298 0.00317 0.001
-111 239 0.002153 0.001
-119 170 0.001429 0.001
-126 99 0.001 0.001273
-125 28 0.001 0.004464
-126 -44 0.001 0.002864
-124 -116 0.001 0.001069
-117 -185 0.001581 0.001
-108 -253 0.002343 0.001
-89 -304 0.003416 0.001
-8 -36 0.0045 0.001
-87 309 0.003552 0.001
-106 260 0.002453 0.001
-116 192 0.001655 0.001
-124 124 0.001 0.001
-125 51 0.001 0.002451
-126 -19 0.001 0.006632
-126 -92 0.001 0.00137
-120 -162 0.00135 0.001
-112 -232 0.002071 0.001
-97 -292 0.00301 0.001
-73 -328 0.004493 0.001
-44 -346 0.007864 0.001
-11 -332 0.030182 0.001
0 -36 -1.0 0.001
33 -448 0.013576 0.001
77 -539 0.007 0.001
128 -583 0.004555 0.001
172 -529 0.003076 0.001
209 -445 0.002129 0.001
295 -438 0.001485 0.001
353 -402 0.001139 0.001
0 -128 -1.0 0.001
0 -721 -1.0 0.001
4266 0 0.001 -1.0
0 2920 -1.0 0.001
57 89 0.001561 0.001
2 58 0.029 0.001
-36 23 0.001 0.001565
-23 -24 0.001043 0.001
-35 25 0.001 0.0014
-28 -41 0.001464 0.001
6 -41 0.006833 0.001
57 -89 0.001561 0.001
0 -5 -1.0 0.001
60 95 0.001583 0.001
3 60 0.02 0.001
-36 27 0.001 0.001333
-27 -27 0.001 0.001
-36 27 0.001 0.001333
-30 -39 0.0013 0.001
6 -48 0.008 0.001
60 -95 0.001583 0.001
0 -5 -1.0 0.001
64 101 0.001578 0.001
3 62 0.020667 0.001
-36 31 0.001 0.001161
-31 -29 0.001 0.001069
-36 28 0.001 0.001286
-33 -37 0.001121 0.001
5 -55 0.011 0.001
64 -101 0.001578 0.001
0 -4 -1.0 0.001
68 106 0.001559 0.001
4 64 0.016 0.001
-36 34 0.001 0.001059
-36 -31 0.001 0.001161
-37 31 0.001 0.001194
-35 -36 0.001029 0.001
5 -62 0.0124 0.001
67 -106 0.001582 0.001
0 -6 -1.0 0.001
72 114 0.001583 0.001
5 65 0.013 0.001
-36 38 0.001056 0.001
-40 -29 0.001 0.001379
-1 -3 0.003 0.001
-38 32 0.001 0.001188
-37 -35 0.001 0.001057
2 -65 0.0325 0.001
2 -3 0.0015 0.001
71 -114 0.001606 0.001
0 -5 -1.0 0.001
76 120 0.001579 0.001
6 67 0.011167 0.001
-36 42 0.001167 0.001
-42 -25 0.001 0.00168
-4 -9 0.00225 0.001
-39 35 0.001 0.001114
-39 -33 0.001 0.001182
-1 -69 0.069 0.001
3 -8 0.002667 0.001
76 -120 0.001579 0.001
0 -6 -1.0 0.001
81 128 0.00158 0.001
6 69 0.0115 0.001
-35 45 0.001286 0.001
-45 -20 0.001 0.00225
-7 -15 0.002143 0.001
-40 37 0.001 0.001081
-41 -31 0.001 0.001323
-5 -70 0.014 0.001
6 -15 0.0025 0.001
80 -128 0.0016 0.001
0 -6 -1.0 0.001
85 135 0.001588 0.001
8 71 0.008875 0.001
-36 50 0.001389 0.001
-46 -17 0.001 0.002706
-11 -20 0.001818 0.001
-40 39 0.001 0.001026
-44 -30 0.001 0.001467
-9 -71 0.007889 0.001
8 -22 0.00275 0.001
85 -135 0.001588 0.001
0 -7 -1.0 0.001
90 144 0.0016 0.001
8 73 0.009125 0.001
-35 53 0.001514 0.001
-48 -12 0.001 0.004
-15 -25 0.001667 0.001
-41 41 0.001 0.001
-46 -27 0.001 0.001704
-12 -73 0.006083 0.001
9 -30 0.003333 0.001
90 -144 0.0016 0.001
0 -7 -1.0 0.001
96 153 0.001594 0.001
9 75 0.008333 0.001
-35 57 0.001629 0.001
-50 -7 0.001 0.007143
-20 -31 0.00155 0.001
-42 43 0.001024 0.001
-48 -25 0.001 0.00192
-16 -74 0.004625 0.001
11 -38 0.003455 0.001
95 -153 0.001611 0.001
0 -7 -1.0 0.001
102 162 0.001588 0.001
9 77 0.008556 0.001
-34 61 0.001794 0.001
-52 -2 0.001 0.026
-25 -37 0.00148 0.001
-43 46 0.00107 0.001
-50 -23 0.001 0.002174
-20 -74 0.0037 0.001
12 -48 0.004 0.001
101 -162 0.001604 0.001
0 -8 -1.0 0.001
108 172 0.001593 0.001
10 79 0.0079 0.001
-34 65 0.001912 0.001
-53 3 0.001 0.017667
-31 -42 0.001355 0.001
-44 48 0.001091 0.001
-52 -20 0.001 0.0026
-23 -74 0.003217 0.001
12 -59 0.004917 0.001
107 -172 0.001607 0.001
0 -8 -1.0 0.001
114 182 0.001596 0.001
11 82 0.007455 0.001
-33 68 0.002061 0.001
-54 9 0.001 0.006
-38 -48 0.001263 0.001
-44 51 0.001159 0.001
-54 -18 0.001 0.003
-28 -74 0.002643 0.001
12 -70 0.005833 0.001
114 -182 0.001596 0.001
0 -9 -1.0 0.001
121 193 0.001595 0.001
12 84 0.007 0.001
-33 73 0.002212 0.001
-56 14 0.001 0.004
-44 -53 0.001205 0.001
-45 53 0.001178 0.001
-56 -15 0.001 0.003733
-32 -74 0.002312 0.001
13 -82 0.006308 0.001
120 -193 0.001608 0.001
0 -10 -1.0 0.001
128 206 0.001609 0.001
13 86 0.006615 0.001
-32 77 0.002406 0.001
-57 19 0.001 0.003
-49 -50 0.00102 0.001
-3 -7 0.002333 0.001
-46 55 0.001196 0.001
-58 -12 0.001 0.004833
-35 -73 0.002086 0.001
8 -88 0.011 0.001
4 -7 0.00175 0.001
127 -206 0.001622 0.001
0 -9 -1.0 0.001
135 218 0.001615 0.001
14 88 0.006286 0.001
-31 81 0.002613 0.001
-57 25 0.001 0.00228
-53 -45 0.001 0.001178
-8 -18 0.00225 0.001
-47 59 0.001255 0.001
-60 -10 0.001 0.006
-39 -72 0.001846 0.001
5 -92 0.0184 0.001
6 -16 0.002667 0.001
135 -218 0.001615 0.001
0 -11 -1.0 0.001
143 232 0.001622 0.001
15 91 0.006067 0.001
-30 84 0.0028 0.001
-59 31 0.001 0.001903
-56 -40 0.001 0.0014
-13 -27 0.002077 0.001
-48 61 0.001271 0.001
-61 -7 0.001 0.008714
-43 -70 0.001628 0.001
-1 -96 0.096 0.001
10 -27 0.0027 0.001
143 -232 0.001622 0.001
0 -11 -1.0 0.001
152 246 0.001618 0.001
15 94 0.006267 0.001
-30 88 0.002933 0.001
-59 36 0.001 0.001639
-59 -35 0.001 0.001686
-19 -36 0.001895 0.001
-49 64 0.001306 0.001
-63 -4 0.001 0.01575
-46 -68 0.001478 0.001
-6 -98 0.016333 0.001
13 -41 0.003154 0.001
151 -246 0.001629 0.001
0 -12 -1.0 0.001
78 133 0.001705 0.001
83 129 0.001554 0.001
16 96 0.006 0.001
-29 93 0.003207 0.001
-60 41 0.001 0.001463
-62 -29 0.001 0.002138
-26 -46 0.001769 0.001
-50 66 0.00132 0.001
-64 0 0.001 -1.0
-50 -66 0.00132 0.001
-11 -101 0.009182 0.001
15 -54 0.0036 0.001
148 -231 0.001561 0.001
12 -31 0.002583 0.001
0 -12 -1.0 0.001
82 141 0.00172 0.001
88 136 0.001545 0.001
17 99 0.005824 0.001
-28 97 0.003464 0.001
-60 47 0.001 0.001277
-64 -22 0.001 0.002909
-35 -57 0.001629 0.001
-51 70 0.001373 0.001
-66 3 0.001 0.022
-53 -64 0.001208 0.001
-17 -103 0.006059 0.001
17 -70 0.004118 0.001
158 -245 0.001551 0.001
12 -32 0.002667 0.001
0 -14 -1.0 0.001
87 150 0.001724 0.001
93 145 0.001559 0.001
18 102 0.005667 0.001
-27 101 0.003741 0.001
-60 53 0.001 0.001132
-67 -16 0.001 0.004188
-44 -66 0.0015 0.001
-52 72 0.001385 0.001
-67 7 0.001 0.009571
-57 -62 0.001088 0.001
-22 -103 0.004682 0.001
18 -88 0.004889 0.001
167 -260 0.001557 0.001
13 -35 0.002692 0.001
0 -14 -1.0 0.001
80 141 0.001763 0.001
111 173 0.001559 0.001
18 105 0.005833 0.001
-27 105 0.003889 0.001
-60 59 0.001 0.001017
-69 -11 0.001 0.006273
-53 -75 0.001415 0.001
-53 75 0.001415 0.001
-69 10 0.001 0.0069
-60 -59 0.001 0.001017
-27 -105 0.003889 0.001
19 -104 0.005474 0.001
178 -281 0.001579 0.001
12 -33 0.00275 0.001
0 -15 -1.0 0.001
85 149 0.001753 0.001
117 185 0.001581 0.001
19 107 0.005632 0.001
-26 109 0.004192 0.001
-60 65 0.001083 0.001
-71 -3 0.001 0.023667
-58 -70 0.001207 0.001
-6 -15 0.0025 0.001
-53 78 0.001472 0.001
-71 14 0.001 0.005071
-64 -55 0.001 0.001164
-32 -105 0.003281 0.001
13 -111 0.008538 0.001
6 -14 0.002333 0.001
188 -299 0.00159 0.001
13 -35 0.002692 0.001
0 -15 -1.0 0.001
78 141 0.001808 0.001
136 213 0.001566 0.001
20 111 0.00555 0.001
-26 113 0.004346 0.001
-60 71 0.001183 0.001
-73 3 0.001 0.024333
-62 -66 0.001065 0.001
-13 -29 0.002231 0.001
-55 82 0.001491 0.001
-72 18 0.001 0.004
-67 -53 0.001 0.001264
-37 -104 0.002811 0.001
7 -116 0.016571 0.001
11 -30 0.002727 0.001
201 -322 0.001602 0.001
12 -32 0.002667 0.001
0 -17 -1.0 0.001
83 150 0.001807 0.001
143 226 0.00158 0.001
21 114 0.005429 0.001
-24 117 0.004875 0.001
-60 77 0.001283 0.001
-75 11 0.001 0.006818
-67 -59 0.001 0.001136
-21 -45 0.002143 0.001
-56 86 0.001536 0.001
-73 21 0.001 0.003476
-70 -49 0.001 0.001429
-42 -104 0.002476 0.001
1 -121 0.121 0.001
14 -48 0.003429 0.001
213 -342 0.001606 0.001
13 -34 0.002615 0.001
0 -18 -1.0 0.001
78 144 0.001846 0.001
161 256 0.00159 0.001
22 117 0.005318 0.001
-24 122 0.005083 0.001
-60 83 0.001383 0.001
-76 18 0.001 0.004222
-70 -53 0.001 0.001321
-31 -60 0.001935 0.001
-57 89 0.001561 0.001
-75 25 0.001 0.003
-72 -45 0.001 0.0016
-48 -103 0.002146 0.001
-5 -125 0.025 0.001
18 -68 0.003778 0.001
227 -367 0.001617 0.001
12 -33 0.00275 0.001
0 -19 -1.0 0.001
73 139 0.001904 0.001
166 257 0.001548 0.001
14 30 0.002143 0.001
22 121 0.0055 0.001
-23 126 0.005478 0.001
-60 89 0.001483 0.001
-77 24 0.001 0.003208
-74 -46 0.001 0.001609
-41 -75 0.001829 0.001
-58 93 0.001603 0.001
-77 29 0.001 0.002655
-74 -42 0.001 0.001762
-53 -101 0.001906 0.001
-12 -128 0.010667 0.001
21 -90 0.004286 0.001
154 -249 0.001617 0.001
87 -144 0.001655 0.001
12 -33 0.00275 0.001
0 -20 -1.0 0.001
78 147 0.001885 0.001
175 274 0.001566 0.001
15 32 0.002133 0.001
23 124 0.005391 0.001
-22 130 0.005909 0.001
-60 96 0.0016 0.001
-78 32 0.001 0.002438
-78 -39 0.001 0.002
-53 -91 0.001717 0.001
-59 96 0.001627 0.001
-78 34 0.001 0.002294
-77 -37 0.001 0.002081
-58 -100 0.001724 0.001
-18 -131 0.007278 0.001
23 -114 0.004957 0.001
134 -225 0.001679 0.001
121 -193 0.001595 0.001
12 -35 0.002917 0.001
0 -21 -1.0 0.001
101 182 0.001802 0.001
168 268 0.001595 0.001
14 32 0.002286 0.001
24 127 0.005292 0.001
-22 135 0.006136 0.001
-59 102 0.001729 0.001
-80 39 0.001 0.002051
-80 -33 0.001 0.002424
-62 -96 0.001548 0.001
-4 -9 0.00225 0.001
-60 100 0.001667 0.001
-80 38 0.001 0.002105
-80 -34 0.001 0.002353
-62 -97 0.001565 0.001
-24 -134 0.005583 0.001
20 -129 0.00645 0.001
3 -9 0.003 0.001
128 -220 0.001719 0.001
143 -228 0.001594 0.001
12 -34 0.002833 0.001
0 -22 -1.0 0.001
97 178 0.001835 0.001
189 303 0.001603 0.001
13 31 0.002385 0.001
24 131 0.005458 0.001
-20 139 0.00695 0.001
-58 108 0.001862 0.001
-81 47 0.001 0.001723
-83 -24 0.001 0.003458
-68 -90 0.001324 0.001
-13 -32 0.002462 0.001
-61 105 0.001721 0.001
-81 42 0.001 0.001929
-83 -29 0.001 0.002862
-66 -94 0.001424 0.001
-31 -135 0.004355 0.001
13 -136 0.010462 0.001
10 -32 0.0032 0.001
122 -216 0.00177 0.001
165 -263 0.001594 0.001
12 -33 0.00275 0.001
0 -24 -1.0 0.001
94 176 0.001872 0.001
194 305 0.001572 0.001
28 64 0.002286 0.001
25 135 0.0054 0.001
-20 144 0.0072 0.001
-58 114 0.001966 0.001
-80 55 0.001 0.001455
-86 -16 0.001 0.005375
-74 -85 0.001149 0.001
-23 -53 0.002304 0.001
-61 108 0.00177 0.001
-83 47 0.001 0.001766
-85 -23 0.001 0.003696
-71 -91 0.001282 0.001
-38 -136 0.003579 0.001
6 -143 0.023833 0.001
16 -56 0.0035 0.001
117 -213 0.001821 0.001
188 -299 0.00159 0.001
11 -33 0.003 0.001
0 -25 -1.0 0.001
92 174 0.001891 0.001
215 342 0.001591 0.001
28 64 0.002286 0.001
25 138 0.00552 0.001
-19 149 0.007842 0.001
-58 121 0.002086 0.001
-82 62 0.001 0.001323
-88 -8 0.001 0.011
-77 -77 0.001 0.001
-36 -76 0.002111 0.001
-63 113 0.001794 0.001
-84 52 0.001 0.001615
-88 -20 0.001 0.0044
-74 -88 0.001189 0.001
-44 -136 0.003091 0.001
-2 -149 0.0745 0.001
21 -81 0.003857 0.001
113 -212 0.001876 0.001
210 -336 0.0016 0.001
11 -32 0.002909 0.001
0 -27 -1.0 0.001
98 185 0.001888 0.001
208 327 0.001572 0.001
48 105 0.002188 0.001
25 142 0.00568 0.001
-18 153 0.0085 0.001
-57 127 0.002228 0.001
-81 71 0.001 0.001141
-90 1 0.001 0.09
-83 -68 0.001 0.001221
-50 -100 0.002 0.001
-63 117 0.001857 0.001
-85 56 0.001 0.001518
-90 -14 0.001 0.006429
-78 -82 0.001051 0.001
-51 -135 0.002647 0.001
-10 -154 0.0154 0.001
24 -114 0.00475 0.001
118 -225 0.001907 0.001
223 -358 0.001605 0.001
12 -34 0.002833 0.001
0 -28 -1.0 0.001
97 183 0.001887 0.001
230 369 0.001604 0.001
47 105 0.002234 0.001
25 147 0.00588 0.001
-17 158 0.009294 0.001
-58 134 0.00231 0.001
-82 78 0.001 0.001051
-92 8 0.001 0.0115
-87 -63 0.001 0.001381
-63 -120 0.001905 0.001
-65 122 0.001877 0.001
-86 61 0.001 0.00141
-92 -9 0.001 0.010222
-83 -79 0.001 0.001051
-56 -135 0.002411 0.001
-17 -159 0.009353 0.001
26 -143 0.0055 0.001
114 -225 0.001974 0.001
247 -398 0.001611 0.001
12 -34 0.002833 0.001
0 -30 -1.0 0.001
96 183 0.001906 0.001
234 373 0.001594 0.001
65 144 0.002215 0.001
26 150 0.005769 0.001
-17 163 0.009588 0.001
-56 139 0.002482 0.001
-83 87 0.001048 0.001
-93 18 0.001 0.005167
-90 -53 0.001 0.001698
-71 -116 0.001634 0.001
-11 -29 0.002636 0.001
-66 127 0.001924 0.001
-88 67 0.001 0.001313
-94 -5 0.001 0.0188
-86 -75 0.001 0.001147
-62 -133 0.002145 0.001
-25 -162 0.00648 0.001
19 -155 0.008158 0.001
8 -23 0.002875 0.001
110 -226 0.002055 0.001
256 -405 0.001582 0.001
28 -69 0.002464 0.001
0 -32 -1.0 0.001
95 183 0.001926 0.001
259 418 0.001614 0.001
63 144 0.002286 0.001
26 156 0.006 0.001
-17 168 0.009882 0.001
-56 147 0.002625 0.001
-84 94 0.001119 0.001
-94 25 0.001 0.00376
-93 -46 0.001 0.002022
-78 -112 0.001436 0.001
-21 -54 0.002571 0.001
-66 131 0.001985 0.001
-89 72 0.001 0.001236
-96 2 0.001 0.048
-89 -68 0.001 0.001309
-68 -128 0.001882 0.001
-33 -163 0.004939 0.001
9 -165 0.018333 0.001
15 -59 0.003933 0.001
108 -227 0.002102 0.001
297 -484 0.00163 0.001
12 -34 0.002833 0.001
0 -33 -1.0 0.001
113 212 0.001876 0.001
250 404 0.001616 0.001
77 177 0.002299 0.001
27 161 0.005963 0.001
-17 175 0.010294 0.001
-57 153 0.002684 0.001
-83 101 0.001217 0.001
-96 34 0.001 0.002824
-96 -39 0.001 0.002462
-82 -104 0.001268 0.001
-36 -85 0.002361 0.001
-68 137 0.002015 0.001
-89 77 0.001 0.001156
-98 8 0.001 0.01225
-93 -64 0.001 0.001453
-73 -125 0.001712 0.001
-41 -167 0.004073 0.001
2 -172 0.086 0.001
20 -90 0.0045 0.001
98 -216 0.002204 0.001
330 -545 0.001652 0.001
12 -32 0.002667 0.001
0 -36 -1.0 0.001
114 214 0.001877 0.001
255 412 0.001616 0.001
96 220 0.002292 0.001
26 164 0.006308 0.001
-16 178 0.011125 0.001
-55 159 0.002891 0.001
-83 111 0.001337 0.001
-97 44 0.001 0.002205
-99 -27 0.001 0.003667
-88 -96 0.001091 0.001
-53 -118 0.002226 0.001
-69 142 0.002058 0.001
-91 83 0.001 0.001096
-99 13 0.001 0.007615
-96 -58 0.001 0.001655
-79 -122 0.001544 0.001
-48 -167 0.003479 0.001
-7 -178 0.025429 0.001
25 -128 0.00512 0.001
95 -220 0.002316 0.001
357 -593 0.001661 0.001
12 -33 0.00275 0.001
0 -38 -1.0 0.001
115 217 0.001887 0.001
260 419 0.001612 0.001
105 233 0.002219 0.001
10 32 0.0032 0.001
26 170 0.006538 0.001
-15 184 0.012267 0.001
-55 166 0.003018 0.001
-84 119 0.001417 0.001
-98 53 0.001 0.001849
-102 -20 0.001 0.0051
-92 -89 0.001 0.001034
-70 -147 0.0021 0.001
-70 147 0.0021 0.001
-92 89 0.001 0.001034
-102 20 0.001 0.0051
-98 -53 0.001 0.001849
-83 -119 0.001434 0.001
-55 -166 0.003018 0.001
-16 -184 0.0115 0.001
26 -170 0.006538 0.001
94 -223 0.002372 0.001
255 -422 0.001655 0.001
129 -222 0.001721 0.001
12 -34 0.002833 0.001
0 -40 -1.0 0.001
117 219 0.001872 0.001
265 428 0.001615 0.001
125 280 0.00224 0.001
10 34 0.0034 0.001
26 175 0.006731 0.001
-16 190 0.011875 0.001
-55 173 0.003145 0.001
-83 126 0.001518 0.001
-100 62 0.001 0.001613
-103 -11 0.001 0.009364
-97 -81 0.001 0.001198
-76 -142 0.001868 0.001
-13 -36 0.002769 0.001
-71 153 0.002155 0.001
-93 95 0.001022 0.001
-103 26 0.001 0.003962
-102 -47 0.001 0.00217
-88 -114 0.001295 0.001
-62 -167 0.002694 0.001
-24 -190 0.007917 0.001
18 -180 0.01 0.001
8 -32 0.004 0.001
92 -228 0.002478 0.001
228 -391 0.001715 0.001
185 -308 0.001665 0.001
12 -34 0.002833 0.001
0 -42 -1.0 0.001
113 213 0.001885 0.001
284 462 0.001627 0.001
127 281 0.002213 0.001
21 68 0.003238 0.001
26 180 0.006923 0.001
-16 196 0.01225 0.001
-54 180 0.003333 0.001
-84 134 0.001595 0.001
-100 71 0.001 0.001408
-105 -1 0.001 0.105
-100 -71 0.001 0.001408
-83 -135 0.001627 0.001
-29 -77 0.002655 0.001
-72 159 0.002208 0.001
-94 101 0.001074 0.001
-104 33 0.001 0.003152
-104 -40 0.001 0.0026
-92 -108 0.001174 0.001
-69 -163 0.002362 0.001
-34 -194 0.005706 0.001
8 -190 0.02375 0.001
16 -75 0.004688 0.001
105 -264 0.002514 0.001
223 -386 0.001731 0.001
205 -341 0.001663 0.001
12 -33 0.00275 0.001
0 -45 -1.0 0.001
115 217 0.001887 0.001
291 473 0.001625 0.001
135 295 0.002185 0.001
34 107 0.003147 0.001
25 186 0.00744 0.001
-16 202 0.012625 0.001
-55 187 0.0034 0.001
-84 143 0.001702 0.001
-101 79 0.001 0.001278
-107 9 0.001 0.011889
-103 -64 0.001 0.001609
-90 -130 0.001444 0.001
-44 -113 0.002568 0.001
-73 165 0.00226 0.001
-94 107 0.001138 0.001
-106 40 0.001 0.00265
-106 -33 0.001 0.003212
-96 -101 0.001052 0.001
-76 -160 0.002105 0.001
-42 -194 0.004619 0.001
-3 -202 0.067333 0.001
22 -121 0.0055 0.001
102 -271 0.002657 0.001
196 -354 0.001806 0.001
247 -399 0.001615 0.001
29 -68 0.002345 0.001
0 -48 -1.0 0.001
138 252 0.001826 0.001
287 471 0.001641 0.001
135 298 0.002207 0.001
45 144 0.0032 0.001
25 194 0.00776 0.001
-17 208 0.012235 0.001
-55 195 0.003545 0.001
-85 151 0.001776 0.001
-101 87 0.001 0.001161
-108 17 0.001 0.006353
-106 -55 0.001 0.001927
-94 -122 0.001298 0.001
-64 -153 0.002391 0.001
-75 172 0.002293 0.001
-96 115 0.001198 0.001
-107 45 0.001 0.002378
-108 -27 0.001 0.004
-100 -97 0.001 0.001031
-82 -159 0.001939 0.001
-50 -198 0.00396 0.001
-11 -208 0.018909 0.001
24 -165 0.006875 0.001
95 -267 0.002811 0.001
185 -352 0.001903 0.001
297 -479 0.001613 0.001
28 -67 0.002393 0.001
0 -51 -1.0 0.001
136 250 0.001838 0.001
287 466 0.001624 0.001
158 345 0.002184 0.001
56 183 0.003268 0.001
24 199 0.008292 0.001
-17 214 0.012588 0.001
-55 203 0.003691 0.001
-85 159 0.001871 0.001
-102 97 0.001 0.001052
-110 26 0.001 0.004231
-108 -45 0.001 0.0024
-99 -114 0.001152 0.001
-78 -173 0.002218 0.001
-7 -21 0.003 0.001
-75 178 0.002373 0.001
-98 121 0.001235 0.001
-107 53 0.001 0.002019
-110 -19 0.001 0.005789
-104 -90 0.001 0.001156
-87 -153 0.001759 0.001
-59 -198 0.003356 0.001
-21 -216 0.010286 0.001
19 -200 0.010526 0.001
5 -21 0.0042 0.001
89 -265 0.002978 0.001
175 -352 0.002011 0.001
360 -594 0.00165 0.001
13 -33 0.002538 0.001
0 -53 -1.0 0.001
161 286 0.001776 0.001
285 469 0.001646 0.001
157 349 0.002223 0.001
68 223 0.003279 0.001
23 205 0.008913 0.001
-18 222 0.012333 0.001
-55 210 0.003818 0.001
-85 166 0.001953 0.001
-102 106 0.001039 0.001
-112 37 0.001 0.003027
-111 -36 0.001 0.003083
-103 -106 0.001029 0.001
-85 -166 0.001953 0.001
-23 -70 0.003043 0.001
-76 185 0.002434 0.001
-97 128 0.00132 0.001
-110 60 0.001 0.001833
-112 -11 0.001 0.010182
-107 -83 0.001 0.001289
-92 -147 0.001598 0.001
-67 -198 0.002955 0.001
-31 -221 0.007129 0.001
9 -214 0.023778 0.001
13 -67 0.005154 0.001
83 -264 0.003181 0.001
165 -353 0.002139 0.001
409 -678 0.001658 0.001
13 -32 0.002462 0.001
0 -57 -1.0 0.001
167 294 0.00176 0.001
293 484 0.001652 0.001
164 366 0.002232 0.001
82 273 0.003329 0.001
21 214 0.01019 0.001
-18 228 0.012667 0.001
-56 215 0.003839 0.001
-85 177 0.002082 0.001
-104 115 0.001106 0.001
-112 45 0.001 0.002489
-113 -27 0.001 0.004185
-107 -98 0.001 0.001092
-91 -162 0.00178 0.001
-41 -115 0.002805 0.001
-78 193 0.002474 0.001
-99 135 0.001364 0.001
-110 67 0.001 0.001642
-113 -4 0.001 0.02825
-109 -75 0.001 0.001453
-98 -142 0.001449 0.001
-73 -195 0.002671 0.001
-41 -225 0.005488 0.001
-2 -223 0.1115 0.001
18 -123 0.006833 0.001
81 -273 0.00337 0.001
164 -366 0.002232 0.001
293 -484 0.001652 0.001
167 -294 0.00176 0.001
0 -61 -1.0 0.001
162 285 0.001759 0.001
288 469 0.001628 0.001
170 364 0.002141 0.001
106 327 0.003085 0.001
16 69 0.004312 0.001
20 219 0.01095 0.001
-18 234 0.013 0.001
-57 225 0.003947 0.001
-85 184 0.002165 0.001
-103 125 0.001214 0.001
-114 56 0.001 0.002036
-114 -16 0.001 0.007125
-110 -87 0.001 0.001264
-97 -153 0.001577 0.001
-64 -170 0.002656 0.001
-78 198 0.002538 0.001
-99 143 0.001444 0.001
-112 76 0.001 0.001474
-114 5 0.001 0.0228
-113 -67 0.001 0.001687
-101 -135 0.001337 0.001
-81 -193 0.002383 0.001
-51 -227 0.004451 0.001
-12 -235 0.019583 0.001
20 -182 0.0091 0.001
73 -266 0.003644 0.001
148 -357 0.002412 0.001
226 -402 0.001779 0.001
280 -456 0.001629 0.001
14 -33 0.002357 0.001
0 -64 -1.0 0.001
190 325 0.001711 0.001
289 478 0.001654 0.001
169 370 0.002189 0.001
108 338 0.00313 0.001
23 106 0.004609 0.001
19 228 0.012 0.001
-20 243 0.01215 0.001
-57 232 0.00407 0.001
-86 193 0.002244 0.001
-105 134 0.001276 0.001
-114 63 0.001 0.00181
-117 -7 0.001 0.016714
-112 -79 0.001 0.001418
-102 -147 0.001441 0.001
-81 -205 0.002531 0.001
-4 -13 0.00325 0.001
-80 207 0.002588 0.001
-100 151 0.00151 0.001
-112 83 0.001 0.001349
-117 12 0.001 0.00975
-114 -60 0.001 0.0019
-106 -129 0.001217 0.001
-87 -191 0.002195 0.001
-59 -229 0.003881 0.001
-23 -242 0.010522 0.001
17 -229 0.013471 0.001
2 -15 0.0075 0.001
83 -310 0.003735 0.001
147 -365 0.002483 0.001
225 -409 0.001818 0.001
310 -500 0.001613 0.001
14 -33 0.002357 0.001
0 -67 -1.0 0.001
487 808 0.001659 0.001
173 378 0.002185 0.001
117 354 0.003026 0.001
41 187 0.004561 0.001
17 233 0.013706 0.001
-20 249 0.01245 0.001
-58 242 0.004172 0.001
-86 201 0.002337 0.001
-104 143 0.001375 0.001
-115 75 0.001 0.001533
-117 4 0.001 0.02925
-116 -68 0.001 0.001706
-106 -137 0.001292 0.001
-88 -196 0.002227 0.001
-25 -80 0.0032 0.001
-80 214 0.002675 0.001
-100 159 0.00159 0.001
-113 92 0.001 0.001228
-117 22 0.001 0.005318
-117 -51 0.001 0.002294
-109 -120 0.001101 0.001
-94 -182 0.001936 0.001
-68 -229 0.003368 0.001
-34 -251 0.007382 0.001
4 -243 0.06075 0.001
11 -77 0.007 0.001
77 -314 0.004078 0.001
139 -369 0.002655 0.001
218 -420 0.001927 0.001
368 -591 0.001606 0.001
15 -33 0.0022 0.001
0 -72 -1.0 0.001
253 411 0.001625 0.001
268 452 0.001687 0.001
171 386 0.002257 0.001
117 366 0.003128 0.001
49 231 0.004714 0.001
16 243 0.015188 0.001
-23 258 0.011217 0.001
-58 247 0.004259 0.001
-87 211 0.002425 0.001
-106 153 0.001443 0.001
-114 83 0.001 0.001373
-119 13 0.001 0.009154
-117 -59 0.001 0.001983
-111 -129 0.001162 0.001
-94 -192 0.002043 0.001
-45 -137 0.003044 0.001
-81 223 0.002753 0.001
-102 168 0.001647 0.001
-113 100 0.001 0.00113
-119 29 0.001 0.004103
-118 -41 0.001 0.002878
-113 -114 0.001009 0.001
-99 -178 0.001798 0.001
-75 -228 0.00304 0.001
-45 -255 0.005667 0.001
-7 -253 0.036143 0.001
15 -142 0.009467 0.001
72 -318 0.004417 0.001
131 -375 0.002863 0.001
210 -432 0.002057 0.001
444 -721 0.001624 0.001
0 -76 -1.0 0.001
496 804 0.001621 0.001
201 433 0.002154 0.001
137 421 0.003073 0.001
65 315 0.004846 0.001
14 252 0.018 0.001
-24 268 0.011167 0.001
-60 257 0.004283 0.001
-87 218 0.002506 0.001
-107 162 0.001514 0.001
-116 92 0.001 0.001261
-121 21 0.001 0.005762
-120 -51 0.001 0.002353
-112 -122 0.001089 0.001
-100 -188 0.00188 0.001
-66 -193 0.002924 0.001
-81 230 0.00284 0.001
-103 177 0.001718 0.001
-114 110 0.001 0.001036
-121 39 0.001 0.003103
-120 -34 0.001 0.003529
-115 -104 0.001 0.001106
-104 -174 0.001673 0.001
-83 -226 0.002723 0.001
-54 -258 0.004778 0.001
-18 -265 0.014722 0.001
14 -211 0.015071 0.001
65 -315 0.004846 0.001
138 -421 0.003051 0.001
200 -433 0.002165 0.001
496 -804 0.001621 0.001
0 -81 -1.0 0.001
500 797 0.001594 0.001
204 433 0.002123 0.001
145 432 0.002979 0.001
83 377 0.004542 0.001
10 71 0.0071 0.001
11 262 0.023818 0.001
-25 273 0.01092 0.001
-61 266 0.004361 0.001
-88 228 0.002591 0.001
-106 170 0.001604 0.001
-117 103 0.001 0.001136
-120 32 0.001 0.00375
-120 -40 0.001 0.003
-117 -110 0.001 0.001064
-104 -177 0.001702 0.001
-86 -233 0.002709 0.001
-9 -33 0.003667 0.001
-82 239 0.002915 0.001
-103 184 0.001786 0.001
-115 120 0.001043 0.001
-119 49 0.001 0.002429
-121 -23 0.001 0.005261
-118 -94 0.001 0.001255
-108 -162 0.0015 0.001
-91 -220 0.002418 0.001
-64 -263 0.004109 0.001
-31 -275 0.008871 0.001
7 -263 0.037571 0.001
4 -33 0.00825 0.001
69 -358 0.005188 0.001
131 -424 0.003237 0.001
192 -437 0.002276 0.001
265 -448 0.001691 0.001
284 -443 0.00156 0.001
0 -85 -1.0 0.001
507 792 0.001562 0.001
206 435 0.002112 0.001
151 441 0.002921 0.001
94 400 0.004255 0.001
27 188 0.006963 0.001
10 266 0.0266 0.001
-27 283 0.010481 0.001
-61 273 0.004475 0.001
-88 238 0.002705 0.001
-107 181 0.001692 0.001
-117 115 0.001 0.001017
-122 42 0.001 0.002905
-122 -29 0.001 0.004207
-119 -102 0.001 0.001167
-110 -169 0.001536 0.001
-92 -229 0.002489 0.001
-30 -104 0.003467 0.001
-83 249 0.003 0.001
-104 194 0.001865 0.001
-116 129 0.001112 0.001
-121 58 0.001 0.002086
-122 -14 0.001 0.008714
-119 -85 0.001 0.0014
-112 -154 0.001375 0.001
-96 -216 0.00225 0.001
-73 -262 0.003589 0.001
-42 -285 0.006786 0.001
-5 -278 0.0556 0.001
8 -101 0.012625 0.001
62 -358 0.005774 0.001
119 -424 0.003563 0.001
176 -443 0.002517 0.001
227 -420 0.00185 0.001
401 -611 0.001524 0.001
0 -91 -1.0 0.001
492 746 0.001516 0.001
214 433 0.002023 0.001
162 450 0.002778 0.001
107 426 0.003981 0.001
55 358 0.006509 0.001
7 276 0.039429 0.001
-29 293 0.010103 0.001
-62 283 0.004565 0.001
-90 248 0.002756 0.001
-108 190 0.001759 0.001
-117 122 0.001043 0.001
-123 52 0.001 0.002365
-124 -20 0.001 0.0062
-120 -92 0.001 0.001304
-113 -163 0.001442 0.001
-98 -225 0.002296 0.001
-53 -174 0.003283 0.001
-85 260 0.003059 0.001
-104 204 0.001962 0.001
-115 137 0.001191 0.001
-122 68 0.001 0.001794
-124 -4 0.001 0.031
-121 -76 0.001 0.001592
-116 -148 0.001276 0.001
-102 -212 0.002078 0.001
-81 -261 0.003222 0.001
-51 -288 0.005647 0.001
-17 -292 0.017176 0.001
8 -178 0.02225 0.001
56 -358 0.006393 0.001
107 -426 0.003981 0.001
161 -450 0.002795 0.001
215 -433 0.002014 0.001
491 -746 0.001519 0.001
0 -96 -1.0 0.001
506 748 0.001478 0.001
217 436 0.002009 0.001
165 458 0.002776 0.001
112 442 0.003946 0.001
69 425 0.006159 0.001
7 72 0.010286 0.001
4 286 0.0715 0.001
-31 302 0.009742 0.001
-64 292 0.004562 0.001
-90 258 0.002867 0.001
-109 200 0.001835 0.001
-117 132 0.001128 0.001
-124 61 0.001 0.002033
-125 -11 0.001 0.011364
-122 -83 0.001 0.00147
-117 -155 0.001325 0.001
-103 -219 0.002126 0.001
-78 -249 0.003192 0.001
-84 266 0.003167 0.001
-104 215 0.002067 0.001
-116 148 0.001276 0.001
-122 80 0.001 0.001525
-125 7 0.001 0.017857
-124 -65 0.001 0.001908
-117 -135 0.001154 0.001
-107 -203 0.001897 0.001
-90 -261 0.0029 0.001
-62 -294 0.004742 0.001
-29 -303 0.010448 0.001
5 -269 0.0538 0.001
48 -360 0.0075 0.001
110 -478 0.004345 0.001
153 -458 0.002993 0.001
206 -443 0.00215 0.001
305 -480 0.001574 0.001
253 -362 0.001431 0.001
0 -102 -1.0 0.001
497 707 0.001423 0.001
225 436 0.001938 0.001
173 464 0.002682 0.001
133 509 0.003827 0.001
76 455 0.005987 0.001
18 190 0.010556 0.001
2 296 0.148 0.001
-33 312 0.009455 0.001
-66 303 0.004591 0.001
-91 268 0.002945 0.001
-110 210 0.001909 0.001
-118 141 0.001195 0.001
-124 70 0.001 0.001771
-124 -1 0.001 0.124
-124 -74 0.001 0.001676
-118 -143 0.001212 0.001
-109 -212 0.001945 0.001
-91 -270 0.002967 0.001
-16 -62 0.003875 0.001
-85 276 0.003247 0.001
-105 226 0.002152 0.001
-116 159 0.001371 0.001
-123 89 0.001 0.001382
-124 18 0.001 0.006889
-125 -54 0.001 0.002315
-120 -125 0.001042 0.001
-112 -196 0.00175 0.001
-96 -255 0.002656 0.001
-73 -300 0.00411 0.001
-40 -314 0.00785 0.001
-6 -301 0.050167 0.001
3 -61 0.020333 0.001
50 -407 0.00814 0.001
103 -489 0.004748 0.001
144 -466 0.003236 0.001
197 -455 0.00231 0.001
274 -456 0.001664 0.001
354 -488 0.001379 0.001
0 -108 -1.0 0.001
485 657 0.001355 0.001
231 427 0.001848 0.001
180 462 0.002567 0.001
143 519 0.003629 0.001
89 485 0.005449 0.001
42 405 0.009643 0.001
-2 312 0.156 0.001
-36 322 0.008944 0.001
-67 312 0.004657 0.001
-94 277 0.002947 0.001
-110 219 0.001991 0.001
-119 149 0.001252 0.001
-125 79 0.001 0.001582
-125 7 0.001 0.017857
-123 -64 0.001 0.001922
-121 -136 0.001124 0.001
-112 -206 0.001839 0.001
-97 -267 0.002753 0.001
-39 -144 0.003692 0.001
-86 287 0.003337 0.001
-105 237 0.002257 0.001
-116 170 0.001466 0.001
-124 100 0.001 0.00124
-125 28 0.001 0.004464
-124 -42 0.001 0.002952
-123 -115 0.001 0.00107
-114 -182 0.001596 0.001
-102 -249 0.002441 0.001
-82 -297 0.003622 0.001
-53 -322 0.006075 0.001
-19 -316 0.016632 0.001
4 -159 0.03975 0.001
42 -405 0.009643 0.001
89 -485 0.005449 0.001
142 -519 0.003655 0.001
180 -462 0.002567 0.001
231 -427 0.001848 0.001
485 -657 0.001355 0.001
0 -114 -1.0 0.001
478 610 0.001276 0.001
238 420 0.001765 0.001
186 460 0.002473 0.001
150 527 0.003513 0.001
106 556 0.005245 0.001
54 478 0.008852 0.001
6 110 0.018333 0.001
-5 323 0.0646 0.001
-38 332 0.008737 0.001
-69 322 0.004667 0.001
-94 287 0.003053 0.001
-110 229 0.002082 0.001
-119 160 0.001345 0.001
-126 89 0.001 0.001416
-125 17 0.001 0.007353
-125 -54 0.001 0.002315
-122 -127 0.001041 0.001
-115 -193 0.001678 0.001
-102 -260 0.002549 0.001
-68 -243 0.003574 0.001
-86 298 0.003465 0.001
-106 249 0.002349 0.001
-116 180 0.001552 0.001
-124 112 0.001 0.001107
-125 40 0.001 0.003125
-125 -31 0.001 0.004032
-125 -104 0.001 0.001202
-117 -173 0.001479 0.001
-108 -241 0.002231 0.001
-88 -292 0.003318 0.001
-64 -329 0.005141 0.001
-32 -335 0.010469 0.001
-1 -256 0.256 0.001
40 -448 0.0112 0.001
91 -540 0.005934 0.001
133 -525 0.003947 0.001
169 -468 0.002769 0.001
221 -435 0.001968 0.001
329 -462 0.001404 0.001
234 -283 0.001209 0.001
0 -122 -1.0 0.001
478 569 0.00119 0.001
246 415 0.001687 0.001
191 458 0.002398 0.001
155 533 0.003439 0.001
113 575 0.005088 0.001
64 519 0.008109 0.001
19 315 0.016579 0.001
-7 333 0.047571 0.001
-41 341 0.008317 0.001
-70 333 0.004757 0.001
-95 298 0.003137 0.001
-110 239 0.002173 0.001
-119 170 0.001429 0.001
-126 99 0.001 0.001273
-126 28 0.001 0.0045
-125 -44 0.001 0.002841
-125 -116 0.001 0.001078
-117 -185 0.001581 0.001
-107 -253 0.002364 0.001
-89 -304 0.003416 0.001
-9 -36 0.004 0.001
-87 309 0.003552 0.001
-106 260 0.002453 0.001
-116 192 0.001655 0.001
-123 124 0.001008 0.001
-126 51 0.001 0.002471
-126 -19 0.001 0.006632
-125 -92 0.001 0.001359
-120 -162 0.00135 0.001
-113 -232 0.002053 0.001
-96 -292 0.003042 0.001
-73 -328 0.004493 0.001
-45 -346 0.007689 0.001
-11 -332 0.030182 0.001
1 -36 0.036 0.001
32 -448 0.014 0.001
77 -539 0.007 0.001
129 -583 0.004519 0.001
172 -529 0.003076 0.001
209 -445 0.002129 0.001
294 -438 0.00149 0.001
353 -402 0.001139 0.001
0 -128 -1.0 0.001
0 -721 -1.0 0.001
4267 0 0.001 -1.0
0 2920 -1.0 0.001
57 89 0.001561 0.001
2 58 0.029 0.001
-36 23 0.001 0.001565
-23 -24 0.001043 0.001
-35 25 0.001 0.0014
-28 -41 0.001464 0.001
6 -41 0.006833 0.001
57 -89 0.001561 0.001
0 -5 -1.0 0.001
60 95 0.001583 0.001
3 60 0.02 0.001
-36 27 0.001 0.001333
-27 -27 0.001 0.001
-36 27 0.001 0.001333
-30 -39 0.0013 0.001
6 -48 0.008 0.001
60 -95 0.001583 0.001
0 -5 -1.0 0.001
64 101 0.001578 0.001
3 62 0.020667 0.001
-36 31 0.001 0.001161
-31 -29 0.001 0.001069
-37 28 0.001 0.001321
-32 -37 0.001156 0.001
5 -55 0.011 0.001
64 -101 0.001578 0.001
0 -4 -1.0 0.001
67 106 0.001582 0.001
5 64 0.0128 0.001
-36 34 0.001 0.001059
-36 -31 0.001 0.001161
-37 31 0.001 0.001194
-35 -36 0.001029 0.001
4 -62 0.0155 0.001
68 -106 0.001559 0.001
0 -6 -1.0 0.001
71 114 0.001606 0.001
5 65 0.013 0.001
-36 38 0.001056 0.001
-39 -29 0.001 0.001345
-1 -3 0.003 0.001
-38 32 0.001 0.001188
-38 -35 0.001 0.001086
3 -65 0.021667 0.001
1 -3 0.003 0.001
72 -114 0.001583 0.001
0 -5 -1.0 0.001
76 120 0.001579 0.001
5 67 0.0134 0.001
-35 42 0.0012 0.001
-42 -25 0.001 0.00168
-4 -9 0.00225 0.001
-39 35 0.001 0.001114
-40 -33 0.001 0.001212
-1 -69 0.069 0.001
4 -8 0.002 0.001
76 -120 0.001579 0.001
0 -6 -1.0 0.001
80 128 0.0016 0.001
7 69 0.009857 0.001
-36 45 0.00125 0.001
-44 -20 0.001 0.0022
-7 -15 0.002143 0.001
-40 37 0.001 0.001081
-41 -31 0.001 0.001323
-5 -70 0.014 0.001
5 -15 0.003 0.001
81 -128 0.00158 0.001
0 -6 -1.0 0.001
85 135 0.001588 0.001
7 71 0.010143 0.001
-35 50 0.001429 0.001
-46 -17 0.001 0.002706
-11 -20 0.001818 0.001
-41 39 0.001 0.001051
-44 -30 0.001 0.001467
-8 -71 0.008875 0.001
8 -22 0.00275 0.001
85 -135 0.001588 0.001
0 -7 -1.0 0.001
90 144 0.0016 0.001
8 73 0.009125 0.001
-35 53 0.001514 0.001
-48 -12 0.001 0.004
-15 -25 0.001667 0.001
-41 41 0.001 0.001
-46 -27 0.001 0.001704
-13 -73 0.005615 0.001
10 -30 0.003 0.001
90 -144 0.0016 0.001
0 -7 -1.0 0.001
95 153 0.001611 0.001
9 75 0.008333 0.001
-34 57 0.001676 0.001
-50 -7 0.001 0.007143
-20 -31 0.00155 0.001
-42 43 0.001024 0.001
-48 -25 0.001 0.00192
-16 -74 0.004625 0.001
10 -38 0.0038 0.001
96 -153 0.001594 0.001
0 -7 -1.0 0.001
101 162 0.001604 0.001
10 77 0.0077 0.001
-34 61 0.001794 0.001
-52 -2 0.001 0.026
-25 -37 0.00148 0.001
-43 46 0.00107 0.001
-50 -23 0.001 0.002174
-20 -74 0.0037 0.001
11 -48 0.004364 0.001
102 -162 0.001588 0.001
0 -8 -1.0 0.001
107 172 0.001607 0.001
11 79 0.007182 0.001
-34 65 0.001912 0.001
-53 3 0.001 0.017667
-31 -42 0.001355 0.001
-44 48 0.001091 0.001
-52 -20 0.001 0.0026
-24 -74 0.003083 0.001
12 -59 0.004917 0.001
108 -172 0.001593 0.001
0 -8 -1.0 0.001
114 182 0.001596 0.001
11 82 0.007455 0.001
-33 68 0.002061 0.001
-55 9 0.001 0.006111
-37 -48 0.001297 0.001
-45 51 0.001133 0.001
-54 -18 0.001 0.003
-27 -74 0.002741 0.001
12 -70 0.005833 0.001
114 -182 0.001596 0.001
0 -9 -1.0 0.001
120 193 0.001608 0.001
12 84 0.007 0.001
-32 73 0.002281 0.001
-56 14 0.001 0.004
-44 -53 0.001205 0.001
-46 53 0.001152 0.001
-56 -15 0.001 0.003733
-31 -74 0.002387 0.001
12 -82 0.006833 0.001
121 -193 0.001595 0.001
0 -10 -1.0 0.001
127 206 0.001622 0.001
13 86 0.006615 0.001
-32 77 0.002406 0.001
-56 19 0.001 0.002947
-49 -50 0.00102 0.001
-3 -7 0.002333 0.001
-47 55 0.00117 0.001
-57 -12 0.001 0.00475
-35 -73 0.002086 0.001
8 -88 0.011 0.001
3 -7 0.002333 0.001
128 -206 0.001609 0.001
0 -9 -1.0 0.001
135 218 0.001615 0.001
14 88 0.006286 0.001
-31 81 0.002613 0.001
-58 25 0.001 0.00232
-52 -45 0.001 0.001156
-8 -18 0.00225 0.001
-48 59 0.001229 0.001
-59 -10 0.001 0.0059
-39 -72 0.001846 0.001
4 -92 0.023 0.001
7 -16 0.002286 0.001
135 -218 0.001615 0.001
0 -11 -1.0 0.001
143 232 0.001622 0.001
14 91 0.0065 0.001
-30 84 0.0028 0.001
-58 31 0.001 0.001871
-56 -40 0.001 0.0014
-13 -27 0.002077 0.001
-48 61 0.001271 0.001
-62 -7 0.001 0.008857
-42 -70 0.001667 0.001
-1 -96 0.096 0.001
10 -27 0.0027 0.001
143 -232 0.001622 0.001
0 -11 -1.0 0.001
151 246 0.001629 0.001
16 94 0.005875 0.001
-30 88 0.002933 0.001
-59 36 0.001 0.001639
-59 -35 0.001 0.001686
-19 -36 0.001895 0.001
-49 64 0.001306 0.001
-63 -4 0.001 0.01575
-46 -68 0.001478 0.001
-6 -98 0.016333 0.001
12 -41 0.003417 0.001
152 -246 0.001618 0.001
0 -12 -1.0 0.001
77 133 0.001727 0.001
83 129 0.001554 0.001
16 96 0.006 0.001
-29 93 0.003207 0.001
-59 41 0.001 0.001439
-62 -29 0.001 0.002138
-26 -46 0.001769 0.001
-50 66 0.00132 0.001
-65 0 0.001 -1.0
-50 -66 0.00132 0.001
-11 -101 0.009182 0.001
15 -54 0.0036 0.001
149 -231 0.00155 0.001
12 -31 0.002583 0.001
0 -12 -1.0 0.001
82 141 0.00172 0.001
88 136 0.001545 0.001
17 99 0.005824 0.001
-28 97 0.003464 0.001
-60 47 0.001 0.001277
-65 -22 0.001 0.002955
-34 -57 0.001676 0.001
-51 70 0.001373 0.001
-66 3 0.001 0.022
-54 -64 0.001185 0.001
-16 -103 0.006438 0.001
17 -70 0.004118 0.001
157 -245 0.001561 0.001
13 -32 0.002462 0.001
0 -14 -1.0 0.001
87 150 0.001724 0.001
93 145 0.001559 0.001
18 102 0.005667 0.001
-28 101 0.003607 0.001
-59 53 0.001 0.001113
-68 -16 0.001 0.00425
-43 -66 0.001535 0.001
-52 72 0.001385 0.001
-68 7 0.001 0.009714
-56 -62 0.001107 0.001
-22 -103 0.004682 0.001
18 -88 0.004889 0.001
166 -260 0.001566 0.001
14 -35 0.0025 0.001
0 -14 -1.0 0.001
79 141 0.001785 0.001
111 173 0.001559 0.001
19 105 0.005526 0.001
-27 105 0.003889 0.001
-60 59 0.001 0.001017
-70 -11 0.001 0.006364
-52 -75 0.001442 0.001
-53 75 0.001415 0.001
-70 10 0.001 0.007
-60 -59 0.001 0.001017
-26 -105 0.004038 0.001
18 -104 0.005778 0.001
179 -281 0.00157 0.001
12 -33 0.00275 0.001
0 -15 -1.0 0.001
84 149 0.001774 0.001
117 185 0.001581 0.001
20 107 0.00535 0.001
-26 109 0.004192 0.001
-60 65 0.001083 0.001
-71 -3 0.001 0.023667
-58 -70 0.001207 0.001
-6 -15 0.0025 0.001
-54 78 0.001444 0.001
-71 14 0.001 0.005071
-63 -55 0.001 0.001145
-32 -105 0.003281 0.001
12 -111 0.00925 0.001
6 -14 0.002333 0.001
189 -299 0.001582 0.001
13 -35 0.002692 0.001
0 -15 -1.0 0.001
78 141 0.001808 0.001
135 213 0.001578 0.001
20 111 0.00555 0.001
-25 113 0.00452 0.001
-60 71 0.001183 0.001
-73 3 0.001 0.024333
-63 -66 0.001048 0.001
-12 -29 0.002417 0.001
-55 82 0.001491 0.001
-72 18 0.001 0.004
-67 -53 0.001 0.001264
-37 -104 0.002811 0.001
7 -116 0.016571 0.001
10 -30 0.003 0.001
202 -322 0.001594 0.001
12 -32 0.002667 0.001
0 -17 -1.0 0.001
83 150 0.001807 0.001
143 226 0.00158 0.001
21 114 0.005429 0.001
-25 117 0.00468 0.001
-60 77 0.001283 0.001
-74 11 0.001 0.006727
-67 -59 0.001 0.001136
-21 -45 0.002143 0.001
-56 86 0.001536 0.001
-74 21 0.001 0.003524
-69 -49 0.001 0.001408
-42 -104 0.002476 0.001
0 -121 -1.0 0.001
15 -48 0.0032 0.001
213 -342 0.001606 0.001
13 -34 0.002615 0.001
0 -18 -1.0 0.001
77 144 0.00187 0.001
162 256 0.00158 0.001
21 117 0.005571 0.001
-23 122 0.005304 0.001
-60 83 0.001383 0.001
-76 18 0.001 0.004222
-71 -53 0.001 0.00134
-30 -60 0.002 0.001
-57 89 0.001561 0.001
-75 25 0.001 0.003
-73 -45 0.001 0.001622
-47 -103 0.002191 0.001
-5 -125 0.025 0.001
18 -68 0.003778 0.001
227 -367 0.001617 0.001
12 -33 0.00275 0.001
0 -19 -1.0 0.001
73 139 0.001904 0.001
166 257 0.001548 0.001
14 30 0.002143 0.001
22 121 0.0055 0.001
-23 126 0.005478 0.001
-60 89 0.001483 0.001
-77 24 0.001 0.003208
-74 -46 0.001 0.001609
-41 -75 0.001829 0.001
-58 93 0.001603 0.001
-77 29 0.001 0.002655
-75 -42 0.001 0.001786
-52 -101 0.001942 0.001
-12 -128 0.010667 0.001
21 -90 0.004286 0.001
154 -249 0.001617 0.001
87 -144 0.001655 0.001
12 -33 0.00275 0.001
0 -20 -1.0 0.001
78 147 0.001885 0.001
175 274 0.001566 0.001
14 32 0.002286 0.001
23 124 0.005391 0.001
-21 130 0.00619 0.001
-60 96 0.0016 0.001
-78 32 0.001 0.002438
-78 -39 0.001 0.002
-53 -91 0.001717 0.001
-59 96 0.001627 0.001
-78 34 0.001 0.002294
-78 -37 0.001 0.002108
-57 -100 0.001754 0.001
-18 -131 0.007278 0.001
22 -114 0.005182 0.001
135 -225 0.001667 0.001
120 -193 0.001608 0.001
13 -35 0.002692 0.001
0 -21 -1.0 0.001
100 182 0.00182 0.001
169 268 0.001586 0.001
14 32 0.002286 0.001
23 127 0.005522 0.001
-21 135 0.006429 0.001
-59 102 0.001729 0.001
-80 39 0.001 0.002051
-81 -33 0.001 0.002455
-62 -96 0.001548 0.001
-3 -9 0.003 0.001
-60 100 0.001667 0.001
-80 38 0.001 0.002105
-81 -34 0.001 0.002382
-61 -97 0.00159 0.001
-25 -134 0.00536 0.001
20 -129 0.00645 0.001
4 -9 0.00225 0.001
128 -220 0.001719 0.001
143 -228 0.001594 0.001
12 -34 0.002833 0.001
0 -22 -1.0 0.001
97 178 0.001835 0.001
189 303 0.001603 0.001
13 31 0.002385 0.001
24 131 0.005458 0.001
-20 139 0.00695 0.001
-59 108 0.001831 0.001
-80 47 0.001 0.001702
-84 -24 0.001 0.0035
-67 -90 0.001343 0.001
-13 -32 0.002462 0.001
-61 105 0.001721 0.001
-81 42 0.001 0.001929
-83 -29 0.001 0.002862
-66 -94 0.001424 0.001
-31 -135 0.004355 0.001
12 -136 0.011333 0.001
11 -32 0.002909 0.001
122 -216 0.00177 0.001
165 -263 0.001594 0.001
12 -33 0.00275 0.001
0 -24 -1.0 0.001
94 176 0.001872 0.001
193 305 0.00158 0.001
29 64 0.002207 0.001
25 135 0.0054 0.001
-20 144 0.0072 0.001
-58 114 0.001966 0.001
-81 55 0.001 0.001473
-86 -16 0.001 0.005375
-73 -85 0.001164 0.001
-23 -53 0.002304 0.001
-62 108 0.001742 0.001
-82 47 0.001 0.001745
-85 -23 0.001 0.003696
-71 -91 0.001282 0.001
-38 -136 0.003579 0.001
5 -143 0.0286 0.001
17 -56 0.003294 0.001
117 -213 0.001821 0.001
187 -299 0.001599 0.001
12 -33 0.00275 0.001
0 -25 -1.0 0.001
92 174 0.001891 0.001
214 342 0.001598 0.001
28 64 0.002286 0.001
25 138 0.00552 0.001
-18 149 0.008278 0.001
-58 121 0.002086 0.001
-82 62 0.001 0.001323
-88 -8 0.001 0.011
-78 -77 0.001 0.001013
-35 -76 0.002171 0.001
-63 113 0.001794 0.001
-84 52 0.001 0.001615
-88 -20 0.001 0.0044
-74 -88 0.001189 0.001
-44 -136 0.003091 0.001
-2 -149 0.0745 0.001
20 -81 0.00405 0.001
113 -212 0.001876 0.001
210 -336 0.0016 0.001
12 -32 0.002667 0.001
0 -27 -1.0 0.001
98 185 0.001888 0.001
207 327 0.00158 0.001
48 105 0.002188 0.001
26 142 0.005462 0.001
-18 153 0.0085 0.001
-57 127 0.002228 0.001
-82 71 0.001 0.001155
-90 1 0.001 0.09
-82 -68 0.001 0.001206
-50 -100 0.002 0.001
-64 117 0.001828 0.001
-84 56 0.001 0.0015
-90 -14 0.001 0.006429
-79 -82 0.001038 0.001
-51 -135 0.002647 0.001
-10 -154 0.0154 0.001
24 -114 0.00475 0.001
119 -225 0.001891 0.001
223 -358 0.001605 0.001
12 -34 0.002833 0.001
0 -28 -1.0 0.001
96 183 0.001906 0.001
231 369 0.001597 0.001
46 105 0.002283 0.001
26 147 0.005654 0.001
-18 158 0.008778 0.001
-57 134 0.002351 0.001
-83 78 0.001 0.001064
-92 8 0.001 0.0115
-86 -63 0.001 0.001365
-63 -120 0.001905 0.001
-65 122 0.001877 0.001
-86 61 0.001 0.00141
-93 -9 0.001 0.010333
-82 -79 0.001 0.001038
-57 -135 0.002368 0.001
-16 -159 0.009938 0.001
25 -143 0.00572 0.001
115 -225 0.001957 0.001
247 -398 0.001611 0.001
12 -34 0.002833 0.001
0 -30 -1.0 0.001
95 183 0.001926 0.001
235 373 0.001587 0.001
64 144 0.00225 0.001
26 150 0.005769 0.001
-16 163 0.010188 0.001
-56 139 0.002482 0.001
-83 87 0.001048 0.001
-93 18 0.001 0.005167
-90 -53 0.001 0.001698
-72 -116 0.001611 0.001
-10 -29 0.0029 0.001
-66 127 0.001924 0.001
-88 67 0.001 0.001313
-94 -5 0.001 0.0188
-86 -75 0.001 0.001147
-63 -133 0.002111 0.001
-24 -162 0.00675 0.001
19 -155 0.008158 0.001
7 -23 0.003286 0.001
111 -226 0.002036 0.001
255 -405 0.001588 0.001
29 -69 0.002379 0.001
0 -32 -1.0 0.001
95 183 0.001926 0.001
259 418 0.001614 0.001
63 144 0.002286 0.001
26 156 0.006 0.001
-17 168 0.009882 0.001
-56 147 0.002625 0.001
-84 94 0.001119 0.001
-95 25 0.001 0.0038
-93 -46 0.001 0.002022
-77 -112 0.001455 0.001
-21 -54 0.002571 0.001
-67 131 0.001955 0.001
-88 72 0.001 0.001222
-96 2 0.001 0.048
-89 -68 0.001 0.001309
-68 -128 0.001882 0.001
-34 -163 0.004794 0.001
10 -165 0.0165 0.001
15 -59 0.003933 0.001
108 -227 0.002102 0.001
296 -484 0.001635 0.001
13 -34 0.002615 0.001
0 -33 -1.0 0.001
113 212 0.001876 0.001
250 404 0.001616 0.001
77 177 0.002299 0.001
26 161 0.006192 0.001
-16 175 0.010938 0.001
-57 153 0.002684 0.001
-83 101 0.001217 0.001
-97 34 0.001 0.002853
-96 -39 0.001 0.002462
-82 -104 0.001268 0.001
-35 -85 0.002429 0.001
-68 137 0.002015 0.001
-90 77 0.001 0.001169
-97 8 0.001 0.012125
-93 -64 0.001 0.001453
-74 -125 0.001689 0.001
-40 -167 0.004175 0.001
2 -172 0.086 0.001
20 -90 0.0045 0.001
98 -216 0.002204 0.001
330 -545 0.001652 0.001
12 -32 0.002667 0.001
0 -36 -1.0 0.001
114 214 0.001877 0.001
255 412 0.001616 0.001
95 220 0.002316 0.001
27 164 0.006074 0.001
-16 178 0.011125 0.001
-55 159 0.002891 0.001
-83 111 0.001337 0.001
-98 44 0.001 0.002227
-99 -27 0.001 0.003667
-87 -96 0.001103 0.001
-53 -118 0.002226 0.001
-69 142 0.002058 0.001
-91 83 0.001 0.001096
-100 13 0.001 0.007692
-95 -58 0.001 0.001638
-79 -122 0.001544 0.001
-48 -167 0.003479 0.001
-7 -178 0.025429 0.001
24 -128 0.005333 0.001
96 -220 0.002292 0.001
357 -593 0.001661 0.001
12 -33 0.00275 0.001
0 -38 -1.0 0.001
115 217 0.001887 0.001
260 419 0.001612 0.001
104 233 0.00224 0.001
11 32 0.002909 0.001
26 170 0.006538 0.001
-16 184 0.0115 0.001
-55 166 0.003018 0.001
-83 119 0.001434 0.001
-98 53 0.001 0.001849
-102 -20 0.001 0.0051
-92 -89 0.001 0.001034
-70 -147 0.0021 0.001
-70 147 0.0021 0.001
-92 89 0.001 0.001034
-102 20 0.001 0.0051
-98 -53 0.001 0.001849
-84 -119 0.001417 0.001
-55 -166 0.003018 0.001
-15 -184 0.012267 0.001
26 -170 0.006538 0.001
93 -223 0.002398 0.001
256 -422 0.001648 0.001
129 -222 0.001721 0.001
12 -34 0.002833 0.001
0 -40 -1.0 0.001
116 219 0.001888 0.001
265 428 0.001615 0.001
126 280 0.002222 0.001
10 34 0.0034 0.001
26 175 0.006731 0.001
-16 190 0.011875 0.001
-55 173 0.003145 0.001
-83 126 0.001518 0.001
-100 62 0.001 0.001613
-104 -11 0.001 0.009455
-96 -81 0.001 0.001185
-77 -142 0.001844 0.001
-12 -36 0.003 0.001
-71 153 0.002155 0.001
-93 95 0.001022 0.001
-104 26 0.001 0.004
-101 -47 0.001 0.002149
-88 -114 0.001295 0.001
-62 -167 0.002694 0.001
-24 -190 0.007917 0.001
18 -180 0.01 0.001
8 -32 0.004 0.001
91 -228 0.002505 0.001
229 -391 0.001707 0.001
184 -308 0.001674 0.001
13 -34 0.002615 0.001
0 -42 -1.0 0.001
112 213 0.001902 0.001
285 462 0.001621 0.001
127 281 0.002213 0.001
21 68 0.003238 0.001
26 180 0.006923 0.001
-16 196 0.01225 0.001
-55 180 0.003273 0.001
-83 134 0.001614 0.001
-100 71 0.001 0.001408
-106 -1 0.001 0.106
-100 -71 0.001 0.001408
-83 -135 0.001627 0.001
-28 -77 0.00275 0.001
-72 159 0.002208 0.001
-94 101 0.001074 0.001
-104 33 0.001 0.003152
-104 -40 0.001 0.0026
-92 -108 0.001174 0.001
-69 -163 0.002362 0.001
-34 -194 0.005706 0.001
8 -190 0.02375 0.001
16 -75 0.004688 0.001
104 -264 0.002538 0.001
224 -386 0.001723 0.001
204 -341 0.001672 0.001
13 -33 0.002538 0.001
0 -45 -1.0 0.001
115 217 0.001887 0.001
291 473 0.001625 0.001
135 295 0.002185 0.001
33 107 0.003242 0.001
25 186 0.00744 0.001
-15 202 0.013467 0.001
-55 187 0.0034 0.001
-85 143 0.001682 0.001
-100 79 0.001 0.001266
-107 9 0.001 0.011889
-103 -64 0.001 0.001609
-90 -130 0.001444 0.001
-44 -113 0.002568 0.001
-73 165 0.00226 0.001
-95 107 0.001126 0.001
-105 40 0.001 0.002625
-106 -33 0.001 0.003212
-96 -101 0.001052 0.001
-76 -160 0.002105 0.001
-43 -194 0.004512 0.001
-2 -202 0.101 0.001
21 -121 0.005762 0.001
103 -271 0.002631 0.001
195 -354 0.001815 0.001
248 -399 0.001609 0.001
29 -68 0.002345 0.001
0 -48 -1.0 0.001
138 252 0.001826 0.001
287 471 0.001641 0.001
135 298 0.002207 0.001
45 144 0.0032 0.001
25 194 0.00776 0.001
-17 208 0.012235 0.001
-55 195 0.003545 0.001
-85 151 0.001776 0.001
-101 87 0.001 0.001161
-109 17 0.001 0.006412
-105 -55 0.001 0.001909
-95 -122 0.001284 0.001
-63 -153 0.002429 0.001
-75 172 0.002293 0.001
-97 115 0.001186 0.001
-106 45 0.001 0.002356
-108 -27 0.001 0.004
-101 -97 0.001 0.001041
-81 -159 0.001963 0.001
-50 -198 0.00396 0.001
-11 -208 0.018909 0.001
24 -165 0.006875 0.001
95 -267 0.002811 0.001
185 -352 0.001903 0.001
296 -479 0.001618 0.001
29 -67 0.00231 0.001
0 -51 -1.0 0.001
136 250 0.001838 0.001
286 466 0.001629 0.001
158 345 0.002184 0.001
57 183 0.003211 0.001
24 199 0.008292 0.001
-17 214 0.012588 0.001
-55 203 0.003691 0.001
-85 159 0.001871 0.001
-103 97 0.001 0.001062
-109 26 0.001 0.004192
-108 -45 0.001 0.0024
-99 -114 0.001152 0.001
-78 -173 0.002218 0.001
-7 -21 0.003 0.001
-76 178 0.002342 0.001
-97 121 0.001247 0.001
-107 53 0.001 0.002019
-110 -19 0.001 0.005789
-104 -90 0.001 0.001156
-87 -153 0.001759 0.001
-59 -198 0.003356 0.001
-21 -216 0.010286 0.001
19 -200 0.010526 0.001
5 -21 0.0042 0.001
89 -265 0.002978 0.001
175 -352 0.002011 0.001
360 -594 0.00165 0.001
13 -33 0.002538 0.001
0 -53 -1.0 0.001
160 286 0.001788 0.001
286 469 0.00164 0.001
157 349 0.002223 0.001
67 223 0.003328 0.001
23 205 0.008913 0.001
-17 222 0.013059 0.001
-56 210 0.00375 0.001
-84 166 0.001976 0.001
-103 106 0.001029 0.001
-111 37 0.001 0.003
-112 -36 0.001 0.003111
-102 -106 0.001039 0.001
-85 -166 0.001953 0.001
-23 -70 0.003043 0.001
-76 185 0.002434 0.001
-98 128 0.001306 0.001
-109 60 0.001 0.001817
-112 -11 0.001 0.010182
-107 -83 0.001 0.001289
-92 -147 0.001598 0.001
-67 -198 0.002955 0.001
-31 -221 0.007129 0.001
9 -214 0.023778 0.001
12 -67 0.005583 0.001
84 -264 0.003143 0.001
165 -353 0.002139 0.001
409 -678 0.001658 0.001
13 -32 0.002462 0.001
0 -57 -1.0 0.001
167 294 0.00176 0.001
293 484 0.001652 0.001
164 366 0.002232 0.001
81 273 0.00337 0.001
22 214 0.009727 0.001
-18 228 0.012667 0.001
-56 215 0.003839 0.001
-85 177 0.002082 0.001
-104 115 0.001106 0.001
-112 45 0.001 0.002489
-113 -27 0.001 0.004185
-107 -98 0.001 0.001092
-92 -162 0.001761 0.001
-40 -115 0.002875 0.001
-78 193 0.002474 0.001
-99 135 0.001364 0.001
-110 67 0.001 0.001642
-114 -4 0.001 0.0285
-108 -75 0.001 0.00144
-98 -142 0.001449 0.001
-74 -195 0.002635 0.001
-41 -225 0.005488 0.001
-1 -223 0.223 0.001
17 -123 0.007235 0.001
82 -273 0.003329 0.001
164 -366 0.002232 0.001
293 -484 0.001652 0.001
167 -294 0.00176 0.001
0 -61 -1.0 0.001
162 285 0.001759 0.001
288 469 0.001628 0.001
170 364 0.002141 0.001
106 327 0.003085 0.001
15 69 0.0046 0.001
21 219 0.010429 0.001
-19 234 0.012316 0.001
-56 225 0.004018 0.001
-85 184 0.002165 0.001
-104 125 0.001202 0.001
-113 56 0.001 0.002018
-114 -16 0.001 0.007125
-111 -87 0.001 0.001276
-96 -153 0.001594 0.001
-64 -170 0.002656 0.001
-78 198 0.002538 0.001
-100 143 0.00143 0.001
-111 76 0.001 0.001461
-114 5 0.001 0.0228
-113 -67 0.001 0.001687
-101 -135 0.001337 0.001
-82 -193 0.002354 0.001
-50 -227 0.00454 0.001
-12 -235 0.019583 0.001
19 -182 0.009579 0.001
74 -266 0.003595 0.001
148 -357 0.002412 0.001
226 -402 0.001779 0.001
280 -456 0.001629 0.001
14 -33 0.002357 0.001
0 -64 -1.0 0.001
190 325 0.001711 0.001
289 478 0.001654 0.001
169 370 0.002189 0.001
108 338 0.00313 0.001
23 106 0.004609 0.001
19 228 0.012 0.001
-20 243 0.01215 0.001
-57 232 0.00407 0.001
-87 193 0.002218 0.001
-105 134 0.001276 0.001
-113 63 0.001 0.001794
-117 -7 0.001 0.016714
-112 -79 0.001 0.001418
-102 -147 0.001441 0.001
-81 -205 0.002531 0.001
-4 -13 0.00325 0.001
-80 207 0.002588 0.001
-101 151 0.001495 0.001
-112 83 0.001 0.001349
-116 12 0.001 0.009667
-114 -60 0.001 0.0019
-106 -129 0.001217 0.001
-88 -191 0.00217 0.001
-58 -229 0.003948 0.001
-23 -242 0.010522 0.001
16 -229 0.014312 0.001
3 -15 0.005 0.001
83 -310 0.003735 0.001
147 -365 0.002483 0.001
224 -409 0.001826 0.001
311 -500 0.001608 0.001
14 -33 0.002357 0.001
0 -67 -1.0 0.001
486 808 0.001663 0.001
174 378 0.002172 0.001
117 354 0.003026 0.001
40 187 0.004675 0.001
18 233 0.012944 0.001
-21 249 0.011857 0.001
-57 242 0.004246 0.001
-86 201 0.002337 0.001
-104 143 0.001375 0.001
-116 75 0.001 0.001547
-117 4 0.001 0.02925
-115 -68 0.001 0.001691
-106 -137 0.001292 0.001
-88 -196 0.002227 0.001
-25 -80 0.0032 0.001
-80 214 0.002675 0.001
-101 159 0.001574 0.001
-113 92 0.001 0.001228
-116 22 0.001 0.005273
-118 -51 0.001 0.002314
-109 -120 0.001101 0.001
-93 -182 0.001957 0.001
-68 -229 0.003368 0.001
-34 -251 0.007382 0.001
4 -243 0.06075 0.001
10 -77 0.0077 0.001
78 -314 0.004026 0.001
139 -369 0.002655 0.001
217 -420 0.001935 0.001
369 -591 0.001602 0.001
15 -33 0.0022 0.001
0 -72 -1.0 0.001
253 411 0.001625 0.001
267 452 0.001693 0.001
172 386 0.002244 0.001
117 366 0.003128 0.001
48 231 0.004812 0.001
16 243 0.015188 0.001
-22 258 0.011727 0.001
-58 247 0.004259 0.001
-87 211 0.002425 0.001
-106 153 0.001443 0.001
-115 83 0.001 0.001386
-119 13 0.001 0.009154
-117 -59 0.001 0.001983
-110 -129 0.001173 0.001
-95 -192 0.002021 0.001
-44 -137 0.003114 0.001
-82 223 0.00272 0.001
-102 168 0.001647 0.001
-112 100 0.001 0.00112
-119 29 0.001 0.004103
-118 -41 0.001 0.002878
-113 -114 0.001009 0.001
-99 -178 0.001798 0.001
-76 -228 0.003 0.001
-44 -255 0.005795 0.001
-7 -253 0.036143 0.001
14 -142 0.010143 0.001
72 -318 0.004417 0.001
132 -375 0.002841 0.001
209 -432 0.002067 0.001
445 -721 0.00162 0.001
0 -76 -1.0 0.001
496 804 0.001621 0.001
200 433 0.002165 0.001
138 421 0.003051 0.001
65 315 0.004846 0.001
14 252 0.018 0.001
-25 268 0.01072 0.001
-59 257 0.004356 0.001
-87 218 0.002506 0.001
-107 162 0.001514 0.001
-117 92 0.001 0.001272
-120 21 0.001 0.005714
-120 -51 0.001 0.002353
-113 -122 0.00108 0.001
-100 -188 0.00188 0.001
-65 -193 0.002969 0.001
-81 230 0.00284 0.001
-104 177 0.001702 0.001
-114 110 0.001 0.001036
-120 39 0.001 0.003077
-121 -34 0.001 0.003559
-114 -104 0.001 0.001096
-105 -174 0.001657 0.001
-83 -226 0.002723 0.001
-53 -258 0.004868 0.001
-18 -265 0.014722 0.001
14 -211 0.015071 0.001
65 -315 0.004846 0.001
137 -421 0.003073 0.001
201 -433 0.002154 0.001
496 -804 0.001621 0.001
0 -81 -1.0 0.001
500 797 0.001594 0.001
203 433 0.002133 0.001
145 432 0.002979 0.001
83 377 0.004542 0.001
10 71 0.0071 0.001
12 262 0.021833 0.001
-25 273 0.01092 0.001
-61 266 0.004361 0.001
-88 228 0.002591 0.001
-106 170 0.001604 0.001
-117 103 0.001 0.001136
-121 32 0.001 0.003781
-120 -40 0.001 0.003
-116 -110 0.001 0.001055
-104 -177 0.001702 0.001
-86 -233 0.002709 0.001
-9 -33 0.003667 0.001
-83 239 0.00288 0.001
-102 184 0.001804 0.001
-115 120 0.001043 0.001
-120 49 0.001 0.002449
-120 -23 0.001 0.005217
-119 -94 0.001 0.001266
-107 -162 0.001514 0.001
-91 -220 0.002418 0.001
-65 -263 0.004046 0.001
-30 -275 0.009167 0.001
7 -263 0.037571 0.001
3 -33 0.011 0.001
70 -358 0.005114 0.001
131 -424 0.003237 0.001
191 -437 0.002288 0.001
265 -448 0.001691 0.001
285 -443 0.001554 0.001
0 -85 -1.0 0.001
507 792 0.001562 0.001
206 435 0.002112 0.001
151 441 0.002921 0.001
93 400 0.004301 0.001
28 188 0.006714 0.001
9 266 0.029556 0.001
-26 283 0.010885 0.001
-61 273 0.004475 0.001
-88 238 0.002705 0.001
-107 181 0.001692 0.001
-118 115 0.001 0.001026
-121 42 0.001 0.002881
-122 -29 0.001 0.004207
-120 -102 0.001 0.001176
-109 -169 0.00155 0.001
-92 -229 0.002489 0.001
-30 -104 0.003467 0.001
-84 249 0.002964 0.001
-103 194 0.001883 0.001
-116 129 0.001112 0.001
-121 58 0.001 0.002086
-122 -14 0.001 0.008714
-119 -85 0.001 0.0014
-112 -154 0.001375 0.001
-97 -216 0.002227 0.001
-73 -262 0.003589 0.001
-41 -285 0.006951 0.001
-5 -278 0.0556 0.001
8 -101 0.012625 0.001
62 -358 0.005774 0.001
119 -424 0.003563 0.001
176 -443 0.002517 0.001
227 -420 0.00185 0.001
401 -611 0.001524 0.001
0 -91 -1.0 0.001
491 746 0.001519 0.001
215 433 0.002014 0.001
161 450 0.002795 0.001
107 426 0.003981 0.001
56 358 0.006393 0.001
7 276 0.039429 0.001
-29 293 0.010103 0.001
-63 283 0.004492 0.001
-89 248 0.002787 0.001
-108 190 0.001759 0.001
-117 122 0.001043 0.001
-123 52 0.001 0.002365
-124 -20 0.001 0.0062
-120 -92 0.001 0.001304
-113 -163 0.001442 0.001
-99 -225 0.002273 0.001
-52 -174 0.003346 0.001
-85 260 0.003059 0.001
-104 204 0.001962 0.001
-115 137 0.001191 0.001
-122 68 0.001 0.001794
-124 -4 0.001 0.031
-122 -76 0.001 0.001605
-115 -148 0.001287 0.001
-103 -212 0.002058 0.001
-80 -261 0.003262 0.001
-52 -288 0.005538 0.001
-17 -292 0.017176 0.001
9 -178 0.019778 0.001
55 -358 0.006509 0.001
107 -426 0.003981 0.001
162 -450 0.002778 0.001
214 -433 0.002023 0.001
492 -746 0.001516 0.001
0 -96 -1.0 0.001
506 748 0.001478 0.001
217 436 0.002009 0.001
164 458 0.002793 0.001
113 442 0.003912 0.001
69 425 0.006159 0.001
6 72 0.012 0.001
5 286 0.0572 0.001
-31 302 0.009742 0.001
-64 292 0.004562 0.001
-91 258 0.002835 0.001
-108 200 0.001852 0.001
-118 132 0.001119 0.001
-123 61 0.001 0.002016
-125 -11 0.001 0.011364
-122 -83 0.001 0.00147
-117 -155 0.001325 0.001
-104 -219 0.002106 0.001
-77 -249 0.003234 0.001
-84 266 0.003167 0.001
-105 215 0.002048 0.001
-115 148 0.001287 0.001
-123 80 0.001 0.001538
-125 7 0.001 0.017857
-123 -65 0.001 0.001892
-117 -135 0.001154 0.001
-108 -203 0.00188 0.001
-89 -261 0.002933 0.001
-63 -294 0.004667 0.001
-29 -303 0.010448 0.001
5 -269 0.0538 0.001
49 -360 0.007347 0.001
110 -478 0.004345 0.001
153 -458 0.002993 0.001
206 -443 0.00215 0.001
305 -480 0.001574 0.001
253 -362 0.001431 0.001
0 -102 -1.0 0.001
497 707 0.001423 0.001
225 436 0.001938 0.001
173 464 0.002682 0.001
132 509 0.003856 0.001
77 455 0.005909 0.001
18 190 0.010556 0.001
2 296 0.148 0.001
-34 312 0.009176 0.001
-65 303 0.004662 0.001
-92 268 0.002913 0.001
-109 210 0.001927 0.001
-118 141 0.001195 0.001
-124 70 0.001 0.001771
-124 -1 0.001 0.124
-125 -74 0.001 0.001689
-118 -143 0.001212 0.001
-108 -212 0.001963 0.001
-91 -270 0.002967 0.001
-16 -62 0.003875 0.001
-85 276 0.003247 0.001
-105 226 0.002152 0.001
-116 159 0.001371 0.001
-123 89 0.001 0.001382
-124 18 0.001 0.006889
-125 -54 0.001 0.002315
-120 -125 0.001042 0.001
-112 -196 0.00175 0.001
-97 -255 0.002629 0.001
-72 -300 0.004167 0.001
-41 -314 0.007659 0.001
-5 -301 0.0602 0.001
3 -61 0.020333 0.001
50 -407 0.00814 0.001
103 -489 0.004748 0.001
144 -466 0.003236 0.001
197 -455 0.00231 0.001
273 -456 0.00167 0.001
355 -488 0.001375 0.001
0 -108 -1.0 0.001
485 657 0.001355 0.001
231 427 0.001848 0.001
180 462 0.002567 0.001
142 519 0.003655 0.001
89 485 0.005449 0.001
42 405 0.009643 0.001
-1 312 0.312 0.001
-36 322 0.008944 0.001
-68 312 0.004588 0.001
-93 277 0.002978 0.001
-110 219 0.001991 0.001
-119 149 0.001252 0.001
-125 79 0.001 0.001582
-125 7 0.001 0.017857
-123 -64 0.001 0.001922
-121 -136 0.001124 0.001
-112 -206 0.001839 0.001
-98 -267 0.002724 0.001
-38 -144 0.003789 0.001
-86 287 0.003337 0.001
-106 237 0.002236 0.001
-116 170 0.001466 0.001
-123 100 0.001 0.00123
-125 28 0.001 0.004464
-124 -42 0.001 0.002952
-123 -115 0.001 0.00107
-114 -182 0.001596 0.001
-103 -249 0.002417 0.001
-81 -297 0.003667 0.001
-53 -322 0.006075 0.001
-19 -316 0.016632 0.001
3 -159 0.053 0.001
42 -405 0.009643 0.001
89 -485 0.005449 0.001
143 -519 0.003629 0.001
180 -462 0.002567 0.001
231 -427 0.001848 0.001
485 -657 0.001355 0.001
0 -114 -1.0 0.001
478 610 0.001276 0.001
238 420 0.001765 0.001
186 460 0.002473 0.001
150 527 0.003513 0.001
106 556 0.005245 0.001
53 478 0.009019 0.001
6 110 0.018333 0.001
-4 323 0.08075 0.001
-38 332 0.008737 0.001
-69 322 0.004667 0.001
-94 287 0.003053 0.001
-111 229 0.002063 0.001
-119 160 0.001345 0.001
-125 89 0.001 0.001404
-126 17 0.001 0.007412
-124 -54 0.001 0.002296
-123 -127 0.001033 0.001
-114 -193 0.001693 0.001
-103 -260 0.002524 0.001
-67 -243 0.003627 0.001
-86 298 0.003465 0.001
-106 249 0.002349 0.001
-117 180 0.001538 0.001
-123 112 0.001 0.001098
-125 40 0.001 0.003125
-126 -31 0.001 0.004065
-124 -104 0.001 0.001192
-117 -173 0.001479 0.001
-108 -241 0.002231 0.001
-89 -292 0.003281 0.001
-64 -329 0.005141 0.001
-32 -335 0.010469 0.001
-1 -256 0.256 0.001
40 -448 0.0112 0.001
91 -540 0.005934 0.001
134 -525 0.003918 0.001
169 -468 0.002769 0.001
221 -435 0.001968 0.001
329 -462 0.001404 0.001
234 -283 0.001209 0.001
0 -122 -1.0 0.001
478 569 0.00119 0.001
245 415 0.001694 0.001
191 458 0.002398 0.001
155 533 0.003439 0.001
113 575 0.005088 0.001
65 519 0.007985 0.001
19 315 0.016579 0.001
-8 333 0.041625 0.001
-40 341 0.008525 0.001
-70 333 0.004757 0.001
-95 298 0.003137 0.001
-111 239 0.002153 0.001
-119 170 0.001429 0.001
-125 99 0.001 0.001263
-126 28 0.001 0.0045
-126 -44 0.001 0.002864
-124 -116 0.001 0.001069
-117 -185 0.001581 0.001
-108 -253 0.002343 0.001
-89 -304 0.003416 0.001
-8 -36 0.0045 0.001
-87 309 0.003552 0.001
-106 260 0.002453 0.001
-116 192 0.001655 0.001
-124 124 0.001 0.001
-125 51 0.001 0.002451
-126 -19 0.001 0.006632
-126 -92 0.001 0.00137
-120 -162 0.00135 0.001
-112 -232 0.002071 0.001
-97 -292 0.00301 0.001
-73 -328 0.004493 0.001
-44 -346 0.007864 0.001
-11 -332 0.030182 0.001
1 -36 0.036 0.001
32 -448 0.014 0.001
77 -539 0.007 0.001
128 -583 0.004555 0.001
172 -529 0.003076 0.001
209 -445 0.002129 0.001
295 -438 0.001485 0.001
353 -402 0.001139 0.001
0 -128 -1.0 0.001
0 -721 -1.0 0.001
4267 0 0.001 -1.0
0 0 0.001 0.001
0 0 0.001 0.001
