0 73 -1.0 0.001
0 7227 -1.0 0.001
64 0 0.001 -1.0
0 -7227 -1.0 0.001
63 0 0.001 -1.0
68 664 0.009765 0.001
-62 2459 0.039661 0.001
-16 2526 0.157875 0.001
9 1508 0.167556 0.001
1 70 0.07 0.001
65 0 0.001 -1.0
-11 -1428 0.129818 0.001
13 -2382 0.183231 0.001
57 -2471 0.043351 0.001
-19 -911 0.047947 0.001
-40 -35 0.001 0.001143
64 0 0.001 -1.0
165 346 0.002097 0.001
-130 2140 0.016462 0.001
-47 1721 0.036617 0.001
-11 1553 0.141182 0.001
12 1081 0.090083 0.001
11 386 0.035091 0.001
63 0 0.001 -1.0
-20 -912 0.0456 0.001
-2 -1300 0.65 0.001
28 -1612 0.057571 0.001
73 -1738 0.023808 0.001
78 -1512 0.019385 0.001
-157 -153 0.001 0.001026
65 0 0.001 -1.0
253 238 0.001 0.001063
-205 2408 0.011746 0.001
-63 1376 0.021841 0.001
-23 1255 0.054565 0.001
6 1032 0.172 0.001
24 761 0.031708 0.001
8 157 0.019625 0.001
64 0 0.001 -1.0
-29 -747 0.025759 0.001
-11 -949 0.086273 0.001
14 -1155 0.0825 0.001
50 -1280 0.0256 0.001
106 -1443 0.013613 0.001
120 -1451 0.012092 0.001
-250 -202 0.001 0.001238
63 0 0.001 -1.0
324 164 0.001 0.001976
-28 683 0.024393 0.001
-195 1500 0.007692 0.001
-93 1146 0.012323 0.001
-48 1057 0.022021 0.001
-15 942 0.0628 0.001
11 811 0.073727 0.001
29 680 0.023448 0.001
15 244 0.016267 0.001
65 0 0.001 -1.0
-37 -670 0.018108 0.001
-20 -786 0.0393 0.001
4 -861 0.21525 0.001
34 -971 0.028559 0.001
77 -1114 0.014468 0.001
149 -1315 0.008826 0.001
144 -1216 0.008444 0.001
-171 -253 0.00148 0.001
-180 -41 0.001 0.00439
64 0 0.001 -1.0
381 127 0.001 0.003
49 430 0.008776 0.001
-306 1881 0.006147 0.001
-109 993 0.00911 0.001
-62 911 0.014694 0.001
-26 813 0.031269 0.001
3 754 0.251333 0.001
25 690 0.0276 0.001
41 586 0.014293 0.001
4 42 0.0105 0.001
63 0 0.001 -1.0
-45 -633 0.014067 0.001
-26 -684 0.026308 0.001
-4 -738 0.1845 0.001
25 -789 0.03156 0.001
60 -880 0.014667 0.001
112 -1004 0.008964 0.001
327 -2109 0.00645 0.001
-118 -304 0.002576 0.001
-331 -86 0.001 0.003849
65 0 0.001 -1.0
462 131 0.001 0.003527
70 395 0.005643 0.001
-399 2079 0.005211 0.001
-122 900 0.007377 0.001
-68 778 0.011441 0.001
-33 736 0.022303 0.001
-3 687 0.229 0.001
21 637 0.030333 0.001
43 590 0.013721 0.001
29 294 0.010138 0.001
63 0 0.001 -1.0
-53 -597 0.011264 0.001
-33 -592 0.017939 0.001
-11 -633 0.057545 0.001
14 -676 0.048286 0.001
45 -717 0.015933 0.001
86 -797 0.009267 0.001
152 -955 0.006283 0.001
340 -1770 0.005206 0.001
-75 -356 0.004747 0.001
-465 -134 0.001 0.00347
64 0 0.001 -1.0
545 134 0.001 0.004067
90 358 0.003978 0.001
-256 1173 0.004582 0.001
-241 1091 0.004527 0.001
-132 816 0.006182 0.001
-75 701 0.009347 0.001
-39 664 0.017026 0.001
-7 622 0.088857 0.001
18 581 0.032278 0.001
38 540 0.014211 0.001
59 547 0.009271 0.001
65 0 0.001 -1.0
-65 -596 0.009169 0.001
-40 -582 0.01455 0.001
-15 -575 0.038333 0.001
10 -611 0.0611 0.001
42 -648 0.015429 0.001
78 -682 0.008744 0.001
135 -793 0.005874 0.001
291 -1271 0.004368 0.001
199 -970 0.004874 0.001
-91 -362 0.003978 0.001
-544 -137 0.001 0.003971
63 0 0.001 -1.0
544 91 0.001 0.005978
185 232 0.001254 0.001
-77 612 0.007948 0.001
-467 1740 0.003726 0.001
-152 741 0.004875 0.001
-92 633 0.00688 0.001
-55 601 0.010927 0.001
-23 564 0.024522 0.001
3 526 0.175333 0.001
28 528 0.018857 0.001
51 536 0.01051 0.001
55 423 0.007691 0.001
64 0 0.001 -1.0
-70 -554 0.007914 0.001
-47 -535 0.011383 0.001
-23 -524 0.022783 0.001
2 -517 0.2585 0.001
27 -552 0.020444 0.001
61 -585 0.00959 0.001
104 -653 0.006279 0.001
178 -797 0.004478 0.001
468 -1780 0.003803 0.001
0 -496 -1.0 0.001
-316 -189 0.001 0.001672
-384 -45 0.001 0.008533
65 0 0.001 -1.0
613 93 0.001 0.006591
208 236 0.001135 0.001
-67 575 0.008582 0.001
-576 1918 0.00333 0.001
-157 677 0.004312 0.001
-100 613 0.00613 0.001
-57 545 0.009561 0.001
-24 509 0.021208 0.001
2 514 0.257 0.001
25 477 0.01908 0.001
48 485 0.010104 0.001
77 542 0.007039 0.001
8 43 0.005375 0.001
63 0 0.001 -1.0
-80 -551 0.006888 0.001
-51 -487 0.009549 0.001
-28 -475 0.016964 0.001
-5 -506 0.1012 0.001
22 -501 0.022773 0.001
53 -532 0.010038 0.001
89 -562 0.006315 0.001
150 -661 0.004407 0.001
279 -948 0.003398 0.001
336 -1134 0.003375 0.001
54 -536 0.009926 0.001
-207 -240 0.001159 0.001
-612 -94 0.001 0.006511
64 0 0.001 -1.0
681 93 0.001 0.007323
231 241 0.001043 0.001
-54 533 0.00987 0.001
-314 968 0.003083 0.001
-342 1000 0.002924 0.001
-173 650 0.003757 0.001
-108 554 0.00513 0.001
-67 527 0.007866 0.001
-33 495 0.015 0.001
-5 459 0.0918 0.001
20 463 0.02315 0.001
44 469 0.010659 0.001
69 483 0.007 0.001
51 292 0.005725 0.001
65 0 0.001 -1.0
-90 -542 0.006022 0.001
-57 -476 0.008351 0.001
-33 -463 0.01403 0.001
-9 -455 0.050556 0.001
19 -488 0.025684 0.001
47 -482 0.010255 0.001
82 -510 0.00622 0.001
131 -571 0.004359 0.001
212 -698 0.003292 0.001
499 -1460 0.002926 0.001
115 -604 0.005252 0.001
-81 -285 0.003519 0.001
-355 -147 0.001 0.002415
-480 -46 0.001 0.010435
63 0 0.001 -1.0
532 46 0.001 0.011565
391 148 0.001 0.002642
87 334 0.003839 0.001
-147 637 0.004333 0.001
-658 1741 0.002646 0.001
-178 599 0.003365 0.001
-111 508 0.004577 0.001
-72 480 0.006667 0.001
-39 449 0.011513 0.001
-13 452 0.034769 0.001
12 416 0.034667 0.001
35 420 0.012 0.001
63 467 0.007413 0.001
98 530 0.005408 0.001
64 0 0.001 -1.0
-98 -536 0.005469 0.001
-64 -469 0.007328 0.001
-36 -417 0.011583 0.001
-13 -412 0.031692 0.001
12 -445 0.037083 0.001
42 -476 0.011333 0.001
73 -470 0.006438 0.001
120 -529 0.004408 0.001
179 -582 0.003251 0.001
635 -1679 0.002644 0.001
149 -633 0.004248 0.001
-45 -333 0.0074 0.001
-210 -150 0.001 0.0014
-215 -50 0.001 0.0043
-529 -46 0.001 0.0115
65 0 0.001 -1.0
577 46 0.001 0.012543
422 150 0.001 0.002813
97 338 0.003485 0.001
-136 596 0.004382 0.001
-332 830 0.0025 0.001
-383 898 0.002345 0.001
-197 580 0.002944 0.001
-125 494 0.003952 0.001
-84 471 0.005607 0.001
-49 440 0.00898 0.001
-20 443 0.02215 0.001
6 407 0.067833 0.001
30 409 0.013633 0.001
54 414 0.007667 0.001
86 467 0.00543 0.001
54 244 0.004519 0.001
63 0 0.001 -1.0
-106 -526 0.004962 0.001
-71 -457 0.006437 0.001
-39 -409 0.010487 0.001
-16 -403 0.025188 0.001
8 -400 0.05 0.001
35 -434 0.0124 0.001
70 -463 0.006614 0.001
110 -488 0.004436 0.001
168 -539 0.003208 0.001
273 -685 0.002509 0.001
447 -1055 0.00236 0.001
186 -648 0.003484 0.001
-8 -422 0.05275 0.001
-251 -202 0.001 0.001243
-233 -50 0.001 0.00466
-573 -46 0.001 0.012457
64 0 0.001 -1.0
621 45 0.001 0.0138
452 152 0.001 0.002974
106 341 0.003217 0.001
-135 595 0.004407 0.001
-298 713 0.002393 0.001
-470 998 0.002123 0.001
-201 530 0.002637 0.001
-140 482 0.003443 0.001
-96 462 0.004812 0.001
-58 433 0.007466 0.001
-29 435 0.015 0.001
0 399 -1.0 0.001
25 399 0.01596 0.001
50 401 0.00802 0.001
74 411 0.005554 0.001
99 431 0.004354 0.001
65 0 0.001 -1.0
-115 -513 0.004461 0.001
-71 -410 0.005775 0.001
-46 -399 0.008674 0.001
-21 -395 0.01881 0.001
4 -394 0.0985 0.001
32 -427 0.013344 0.001
61 -423 0.006934 0.001
99 -450 0.004545 0.001
153 -502 0.003281 0.001
232 -577 0.002487 0.001
585 -1261 0.002156 0.001
215 -664 0.003088 0.001
21 -462 0.022 0.001
-161 -202 0.001255 0.001
-374 -102 0.001 0.003667
-614 -46 0.001 0.013348
63 0 0.001 -1.0
663 45 0.001 0.014733
480 154 0.001 0.003117
115 298 0.002591 0.001
-110 564 0.005127 0.001
-269 649 0.002413 0.001
-593 1163 0.001961 0.001
-212 521 0.002458 0.001
-148 477 0.003223 0.001
-101 458 0.004535 0.001
-62 430 0.006935 0.001
-29 396 0.013655 0.001
-3 394 0.131333 0.001
20 356 0.0178 0.001
41 356 0.008683 0.001
71 397 0.005592 0.001
106 451 0.004255 0.001
31 118 0.003806 0.001
65 0 0.001 -1.0
-122 -502 0.004115 0.001
-76 -401 0.005276 0.001
-50 -391 0.00782 0.001
-23 -388 0.01687 0.001
2 -389 0.1945 0.001
27 -388 0.01437 0.001
60 -421 0.007017 0.001
99 -448 0.004525 0.001
144 -467 0.003243 0.001
207 -509 0.002459 0.001
701 -1410 0.002011 0.001
214 -610 0.00285 0.001
50 -500 0.01 0.001
-182 -254 0.001396 0.001
-397 -103 0.001 0.003854
-654 -46 0.001 0.014217
64 0 0.001 -1.0
701 45 0.001 0.015578
426 104 0.001 0.004096
193 255 0.001321 0.001
-51 500 0.009804 0.001
-226 603 0.002668 0.001
-406 756 0.001862 0.001
-359 668 0.001861 0.001
-207 482 0.002329 0.001
-145 439 0.003028 0.001
-102 419 0.004108 0.001
-69 427 0.006188 0.001
-36 393 0.010917 0.001
-9 390 0.043333 0.001
15 352 0.023467 0.001
38 348 0.009158 0.001
68 385 0.005662 0.001
104 433 0.004163 0.001
65 228 0.003508 0.001
63 0 0.001 -1.0
-128 -490 0.003828 0.001
-80 -391 0.004888 0.001
-49 -348 0.007102 0.001
-28 -347 0.012393 0.001
-4 -383 0.09575 0.001
22 -385 0.0175 0.001
54 -420 0.007778 0.001
86 -414 0.004814 0.001
127 -436 0.003433 0.001
189 -480 0.00254 0.001
288 -574 0.001993 0.001
514 -945 0.001839 0.001
229 -582 0.002541 0.001
92 -528 0.005739 0.001
-122 -302 0.002475 0.001
-219 -105 0.001 0.002086
-279 -51 0.001 0.005471
-692 -46 0.001 0.015043
65 0 0.001 -1.0
737 45 0.001 0.016378
446 104 0.001 0.004288
203 257 0.001266 0.001
-37 459 0.012405 0.001
-207 572 0.002763 0.001
-326 601 0.001844 0.001
-486 825 0.001698 0.001
-223 470 0.002108 0.001
-158 432 0.002734 0.001
-113 415 0.003673 0.001
-81 424 0.005235 0.001
-45 391 0.008689 0.001
-17 387 0.022765 0.001
8 348 0.0435 0.001
31 343 0.011065 0.001
55 340 0.006182 0.001
86 379 0.004407 0.001
127 435 0.003425 0.001
64 0 0.001 -1.0
-135 -480 0.003556 0.001
-84 -382 0.004548 0.001
-53 -342 0.006453 0.001
-29 -342 0.011793 0.001
-7 -345 0.049286 0.001
19 -384 0.020211 0.001
47 -385 0.008191 0.001
82 -416 0.005073 0.001
125 -439 0.003512 0.001
175 -452 0.002583 0.001
242 -485 0.002004 0.001
634 -1093 0.001724 0.001
242 -564 0.002331 0.001
114 -514 0.004509 0.001
-74 -348 0.004703 0.001
-279 -158 0.001 0.001766
-292 -52 0.001 0.005615
-727 -46 0.001 0.015804
63 0 0.001 -1.0
769 45 0.001 0.017089
466 104 0.001 0.004481
212 259 0.001222 0.001
-34 460 0.013529 0.001
-192 534 0.002781 0.001
-293 535 0.001826 0.001
-560 890 0.001589 0.001
-235 461 0.001962 0.001
-168 425 0.00253 0.001
-122 412 0.003377 0.001
-88 421 0.004784 0.001
-52 390 0.0075 0.001
-23 385 0.016739 0.001
3 345 0.115 0.001
27 338 0.012519 0.001
50 333 0.00666 0.001
82 366 0.004463 0.001
134 451 0.003366 0.001
24 73 0.003042 0.001
65 0 0.001 -1.0
-140 -467 0.003336 0.001
-88 -372 0.004227 0.001
-55 -334 0.006073 0.001
-31 -336 0.010839 0.001
-9 -341 0.037889 0.001
18 -380 0.021111 0.001
45 -383 0.008511 0.001
82 -415 0.005061 0.001
114 -405 0.003553 0.001
160 -421 0.002631 0.001
225 -457 0.002031 0.001
753 -1239 0.001645 0.001
230 -519 0.002257 0.001
126 -552 0.004381 0.001
-79 -349 0.004418 0.001
-290 -160 0.001 0.001812
-304 -52 0.001 0.005846
-757 -45 0.001 0.016822
64 0 0.001 -1.0
798 44 0.001 0.018136
482 106 0.001 0.004547
205 210 0.001024 0.001
1 426 0.426 0.001
-164 514 0.003134 0.001
-272 515 0.001893 0.001
-671 1017 0.001516 0.001
-242 457 0.001888 0.001
-174 424 0.002437 0.001
-126 412 0.00327 0.001
-92 422 0.004587 0.001
-54 389 0.007204 0.001
-25 385 0.0154 0.001
2 343 0.1715 0.001
26 334 0.012846 0.001
50 327 0.00654 0.001
74 325 0.004392 0.001
121 401 0.003314 0.001
61 176 0.002885 0.001
63 0 0.001 -1.0
-144 -456 0.003167 0.001
-90 -364 0.004044 0.001
-57 -328 0.005754 0.001
-34 -331 0.009735 0.001
-10 -338 0.0338 0.001
17 -378 0.022235 0.001
45 -383 0.008511 0.001
82 -416 0.005073 0.001
115 -406 0.00353 0.001
162 -422 0.002605 0.001
230 -455 0.001978 0.001
391 -616 0.001575 0.001
400 -628 0.00157 0.001
237 -507 0.002139 0.001
135 -543 0.004022 0.001
-44 -345 0.007841 0.001
-179 -160 0.001 0.001119
-471 -106 0.001 0.004443
-785 -45 0.001 0.017444
65 0 0.001 -1.0
824 44 0.001 0.018727
497 106 0.001 0.004689
211 211 0.001 0.001
4 428 0.107 0.001
-165 512 0.003103 0.001
-257 481 0.001872 0.001
-724 1055 0.001457 0.001
-234 421 0.001799 0.001
-182 422 0.002319 0.001
-133 410 0.003083 0.001
-97 422 0.004351 0.001
-59 390 0.00661 0.001
-29 384 0.013241 0.001
-1 342 0.342 0.001
22 332 0.015091 0.001
47 323 0.006872 0.001
71 318 0.004479 0.001
108 355 0.003287 0.001
97 271 0.002794 0.001
63 0 0.001 -1.0
-147 -446 0.003034 0.001
-94 -356 0.003787 0.001
-59 -322 0.005458 0.001
-35 -327 0.009343 0.001
-11 -334 0.030364 0.001
13 -342 0.026308 0.001
42 -382 0.009095 0.001
70 -382 0.005457 0.001
110 -409 0.003718 0.001
158 -426 0.002696 0.001
210 -431 0.002052 0.001
299 -481 0.001609 0.001
542 -796 0.001469 0.001
248 -483 0.001948 0.001
159 -516 0.003245 0.001
-5 -431 0.0862 0.001
-206 -212 0.001029 0.001
-485 -106 0.001 0.004575
-809 -45 0.001 0.017978
64 0 0.001 -1.0
846 44 0.001 0.019227
511 106 0.001 0.004821
216 212 0.001 0.001019
6 429 0.0715 0.001
-164 510 0.00311 0.001
-258 476 0.001845 0.001
-758 1064 0.001404 0.001
-239 418 0.001749 0.001
-185 421 0.002276 0.001
-136 410 0.003015 0.001
-100 422 0.00422 0.001
-60 389 0.006483 0.001
-31 384 0.012387 0.001
-3 340 0.113333 0.001
22 329 0.014955 0.001
46 319 0.006935 0.001
70 311 0.004443 0.001
107 346 0.003234 0.001
110 297 0.0027 0.001
65 0 0.001 -1.0
-152 -438 0.002882 0.001
-95 -351 0.003695 0.001
-61 -318 0.005213 0.001
-36 -324 0.009 0.001
-12 -333 0.02775 0.001
13 -341 0.026231 0.001
41 -382 0.009317 0.001
71 -384 0.005408 0.001
111 -411 0.003703 0.001
146 -397 0.002719 0.001
195 -403 0.002067 0.001
281 -457 0.001626 0.001
629 -894 0.001421 0.001
251 -480 0.001912 0.001
160 -516 0.003225 0.001
-6 -433 0.072167 0.001
-210 -213 0.001014 0.001
-497 -107 0.001 0.004645
-829 -45 0.001 0.018422
63 0 0.001 -1.0
865 43 0.001 0.020116
521 107 0.001 0.004869
220 213 0.001 0.001033
8 431 0.053875 0.001
-165 510 0.003091 0.001
-242 444 0.001835 0.001
-476 645 0.001355 0.001
-370 520 0.001405 0.001
-237 424 0.001789 0.001
-169 393 0.002325 0.001
-134 413 0.003082 0.001
-91 389 0.004275 0.001
-60 391 0.006517 0.001
-30 384 0.0128 0.001
-2 339 0.1695 0.001
22 327 0.014864 0.001
41 284 0.006927 0.001
70 308 0.0044 0.001
106 339 0.003198 0.001
123 323 0.002626 0.001
64 0 0.001 -1.0
-163 -461 0.002828 0.001
-94 -344 0.00366 0.001
-60 -313 0.005217 0.001
-34 -321 0.009441 0.001
-11 -330 0.03 0.001
14 -340 0.024286 0.001
42 -381 0.009071 0.001
73 -383 0.005247 0.001
113 -410 0.003628 0.001
148 -395 0.002669 0.001
197 -402 0.002041 0.001
285 -453 0.001589 0.001
636 -878 0.001381 0.001
255 -469 0.001839 0.001
165 -506 0.003067 0.001
15 -425 0.028333 0.001
-135 -210 0.001556 0.001
-262 -109 0.001 0.002404
-339 -53 0.001 0.006396
-845 -44 0.001 0.019205
65 0 0.001 -1.0
879 43 0.001 0.020442
529 107 0.001 0.004944
223 214 0.001 0.001042
9 432 0.048 0.001
-164 510 0.00311 0.001
-244 440 0.001803 0.001
-461 612 0.001328 0.001
-378 513 0.001357 0.001
-245 419 0.00171 0.001
-175 390 0.002229 0.001
-141 412 0.002922 0.001
-96 389 0.004052 0.001
-65 391 0.006015 0.001
-36 386 0.010722 0.001
-6 340 0.056667 0.001
18 327 0.018167 0.001
38 284 0.007474 0.001
65 306 0.004708 0.001
102 333 0.003265 0.001
148 379 0.002561 0.001
63 0 0.001 -1.0
-165 -455 0.002758 0.001
-95 -340 0.003579 0.001
-61 -310 0.005082 0.001
-35 -318 0.009086 0.001
-11 -329 0.029909 0.001
13 -339 0.026077 0.001
42 -381 0.009071 0.001
72 -383 0.005319 0.001
113 -411 0.003637 0.001
148 -396 0.002676 0.001
198 -403 0.002035 0.001
268 -425 0.001586 0.001
682 -923 0.001353 0.001
240 -432 0.0018 0.001
171 -496 0.002901 0.001
23 -469 0.020391 0.001
-137 -211 0.00154 0.001
-265 -109 0.001 0.002431
-344 -53 0.001 0.006491
-857 -44 0.001 0.019477
64 0 0.001 -1.0
890 43 0.001 0.020698
535 107 0.001 0.005
226 214 0.001 0.001056
10 432 0.0432 0.001
-164 509 0.003104 0.001
-244 439 0.001799 0.001
-422 555 0.001315 0.001
-405 531 0.001311 0.001
-251 414 0.001649 0.001
-181 386 0.002133 0.001
-146 409 0.002801 0.001
-102 388 0.003804 0.001
-70 392 0.0056 0.001
-40 387 0.009675 0.001
-11 341 0.031 0.001
14 329 0.0235 0.001
33 283 0.008576 0.001
62 305 0.004919 0.001
87 298 0.003425 0.001
152 400 0.002632 0.001
27 65 0.002407 0.001
65 0 0.001 -1.0
-168 -452 0.00269 0.001
-96 -338 0.003521 0.001
-61 -309 0.005066 0.001
-36 -318 0.008833 0.001
-11 -329 0.029909 0.001
13 -340 0.026154 0.001
43 -381 0.00886 0.001
72 -385 0.005347 0.001
114 -413 0.003623 0.001
150 -397 0.002647 0.001
200 -404 0.00202 0.001
272 -425 0.001562 0.001
688 -920 0.001337 0.001
242 -431 0.001781 0.001
172 -496 0.002884 0.001
24 -470 0.019583 0.001
-138 -213 0.001543 0.001
-268 -109 0.001 0.002459
-347 -53 0.001 0.006547
-865 -44 0.001 0.019659
63 0 0.001 -1.0
897 43 0.001 0.02086
539 107 0.001 0.005037
226 215 0.001 0.001051
10 433 0.0433 0.001
-164 510 0.00311 0.001
-245 438 0.001788 0.001
-425 553 0.001301 0.001
-408 530 0.001299 0.001
-253 414 0.001636 0.001
-183 387 0.002115 0.001
-147 410 0.002789 0.001
-103 390 0.003786 0.001
-70 393 0.005614 0.001
-41 387 0.009439 0.001
-11 342 0.031091 0.001
14 328 0.023429 0.001
34 284 0.008353 0.001
54 273 0.005056 0.001
85 298 0.003506 0.001
137 364 0.002657 0.001
54 128 0.00237 0.001
64 0 0.001 -1.0
-168 -451 0.002685 0.001
-96 -337 0.00351 0.001
-61 -308 0.005049 0.001
-34 -286 0.008412 0.001
-14 -328 0.023429 0.001
11 -338 0.030727 0.001
40 -382 0.00955 0.001
70 -385 0.0055 0.001
112 -415 0.003705 0.001
147 -400 0.002721 0.001
199 -406 0.00204 0.001
270 -428 0.001585 0.001
712 -945 0.001327 0.001
242 -431 0.001781 0.001
172 -497 0.00289 0.001
24 -470 0.019583 0.001
-138 -213 0.001543 0.001
-268 -110 0.001 0.002436
-349 -53 0.001 0.006585
-871 -44 0.001 0.019795
65 0 0.001 -1.0
898 43 0.001 0.020884
540 107 0.001 0.005047
227 216 0.001 0.001051
10 433 0.0433 0.001
-165 510 0.003091 0.001
-245 438 0.001788 0.001
-426 552 0.001296 0.001
-409 530 0.001296 0.001
-254 414 0.00163 0.001
-183 387 0.002115 0.001
-148 411 0.002777 0.001
-102 390 0.003824 0.001
-71 393 0.005535 0.001
-41 388 0.009463 0.001
-11 342 0.031091 0.001
14 328 0.023429 0.001
34 283 0.008324 0.001
55 274 0.004982 0.001
85 297 0.003494 0.001
137 363 0.00265 0.001
55 128 0.002327 0.001
63 0 0.001 -1.0
-168 -451 0.002685 0.001
-96 -337 0.00351 0.001
-61 -308 0.005049 0.001
-34 -286 0.008412 0.001
-14 -328 0.023429 0.001
11 -338 0.030727 0.001
40 -382 0.00955 0.001
70 -385 0.0055 0.001
112 -415 0.003705 0.001
147 -400 0.002721 0.001
199 -406 0.00204 0.001
270 -428 0.001585 0.001
712 -945 0.001327 0.001
242 -431 0.001781 0.001
172 -497 0.00289 0.001
24 -470 0.019583 0.001
-138 -213 0.001543 0.001
-268 -110 0.001 0.002436
-349 -53 0.001 0.006585
-871 -44 0.001 0.019795
64 0 0.001 -1.0
897 43 0.001 0.02086
539 107 0.001 0.005037
226 215 0.001 0.001051
10 433 0.0433 0.001
-164 510 0.00311 0.001
-245 438 0.001788 0.001
-425 553 0.001301 0.001
-408 530 0.001299 0.001
-253 414 0.001636 0.001
-183 387 0.002115 0.001
-147 410 0.002789 0.001
-103 390 0.003786 0.001
-70 393 0.005614 0.001
-41 387 0.009439 0.001
-11 342 0.031091 0.001
14 328 0.023429 0.001
34 284 0.008353 0.001
54 273 0.005056 0.001
85 298 0.003506 0.001
137 364 0.002657 0.001
54 128 0.00237 0.001
65 0 0.001 -1.0
-168 -452 0.00269 0.001
-96 -338 0.003521 0.001
-61 -309 0.005066 0.001
-36 -318 0.008833 0.001
-11 -329 0.029909 0.001
13 -340 0.026154 0.001
43 -381 0.00886 0.001
72 -385 0.005347 0.001
114 -413 0.003623 0.001
150 -397 0.002647 0.001
200 -404 0.00202 0.001
272 -425 0.001562 0.001
688 -920 0.001337 0.001
242 -431 0.001781 0.001
172 -496 0.002884 0.001
24 -470 0.019583 0.001
-138 -213 0.001543 0.001
-268 -109 0.001 0.002459
-347 -53 0.001 0.006547
-865 -44 0.001 0.019659
63 0 0.001 -1.0
890 43 0.001 0.020698
535 107 0.001 0.005
226 214 0.001 0.001056
10 432 0.0432 0.001
-164 509 0.003104 0.001
-244 439 0.001799 0.001
-422 555 0.001315 0.001
-405 531 0.001311 0.001
-251 414 0.001649 0.001
-181 386 0.002133 0.001
-146 409 0.002801 0.001
-102 388 0.003804 0.001
-70 392 0.0056 0.001
-40 387 0.009675 0.001
-11 341 0.031 0.001
14 329 0.0235 0.001
33 283 0.008576 0.001
62 305 0.004919 0.001
87 298 0.003425 0.001
152 400 0.002632 0.001
27 65 0.002407 0.001
64 0 0.001 -1.0
-165 -455 0.002758 0.001
-95 -340 0.003579 0.001
-61 -310 0.005082 0.001
-35 -318 0.009086 0.001
-11 -329 0.029909 0.001
13 -339 0.026077 0.001
42 -381 0.009071 0.001
72 -383 0.005319 0.001
113 -411 0.003637 0.001
148 -396 0.002676 0.001
198 -403 0.002035 0.001
268 -425 0.001586 0.001
682 -923 0.001353 0.001
240 -432 0.0018 0.001
171 -496 0.002901 0.001
23 -469 0.020391 0.001
-137 -211 0.00154 0.001
-265 -109 0.001 0.002431
-344 -53 0.001 0.006491
-857 -44 0.001 0.019477
65 0 0.001 -1.0
879 43 0.001 0.020442
529 107 0.001 0.004944
223 214 0.001 0.001042
9 432 0.048 0.001
-164 510 0.00311 0.001
-244 440 0.001803 0.001
-461 612 0.001328 0.001
-378 513 0.001357 0.001
-245 419 0.00171 0.001
-175 390 0.002229 0.001
-141 412 0.002922 0.001
-96 389 0.004052 0.001
-65 391 0.006015 0.001
-36 386 0.010722 0.001
-6 340 0.056667 0.001
18 327 0.018167 0.001
38 284 0.007474 0.001
65 306 0.004708 0.001
102 333 0.003265 0.001
148 379 0.002561 0.001
63 0 0.001 -1.0
-163 -461 0.002828 0.001
-94 -344 0.00366 0.001
-60 -313 0.005217 0.001
-34 -321 0.009441 0.001
-11 -330 0.03 0.001
14 -340 0.024286 0.001
42 -381 0.009071 0.001
73 -383 0.005247 0.001
113 -410 0.003628 0.001
148 -395 0.002669 0.001
197 -402 0.002041 0.001
285 -453 0.001589 0.001
636 -878 0.001381 0.001
255 -469 0.001839 0.001
165 -506 0.003067 0.001
15 -425 0.028333 0.001
-135 -210 0.001556 0.001
-262 -109 0.001 0.002404
-339 -53 0.001 0.006396
-845 -44 0.001 0.019205
65 0 0.001 -1.0
864 43 0.001 0.020093
521 107 0.001 0.004869
220 213 0.001 0.001033
8 431 0.053875 0.001
-165 510 0.003091 0.001
-242 444 0.001835 0.001
-476 645 0.001355 0.001
-370 520 0.001405 0.001
-237 424 0.001789 0.001
-169 393 0.002325 0.001
-134 413 0.003082 0.001
-91 389 0.004275 0.001
-60 391 0.006517 0.001
-30 384 0.0128 0.001
-2 339 0.1695 0.001
22 327 0.014864 0.001
41 284 0.006927 0.001
70 308 0.0044 0.001
106 339 0.003198 0.001
124 323 0.002605 0.001
64 0 0.001 -1.0
-152 -438 0.002882 0.001
-95 -351 0.003695 0.001
-61 -318 0.005213 0.001
-36 -324 0.009 0.001
-12 -333 0.02775 0.001
13 -341 0.026231 0.001
41 -382 0.009317 0.001
71 -384 0.005408 0.001
111 -411 0.003703 0.001
146 -397 0.002719 0.001
195 -403 0.002067 0.001
281 -457 0.001626 0.001
629 -894 0.001421 0.001
251 -480 0.001912 0.001
160 -516 0.003225 0.001
-6 -433 0.072167 0.001
-210 -213 0.001014 0.001
-497 -107 0.001 0.004645
-829 -45 0.001 0.018422
63 0 0.001 -1.0
846 44 0.001 0.019227
511 106 0.001 0.004821
216 212 0.001 0.001019
6 429 0.0715 0.001
-164 510 0.00311 0.001
-258 476 0.001845 0.001
-758 1064 0.001404 0.001
-239 418 0.001749 0.001
-185 421 0.002276 0.001
-136 410 0.003015 0.001
-100 422 0.00422 0.001
-60 389 0.006483 0.001
-31 384 0.012387 0.001
-3 340 0.113333 0.001
22 329 0.014955 0.001
46 319 0.006935 0.001
70 311 0.004443 0.001
107 346 0.003234 0.001
110 297 0.0027 0.001
65 0 0.001 -1.0
-148 -446 0.003014 0.001
-94 -356 0.003787 0.001
-59 -322 0.005458 0.001
-35 -327 0.009343 0.001
-11 -334 0.030364 0.001
13 -342 0.026308 0.001
42 -382 0.009095 0.001
70 -382 0.005457 0.001
110 -409 0.003718 0.001
158 -426 0.002696 0.001
210 -431 0.002052 0.001
299 -481 0.001609 0.001
542 -796 0.001469 0.001
248 -483 0.001948 0.001
159 -516 0.003245 0.001
-5 -431 0.0862 0.001
-206 -212 0.001029 0.001
-485 -106 0.001 0.004575
-808 -45 0.001 0.017956
64 0 0.001 -1.0
824 44 0.001 0.018727
497 106 0.001 0.004689
211 211 0.001 0.001
4 428 0.107 0.001
-165 512 0.003103 0.001
-257 481 0.001872 0.001
-724 1055 0.001457 0.001
-234 421 0.001799 0.001
-182 422 0.002319 0.001
-133 410 0.003083 0.001
-97 422 0.004351 0.001
-59 390 0.00661 0.001
-29 384 0.013241 0.001
-1 342 0.342 0.001
22 332 0.015091 0.001
47 323 0.006872 0.001
71 318 0.004479 0.001
108 355 0.003287 0.001
97 271 0.002794 0.001
63 0 0.001 -1.0
-144 -456 0.003167 0.001
-90 -364 0.004044 0.001
-57 -328 0.005754 0.001
-34 -331 0.009735 0.001
-10 -338 0.0338 0.001
17 -378 0.022235 0.001
45 -383 0.008511 0.001
82 -416 0.005073 0.001
115 -406 0.00353 0.001
162 -422 0.002605 0.001
230 -455 0.001978 0.001
391 -616 0.001575 0.001
400 -628 0.00157 0.001
237 -507 0.002139 0.001
135 -543 0.004022 0.001
-44 -345 0.007841 0.001
-179 -160 0.001 0.001119
-471 -106 0.001 0.004443
-785 -45 0.001 0.017444
65 0 0.001 -1.0
798 44 0.001 0.018136
482 106 0.001 0.004547
205 210 0.001024 0.001
1 426 0.426 0.001
-164 514 0.003134 0.001
-272 515 0.001893 0.001
-671 1017 0.001516 0.001
-242 457 0.001888 0.001
-174 424 0.002437 0.001
-126 412 0.00327 0.001
-92 422 0.004587 0.001
-54 389 0.007204 0.001
-25 385 0.0154 0.001
2 343 0.1715 0.001
26 334 0.012846 0.001
50 327 0.00654 0.001
74 325 0.004392 0.001
121 401 0.003314 0.001
61 176 0.002885 0.001
63 0 0.001 -1.0
-139 -467 0.00336 0.001
-88 -372 0.004227 0.001
-55 -334 0.006073 0.001
-31 -336 0.010839 0.001
-9 -341 0.037889 0.001
18 -380 0.021111 0.001
45 -383 0.008511 0.001
82 -415 0.005061 0.001
114 -405 0.003553 0.001
160 -421 0.002631 0.001
225 -457 0.002031 0.001
753 -1239 0.001645 0.001
230 -519 0.002257 0.001
126 -552 0.004381 0.001
-79 -349 0.004418 0.001
-290 -160 0.001 0.001812
-304 -52 0.001 0.005846
-758 -45 0.001 0.016844
64 0 0.001 -1.0
769 45 0.001 0.017089
466 104 0.001 0.004481
212 259 0.001222 0.001
-34 460 0.013529 0.001
-192 534 0.002781 0.001
-293 535 0.001826 0.001
-560 890 0.001589 0.001
-235 461 0.001962 0.001
-168 425 0.00253 0.001
-122 412 0.003377 0.001
-88 421 0.004784 0.001
-52 390 0.0075 0.001
-23 385 0.016739 0.001
3 345 0.115 0.001
27 338 0.012519 0.001
50 333 0.00666 0.001
82 366 0.004463 0.001
134 451 0.003366 0.001
24 73 0.003042 0.001
65 0 0.001 -1.0
-135 -480 0.003556 0.001
-84 -382 0.004548 0.001
-53 -342 0.006453 0.001
-29 -342 0.011793 0.001
-7 -345 0.049286 0.001
19 -384 0.020211 0.001
47 -385 0.008191 0.001
82 -416 0.005073 0.001
125 -439 0.003512 0.001
175 -452 0.002583 0.001
242 -485 0.002004 0.001
634 -1093 0.001724 0.001
242 -564 0.002331 0.001
114 -514 0.004509 0.001
-74 -348 0.004703 0.001
-279 -158 0.001 0.001766
-292 -52 0.001 0.005615
-727 -46 0.001 0.015804
63 0 0.001 -1.0
738 45 0.001 0.0164
446 104 0.001 0.004288
203 257 0.001266 0.001
-37 459 0.012405 0.001
-207 572 0.002763 0.001
-326 601 0.001844 0.001
-486 825 0.001698 0.001
-223 470 0.002108 0.001
-158 432 0.002734 0.001
-113 415 0.003673 0.001
-81 424 0.005235 0.001
-45 391 0.008689 0.001
-17 387 0.022765 0.001
8 348 0.0435 0.001
31 343 0.011065 0.001
55 340 0.006182 0.001
86 379 0.004407 0.001
126 435 0.003452 0.001
64 0 0.001 -1.0
-128 -490 0.003828 0.001
-80 -391 0.004888 0.001
-49 -348 0.007102 0.001
-28 -347 0.012393 0.001
-4 -383 0.09575 0.001
22 -385 0.0175 0.001
54 -420 0.007778 0.001
86 -414 0.004814 0.001
127 -436 0.003433 0.001
189 -480 0.00254 0.001
288 -574 0.001993 0.001
514 -945 0.001839 0.001
229 -582 0.002541 0.001
92 -528 0.005739 0.001
-122 -302 0.002475 0.001
-219 -105 0.001 0.002086
-279 -51 0.001 0.005471
-692 -46 0.001 0.015043
65 0 0.001 -1.0
701 45 0.001 0.015578
426 104 0.001 0.004096
193 255 0.001321 0.001
-51 500 0.009804 0.001
-226 603 0.002668 0.001
-406 756 0.001862 0.001
-359 668 0.001861 0.001
-207 482 0.002329 0.001
-145 439 0.003028 0.001
-102 419 0.004108 0.001
-69 427 0.006188 0.001
-36 393 0.010917 0.001
-9 390 0.043333 0.001
15 352 0.023467 0.001
38 348 0.009158 0.001
68 385 0.005662 0.001
104 433 0.004163 0.001
65 228 0.003508 0.001
63 0 0.001 -1.0
-121 -502 0.004149 0.001
-76 -401 0.005276 0.001
-50 -391 0.00782 0.001
-23 -388 0.01687 0.001
2 -389 0.1945 0.001
27 -388 0.01437 0.001
60 -421 0.007017 0.001
99 -448 0.004525 0.001
144 -467 0.003243 0.001
207 -509 0.002459 0.001
701 -1410 0.002011 0.001
214 -610 0.00285 0.001
50 -500 0.01 0.001
-182 -254 0.001396 0.001
-397 -103 0.001 0.003854
-655 -46 0.001 0.014239
64 0 0.001 -1.0
663 45 0.001 0.014733
480 154 0.001 0.003117
115 298 0.002591 0.001
-110 564 0.005127 0.001
-269 649 0.002413 0.001
-593 1163 0.001961 0.001
-212 521 0.002458 0.001
-148 477 0.003223 0.001
-101 458 0.004535 0.001
-62 430 0.006935 0.001
-29 396 0.013655 0.001
-3 394 0.131333 0.001
20 356 0.0178 0.001
41 356 0.008683 0.001
71 397 0.005592 0.001
106 451 0.004255 0.001
31 118 0.003806 0.001
65 0 0.001 -1.0
-115 -513 0.004461 0.001
-71 -410 0.005775 0.001
-46 -399 0.008674 0.001
-21 -395 0.01881 0.001
4 -394 0.0985 0.001
32 -427 0.013344 0.001
61 -423 0.006934 0.001
99 -450 0.004545 0.001
153 -502 0.003281 0.001
232 -577 0.002487 0.001
585 -1261 0.002156 0.001
215 -664 0.003088 0.001
21 -462 0.022 0.001
-161 -202 0.001255 0.001
-374 -102 0.001 0.003667
-614 -46 0.001 0.013348
63 0 0.001 -1.0
621 45 0.001 0.0138
452 152 0.001 0.002974
106 341 0.003217 0.001
-135 595 0.004407 0.001
-298 713 0.002393 0.001
-470 998 0.002123 0.001
-201 530 0.002637 0.001
-140 482 0.003443 0.001
-96 462 0.004812 0.001
-58 433 0.007466 0.001
-29 435 0.015 0.001
0 399 -1.0 0.001
25 399 0.01596 0.001
50 401 0.00802 0.001
74 411 0.005554 0.001
99 431 0.004354 0.001
64 0 0.001 -1.0
-106 -526 0.004962 0.001
-71 -457 0.006437 0.001
-39 -409 0.010487 0.001
-16 -403 0.025188 0.001
8 -400 0.05 0.001
35 -434 0.0124 0.001
70 -463 0.006614 0.001
110 -488 0.004436 0.001
168 -539 0.003208 0.001
273 -685 0.002509 0.001
447 -1055 0.00236 0.001
186 -648 0.003484 0.001
-8 -422 0.05275 0.001
-251 -202 0.001 0.001243
-233 -50 0.001 0.00466
-573 -46 0.001 0.012457
65 0 0.001 -1.0
577 46 0.001 0.012543
422 150 0.001 0.002813
97 338 0.003485 0.001
-136 596 0.004382 0.001
-332 830 0.0025 0.001
-383 898 0.002345 0.001
-197 580 0.002944 0.001
-125 494 0.003952 0.001
-84 471 0.005607 0.001
-49 440 0.00898 0.001
-20 443 0.02215 0.001
6 407 0.067833 0.001
30 409 0.013633 0.001
54 414 0.007667 0.001
86 467 0.00543 0.001
54 244 0.004519 0.001
63 0 0.001 -1.0
-98 -536 0.005469 0.001
-64 -469 0.007328 0.001
-36 -417 0.011583 0.001
-13 -412 0.031692 0.001
12 -445 0.037083 0.001
42 -476 0.011333 0.001
73 -470 0.006438 0.001
120 -529 0.004408 0.001
179 -582 0.003251 0.001
635 -1679 0.002644 0.001
149 -633 0.004248 0.001
-45 -333 0.0074 0.001
-210 -150 0.001 0.0014
-215 -50 0.001 0.0043
-529 -46 0.001 0.0115
64 0 0.001 -1.0
532 46 0.001 0.011565
391 148 0.001 0.002642
87 334 0.003839 0.001
-147 637 0.004333 0.001
-658 1741 0.002646 0.001
-178 599 0.003365 0.001
-111 508 0.004577 0.001
-72 480 0.006667 0.001
-39 449 0.011513 0.001
-13 452 0.034769 0.001
12 416 0.034667 0.001
35 420 0.012 0.001
63 467 0.007413 0.001
98 530 0.005408 0.001
65 0 0.001 -1.0
-90 -542 0.006022 0.001
-57 -476 0.008351 0.001
-33 -463 0.01403 0.001
-9 -455 0.050556 0.001
19 -488 0.025684 0.001
47 -482 0.010255 0.001
82 -510 0.00622 0.001
131 -571 0.004359 0.001
212 -698 0.003292 0.001
499 -1460 0.002926 0.001
115 -604 0.005252 0.001
-81 -285 0.003519 0.001
-355 -147 0.001 0.002415
-480 -46 0.001 0.010435
63 0 0.001 -1.0
681 93 0.001 0.007323
231 241 0.001043 0.001
-54 533 0.00987 0.001
-314 968 0.003083 0.001
-342 1000 0.002924 0.001
-173 650 0.003757 0.001
-108 554 0.00513 0.001
-67 527 0.007866 0.001
-33 495 0.015 0.001
-5 459 0.0918 0.001
20 463 0.02315 0.001
44 469 0.010659 0.001
69 483 0.007 0.001
51 292 0.005725 0.001
64 0 0.001 -1.0
-80 -551 0.006888 0.001
-51 -487 0.009549 0.001
-28 -475 0.016964 0.001
-5 -506 0.1012 0.001
22 -501 0.022773 0.001
53 -532 0.010038 0.001
89 -562 0.006315 0.001
150 -661 0.004407 0.001
279 -948 0.003398 0.001
336 -1134 0.003375 0.001
54 -536 0.009926 0.001
-207 -240 0.001159 0.001
-612 -94 0.001 0.006511
65 0 0.001 -1.0
613 93 0.001 0.006591
208 236 0.001135 0.001
-67 575 0.008582 0.001
-576 1918 0.00333 0.001
-157 677 0.004312 0.001
-100 613 0.00613 0.001
-57 545 0.009561 0.001
-24 509 0.021208 0.001
2 514 0.257 0.001
25 477 0.01908 0.001
48 485 0.010104 0.001
77 542 0.007039 0.001
8 43 0.005375 0.001
63 0 0.001 -1.0
-70 -554 0.007914 0.001
-47 -535 0.011383 0.001
-23 -524 0.022783 0.001
2 -517 0.2585 0.001
27 -552 0.020444 0.001
61 -585 0.00959 0.001
104 -653 0.006279 0.001
178 -797 0.004478 0.001
468 -1780 0.003803 0.001
0 -496 -1.0 0.001
-316 -189 0.001 0.001672
-384 -45 0.001 0.008533
64 0 0.001 -1.0
544 91 0.001 0.005978
185 232 0.001254 0.001
-77 612 0.007948 0.001
-467 1740 0.003726 0.001
-152 741 0.004875 0.001
-92 633 0.00688 0.001
-55 601 0.010927 0.001
-23 564 0.024522 0.001
3 526 0.175333 0.001
28 528 0.018857 0.001
51 536 0.01051 0.001
55 423 0.007691 0.001
65 0 0.001 -1.0
-65 -596 0.009169 0.001
-40 -582 0.01455 0.001
-15 -575 0.038333 0.001
10 -611 0.0611 0.001
42 -648 0.015429 0.001
78 -682 0.008744 0.001
135 -793 0.005874 0.001
291 -1271 0.004368 0.001
199 -970 0.004874 0.001
-91 -362 0.003978 0.001
-544 -137 0.001 0.003971
63 0 0.001 -1.0
545 134 0.001 0.004067
90 358 0.003978 0.001
-256 1173 0.004582 0.001
-241 1091 0.004527 0.001
-132 816 0.006182 0.001
-75 701 0.009347 0.001
-39 664 0.017026 0.001
-7 622 0.088857 0.001
18 581 0.032278 0.001
38 540 0.014211 0.001
59 547 0.009271 0.001
65 0 0.001 -1.0
-54 -597 0.011056 0.001
-33 -592 0.017939 0.001
-11 -633 0.057545 0.001
14 -676 0.048286 0.001
45 -717 0.015933 0.001
86 -797 0.009267 0.001
152 -955 0.006283 0.001
340 -1770 0.005206 0.001
-75 -356 0.004747 0.001
-464 -134 0.001 0.003463
64 0 0.001 -1.0
462 131 0.001 0.003527
70 395 0.005643 0.001
-399 2079 0.005211 0.001
-122 900 0.007377 0.001
-68 778 0.011441 0.001
-33 736 0.022303 0.001
-3 687 0.229 0.001
21 637 0.030333 0.001
43 590 0.013721 0.001
29 294 0.010138 0.001
63 0 0.001 -1.0
-45 -633 0.014067 0.001
-26 -684 0.026308 0.001
-4 -738 0.1845 0.001
25 -789 0.03156 0.001
60 -880 0.014667 0.001
112 -1004 0.008964 0.001
327 -2109 0.00645 0.001
-118 -304 0.002576 0.001
-331 -86 0.001 0.003849
65 0 0.001 -1.0
381 127 0.001 0.003
49 430 0.008776 0.001
-306 1881 0.006147 0.001
-109 993 0.00911 0.001
-62 911 0.014694 0.001
-26 813 0.031269 0.001
3 754 0.251333 0.001
25 690 0.0276 0.001
41 586 0.014293 0.001
4 42 0.0105 0.001
63 0 0.001 -1.0
-36 -670 0.018611 0.001
-20 -786 0.0393 0.001
4 -861 0.21525 0.001
34 -971 0.028559 0.001
77 -1114 0.014468 0.001
149 -1315 0.008826 0.001
144 -1216 0.008444 0.001
-171 -253 0.00148 0.001
-181 -41 0.001 0.004415
64 0 0.001 -1.0
324 164 0.001 0.001976
-28 683 0.024393 0.001
-195 1500 0.007692 0.001
-93 1146 0.012323 0.001
-48 1057 0.022021 0.001
-15 942 0.0628 0.001
11 811 0.073727 0.001
29 680 0.023448 0.001
15 244 0.016267 0.001
65 0 0.001 -1.0
-29 -747 0.025759 0.001
-11 -949 0.086273 0.001
14 -1155 0.0825 0.001
50 -1280 0.0256 0.001
106 -1443 0.013613 0.001
120 -1451 0.012092 0.001
-250 -202 0.001 0.001238
63 0 0.001 -1.0
254 238 0.001 0.001067
-205 2408 0.011746 0.001
-63 1376 0.021841 0.001
-23 1255 0.054565 0.001
6 1032 0.172 0.001
24 761 0.031708 0.001
7 157 0.022429 0.001
64 0 0.001 -1.0
-20 -912 0.0456 0.001
-2 -1300 0.65 0.001
28 -1612 0.057571 0.001
73 -1738 0.023808 0.001
78 -1512 0.019385 0.001
-157 -153 0.001 0.001026
65 0 0.001 -1.0
165 346 0.002097 0.001
-130 2140 0.016462 0.001
-47 1721 0.036617 0.001
-11 1553 0.141182 0.001
12 1081 0.090083 0.001
11 386 0.035091 0.001
63 0 0.001 -1.0
-10 -1428 0.1428 0.001
13 -2382 0.183231 0.001
57 -2471 0.043351 0.001
-19 -911 0.047947 0.001
-41 -35 0.001 0.001171
64 0 0.001 -1.0
68 664 0.009765 0.001
-62 2459 0.039661 0.001
-16 2526 0.157875 0.001
9 1508 0.167556 0.001
1 70 0.07 0.001
65 0 0.001 -1.0
0 -7227 -1.0 0.001
63 0 0.001 -1.0
0 7227 -1.0 0.001
64 0 0.001 -1.0
10 -1434 0.1434 0.001
-14 -2599 0.185643 0.001
-57 -2446 0.042912 0.001
23 -715 0.031087 0.001
38 -33 0.001 0.001152
65 0 0.001 -1.0
-68 664 0.009765 0.001
62 2459 0.039661 0.001
16 2526 0.157875 0.001
-9 1508 0.167556 0.001
-1 70 0.07 0.001
63 0 0.001 -1.0
19 -852 0.044842 0.001
1 -1404 1.404 0.001
-30 -1779 0.0593 0.001
-74 -1767 0.023878 0.001
-56 -1317 0.023518 0.001
140 -108 0.001 0.001296
64 0 0.001 -1.0
-165 346 0.002097 0.001
130 2140 0.016462 0.001
47 1721 0.036617 0.001
11 1553 0.141182 0.001
-12 1081 0.090083 0.001
-11 386 0.035091 0.001
65 0 0.001 -1.0
25 -687 0.02748 0.001
11 -971 0.088273 0.001
-14 -1220 0.087143 0.001
-50 -1367 0.02734 0.001
-100 -1418 0.01418 0.001
-118 -1372 0.011627 0.001
246 -192 0.001 0.001281
63 0 0.001 -1.0
-253 238 0.001 0.001063
205 2408 0.011746 0.001
63 1376 0.021841 0.001
23 1255 0.054565 0.001
-6 1032 0.172 0.001
-24 761 0.031708 0.001
-8 157 0.019625 0.001
64 0 0.001 -1.0
34 -611 0.017971 0.001
18 -752 0.041778 0.001
-4 -945 0.23625 0.001
-36 -1083 0.030083 0.001
-75 -1136 0.015147 0.001
-141 -1283 0.009099 0.001
-138 -1175 0.008514 0.001
166 -203 0.001223 0.001
176 -39 0.001 0.004513
65 0 0.001 -1.0
-324 164 0.001 0.001976
28 683 0.024393 0.001
195 1500 0.007692 0.001
93 1146 0.012323 0.001
48 1057 0.022021 0.001
15 942 0.0628 0.001
-11 811 0.073727 0.001
-29 680 0.023448 0.001
-15 244 0.016267 0.001
63 0 0.001 -1.0
42 -576 0.013714 0.001
24 -646 0.026917 0.001
5 -763 0.1526 0.001
-23 -833 0.036217 0.001
-59 -937 0.015881 0.001
-106 -1021 0.009632 0.001
-205 -1299 0.006337 0.001
-119 -859 0.007218 0.001
215 -253 0.001177 0.001
226 -40 0.001 0.00565
64 0 0.001 -1.0
-381 127 0.001 0.003
-49 430 0.008776 0.001
306 1881 0.006147 0.001
109 993 0.00911 0.001
62 911 0.014694 0.001
26 813 0.031269 0.001
-3 754 0.251333 0.001
-25 690 0.0276 0.001
-41 586 0.014293 0.001
-4 42 0.0105 0.001
65 0 0.001 -1.0
48 -538 0.011208 0.001
32 -592 0.0185 0.001
11 -647 0.058818 0.001
-14 -704 0.050286 0.001
-44 -755 0.017159 0.001
-86 -843 0.009802 0.001
-146 -962 0.006589 0.001
-342 -1798 0.005257 0.001
143 -303 0.002119 0.001
398 -85 0.001 0.004682
63 0 0.001 -1.0
-462 131 0.001 0.003527
-70 395 0.005643 0.001
399 2079 0.005211 0.001
122 900 0.007377 0.001
68 778 0.011441 0.001
33 736 0.022303 0.001
3 687 0.229 0.001
-21 637 0.030333 0.001
-43 590 0.013721 0.001
-29 294 0.010138 0.001
64 0 0.001 -1.0
59 -542 0.009186 0.001
38 -543 0.014289 0.001
16 -590 0.036875 0.001
-9 -637 0.070778 0.001
-40 -684 0.0171 0.001
-77 -724 0.009403 0.001
-128 -801 0.006258 0.001
-236 -1079 0.004572 0.001
-255 -1140 0.004471 0.001
88 -355 0.004034 0.001
544 -132 0.001 0.004121
65 0 0.001 -1.0
-545 134 0.001 0.004067
-90 358 0.003978 0.001
256 1173 0.004582 0.001
241 1091 0.004527 0.001
132 816 0.006182 0.001
75 701 0.009347 0.001
39 664 0.017026 0.001
7 622 0.088857 0.001
-18 581 0.032278 0.001
-38 540 0.014211 0.001
-59 547 0.009271 0.001
63 0 0.001 -1.0
69 -540 0.007826 0.001
45 -533 0.011844 0.001
21 -532 0.025333 0.001
-5 -575 0.115 0.001
-31 -576 0.018581 0.001
-70 -655 0.009357 0.001
-112 -688 0.006143 0.001
-188 -836 0.004447 0.001
-441 -1665 0.003776 0.001
10 -400 0.04 0.001
321 -183 0.001 0.001754
381 -44 0.001 0.008659
65 0 0.001 -1.0
-544 91 0.001 0.005978
-185 232 0.001254 0.001
77 612 0.007948 0.001
467 1740 0.003726 0.001
152 741 0.004875 0.001
92 633 0.00688 0.001
55 601 0.010927 0.001
23 564 0.024522 0.001
-3 526 0.175333 0.001
-28 528 0.018857 0.001
-51 536 0.01051 0.001
-55 423 0.007691 0.001
63 0 0.001 -1.0
79 -538 0.00681 0.001
49 -484 0.009878 0.001
26 -481 0.0185 0.001
3 -521 0.173667 0.001
-23 -520 0.022609 0.001
-55 -557 0.010127 0.001
-93 -591 0.006355 0.001
-154 -696 0.004519 0.001
-266 -915 0.00344 0.001
-358 -1199 0.003349 0.001
-20 -446 0.0223 0.001
198 -188 0.001 0.001053
614 -91 0.001 0.006747
64 0 0.001 -1.0
-613 93 0.001 0.006591
-208 236 0.001135 0.001
67 575 0.008582 0.001
576 1918 0.00333 0.001
157 677 0.004312 0.001
100 613 0.00613 0.001
57 545 0.009561 0.001
24 509 0.021208 0.001
-2 514 0.257 0.001
-25 477 0.01908 0.001
-48 485 0.010104 0.001
-77 542 0.007039 0.001
-8 43 0.005375 0.001
65 0 0.001 -1.0
82 -492 0.006 0.001
58 -477 0.008224 0.001
33 -471 0.014273 0.001
8 -469 0.058625 0.001
-17 -469 0.027588 0.001
-46 -506 0.011 0.001
-81 -540 0.006667 0.001
-133 -604 0.004541 0.001
-206 -701 0.003403 0.001
-544 -1593 0.002928 0.001
-78 -527 0.006756 0.001
136 -237 0.001743 0.001
303 -96 0.001 0.003156
485 -45 0.001 0.010778
63 0 0.001 -1.0
-680 93 0.001 0.007312
-231 241 0.001043 0.001
54 533 0.00987 0.001
314 968 0.003083 0.001
342 1000 0.002924 0.001
173 650 0.003757 0.001
108 554 0.00513 0.001
67 527 0.007866 0.001
33 495 0.015 0.001
5 459 0.0918 0.001
-20 463 0.02315 0.001
-44 469 0.010659 0.001
-69 483 0.007 0.001
-52 292 0.005615 0.001
64 0 0.001 -1.0
91 -482 0.005297 0.001
61 -426 0.006984 0.001
37 -421 0.011378 0.001
16 -418 0.026125 0.001
-9 -457 0.050778 0.001
-39 -494 0.012667 0.001
-70 -490 0.007 0.001
-108 -518 0.004796 0.001
-165 -576 0.003491 0.001
-282 -772 0.002738 0.001
-421 -1101 0.002615 0.001
-128 -598 0.004672 0.001
90 -283 0.003144 0.001
396 -146 0.001 0.002712
531 -45 0.001 0.0118
65 0 0.001 -1.0
-532 46 0.001 0.011565
-391 148 0.001 0.002642
-87 334 0.003839 0.001
147 637 0.004333 0.001
658 1741 0.002646 0.001
178 599 0.003365 0.001
111 508 0.004577 0.001
72 480 0.006667 0.001
39 449 0.011513 0.001
13 452 0.034769 0.001
-12 416 0.034667 0.001
-35 420 0.012 0.001
-63 467 0.007413 0.001
-98 530 0.005408 0.001
63 0 0.001 -1.0
100 -475 0.00475 0.001
66 -418 0.006333 0.001
43 -413 0.009605 0.001
18 -411 0.022833 0.001
-6 -413 0.068833 0.001
-33 -450 0.013636 0.001
-68 -485 0.007132 0.001
-110 -513 0.004664 0.001
-158 -533 0.003373 0.001
-249 -651 0.002614 0.001
-524 -1227 0.002342 0.001
-173 -619 0.003578 0.001
44 -376 0.008545 0.001
232 -149 0.001 0.001557
238 -49 0.001 0.004857
580 -45 0.001 0.012889
64 0 0.001 -1.0
-577 46 0.001 0.012543
-422 150 0.001 0.002813
-97 338 0.003485 0.001
136 596 0.004382 0.001
332 830 0.0025 0.001
383 898 0.002345 0.001
197 580 0.002944 0.001
125 494 0.003952 0.001
84 471 0.005607 0.001
49 440 0.00898 0.001
20 443 0.02215 0.001
-6 407 0.067833 0.001
-30 409 0.013633 0.001
-54 414 0.007667 0.001
-86 467 0.00543 0.001
-54 244 0.004519 0.001
65 0 0.001 -1.0
107 -463 0.004327 0.001
72 -408 0.005667 0.001
46 -402 0.008739 0.001
22 -402 0.018273 0.001
-4 -405 0.10125 0.001
-33 -443 0.013424 0.001
-62 -442 0.007129 0.001
-101 -471 0.004663 0.001
-145 -492 0.003393 0.001
-209 -541 0.002589 0.001
-670 -1443 0.002154 0.001
-189 -602 0.003185 0.001
8 -418 0.05225 0.001
277 -200 0.001 0.001385
255 -50 0.001 0.0051
626 -45 0.001 0.013911
63 0 0.001 -1.0
-620 45 0.001 0.013778
-452 152 0.001 0.002974
-106 341 0.003217 0.001
135 595 0.004407 0.001
298 713 0.002393 0.001
470 998 0.002123 0.001
201 530 0.002637 0.001
140 482 0.003443 0.001
96 462 0.004812 0.001
58 433 0.007466 0.001
29 435 0.015 0.001
0 399 -1.0 0.001
-25 399 0.01596 0.001
-50 401 0.00802 0.001
-74 411 0.005554 0.001
-100 431 0.00431 0.001
64 0 0.001 -1.0
123 -487 0.003959 0.001
74 -395 0.005338 0.001
45 -355 0.007889 0.001
24 -358 0.014917 0.001
1 -397 0.397 0.001
-25 -400 0.016 0.001
-57 -437 0.007667 0.001
-97 -468 0.004825 0.001
-132 -455 0.003447 0.001
-192 -503 0.00262 0.001
-309 -637 0.002061 0.001
-465 -912 0.001961 0.001
-219 -619 0.002826 0.001
-23 -457 0.01987 0.001
175 -201 0.001149 0.001
410 -101 0.001 0.004059
667 -45 0.001 0.014822
65 0 0.001 -1.0
-663 45 0.001 0.014733
-480 154 0.001 0.003117
-115 298 0.002591 0.001
110 564 0.005127 0.001
269 649 0.002413 0.001
593 1163 0.001961 0.001
212 521 0.002458 0.001
148 477 0.003223 0.001
101 458 0.004535 0.001
62 430 0.006935 0.001
29 396 0.013655 0.001
3 394 0.131333 0.001
-20 356 0.0178 0.001
-41 356 0.008683 0.001
-71 397 0.005592 0.001
-106 451 0.004255 0.001
-31 118 0.003806 0.001
63 0 0.001 -1.0
130 -474 0.003646 0.001
79 -385 0.004873 0.001
49 -347 0.007082 0.001
26 -351 0.0135 0.001
3 -356 0.118667 0.001
-21 -396 0.018857 0.001
-55 -435 0.007909 0.001
-87 -432 0.004966 0.001
-129 -455 0.003527 0.001
-179 -470 0.002626 0.001
-263 -537 0.002042 0.001
-604 -1095 0.001813 0.001
-233 -600 0.002575 0.001
-60 -446 0.007433 0.001
121 -250 0.002066 0.001
227 -103 0.001 0.002204
289 -51 0.001 0.005667
707 -44 0.001 0.016068
64 0 0.001 -1.0
-701 45 0.001 0.015578
-426 104 0.001 0.004096
-193 255 0.001321 0.001
51 500 0.009804 0.001
226 603 0.002668 0.001
406 756 0.001862 0.001
359 668 0.001861 0.001
207 482 0.002329 0.001
145 439 0.003028 0.001
102 419 0.004108 0.001
69 427 0.006188 0.001
36 393 0.010917 0.001
9 390 0.043333 0.001
-15 352 0.023467 0.001
-38 348 0.009158 0.001
-68 385 0.005662 0.001
-104 433 0.004163 0.001
-65 228 0.003508 0.001
65 0 0.001 -1.0
135 -461 0.003415 0.001
84 -373 0.00444 0.001
51 -339 0.006647 0.001
29 -345 0.011897 0.001
5 -350 0.07 0.001
-20 -393 0.01965 0.001
-48 -397 0.008271 0.001
-85 -431 0.005071 0.001
-117 -422 0.003607 0.001
-163 -438 0.002687 0.001
-229 -477 0.002083 0.001
-747 -1274 0.001705 0.001
-228 -546 0.002395 0.001
-85 -482 0.005671 0.001
131 -300 0.00229 0.001
238 -104 0.001 0.002288
303 -51 0.001 0.005941
746 -44 0.001 0.016955
63 0 0.001 -1.0
-737 45 0.001 0.016378
-446 104 0.001 0.004288
-203 257 0.001266 0.001
37 459 0.012405 0.001
207 572 0.002763 0.001
326 601 0.001844 0.001
486 825 0.001698 0.001
223 470 0.002108 0.001
158 432 0.002734 0.001
113 415 0.003673 0.001
81 424 0.005235 0.001
45 391 0.008689 0.001
17 387 0.022765 0.001
-8 348 0.0435 0.001
-31 343 0.011065 0.001
-55 340 0.006182 0.001
-86 379 0.004407 0.001
-127 435 0.003425 0.001
64 0 0.001 -1.0
142 -449 0.003162 0.001
88 -364 0.004136 0.001
54 -333 0.006167 0.001
31 -339 0.010935 0.001
6 -348 0.058 0.001
-19 -391 0.020579 0.001
-49 -397 0.008102 0.001
-85 -432 0.005082 0.001
-120 -423 0.003525 0.001
-167 -439 0.002629 0.001
-220 -444 0.002018 0.001
-382 -617 0.001615 0.001
-427 -689 0.001614 0.001
-236 -534 0.002263 0.001
-98 -477 0.004867 0.001
82 -298 0.003634 0.001
302 -158 0.001 0.001911
317 -51 0.001 0.006216
781 -44 0.001 0.01775
65 0 0.001 -1.0
-769 45 0.001 0.017089
-466 104 0.001 0.004481
-212 259 0.001222 0.001
34 460 0.013529 0.001
192 534 0.002781 0.001
293 535 0.001826 0.001
560 890 0.001589 0.001
235 461 0.001962 0.001
168 425 0.00253 0.001
122 412 0.003377 0.001
88 421 0.004784 0.001
52 390 0.0075 0.001
23 385 0.016739 0.001
-3 345 0.115 0.001
-27 338 0.012519 0.001
-50 333 0.00666 0.001
-82 366 0.004463 0.001
-134 451 0.003366 0.001
-24 73 0.003042 0.001
63 0 0.001 -1.0
147 -435 0.002959 0.001
91 -354 0.00389 0.001
56 -324 0.005786 0.001
33 -332 0.010061 0.001
9 -343 0.038111 0.001
-15 -352 0.023467 0.001
-45 -394 0.008756 0.001
-73 -396 0.005425 0.001
-114 -426 0.003737 0.001
-148 -409 0.002764 0.001
-197 -418 0.002122 0.001
-285 -476 0.00167 0.001
-613 -916 0.001494 0.001
-249 -508 0.00204 0.001
-131 -498 0.003802 0.001
44 -341 0.00775 0.001
186 -157 0.001 0.001185
493 -104 0.001 0.00474
811 -44 0.001 0.018432
64 0 0.001 -1.0
-798 44 0.001 0.018136
-482 106 0.001 0.004547
-205 210 0.001024 0.001
-1 426 0.426 0.001
164 514 0.003134 0.001
272 515 0.001893 0.001
671 1017 0.001516 0.001
242 457 0.001888 0.001
174 424 0.002437 0.001
126 412 0.00327 0.001
92 422 0.004587 0.001
54 389 0.007204 0.001
25 385 0.0154 0.001
-2 343 0.1715 0.001
-26 334 0.012846 0.001
-50 327 0.00654 0.001
-74 325 0.004392 0.001
-121 401 0.003314 0.001
-61 176 0.002885 0.001
65 0 0.001 -1.0
150 -423 0.00282 0.001
87 -314 0.003609 0.001
61 -317 0.005197 0.001
37 -326 0.008811 0.001
12 -338 0.028167 0.001
-12 -350 0.029167 0.001
-40 -393 0.009825 0.001
-71 -397 0.005592 0.001
-111 -428 0.003856 0.001
-147 -412 0.002803 0.001
-197 -421 0.002137 0.001
-269 -448 0.001665 0.001
-687 -979 0.001425 0.001
-240 -460 0.001917 0.001
-155 -526 0.003394 0.001
42 -388 0.009238 0.001
191 -159 0.001 0.001201
509 -105 0.001 0.004848
840 -43 0.001 0.019535
63 0 0.001 -1.0
-824 44 0.001 0.018727
-497 106 0.001 0.004689
-211 211 0.001 0.001
-4 428 0.107 0.001
165 512 0.003103 0.001
257 481 0.001872 0.001
724 1055 0.001457 0.001
234 421 0.001799 0.001
182 422 0.002319 0.001
133 410 0.003083 0.001
97 422 0.004351 0.001
59 390 0.00661 0.001
29 384 0.013241 0.001
1 342 0.342 0.001
-22 332 0.015091 0.001
-47 323 0.006872 0.001
-71 318 0.004479 0.001
-108 355 0.003287 0.001
-97 271 0.002794 0.001
64 0 0.001 -1.0
155 -412 0.002658 0.001
88 -306 0.003477 0.001
64 -311 0.004859 0.001
35 -288 0.008229 0.001
16 -334 0.020875 0.001
-8 -346 0.04325 0.001
-37 -391 0.010568 0.001
-67 -397 0.005925 0.001
-108 -430 0.003981 0.001
-144 -416 0.002889 0.001
-196 -424 0.002163 0.001
-251 -421 0.001677 0.001
-779 -1074 0.001379 0.001
-241 -455 0.001888 0.001
-147 -480 0.003265 0.001
13 -383 0.029462 0.001
221 -211 0.001 0.001047
524 -105 0.001 0.00499
862 -43 0.001 0.020047
65 0 0.001 -1.0
-846 44 0.001 0.019227
-511 106 0.001 0.004821
-216 212 0.001 0.001019
-6 429 0.0715 0.001
164 510 0.00311 0.001
258 476 0.001845 0.001
758 1064 0.001404 0.001
239 418 0.001749 0.001
185 421 0.002276 0.001
136 410 0.003015 0.001
100 422 0.00422 0.001
60 389 0.006483 0.001
31 384 0.012387 0.001
3 340 0.113333 0.001
-22 329 0.014955 0.001
-46 319 0.006935 0.001
-70 311 0.004443 0.001
-107 346 0.003234 0.001
-110 297 0.0027 0.001
63 0 0.001 -1.0
158 -404 0.002557 0.001
91 -300 0.003297 0.001
64 -306 0.004781 0.001
37 -286 0.00773 0.001
17 -331 0.019471 0.001
-8 -346 0.04325 0.001
-37 -392 0.010595 0.001
-67 -399 0.005955 0.001
-98 -396 0.004041 0.001
-143 -420 0.002937 0.001
-179 -397 0.002218 0.001
-250 -426 0.001704 0.001
-406 -548 0.00135 0.001
-428 -569 0.001329 0.001
-247 -445 0.001802 0.001
-162 -516 0.003185 0.001
14 -385 0.0275 0.001
225 -212 0.001 0.001061
535 -106 0.001 0.005047
884 -43 0.001 0.020558
64 0 0.001 -1.0
-864 43 0.001 0.020093
-521 107 0.001 0.004869
-220 213 0.001 0.001033
-8 431 0.053875 0.001
165 510 0.003091 0.001
242 444 0.001835 0.001
476 645 0.001355 0.001
370 520 0.001405 0.001
237 424 0.001789 0.001
169 393 0.002325 0.001
134 413 0.003082 0.001
91 389 0.004275 0.001
60 391 0.006517 0.001
30 384 0.0128 0.001
2 339 0.1695 0.001
-22 327 0.014864 0.001
-41 284 0.006927 0.001
-70 308 0.0044 0.001
-106 339 0.003198 0.001
-124 323 0.002605 0.001
64 0 0.001 -1.0
160 -394 0.002463 0.001
92 -295 0.003207 0.001
60 -270 0.0045 0.001
40 -280 0.007 0.001
20 -293 0.01465 0.001
-2 -340 0.17 0.001
-30 -388 0.012933 0.001
-60 -397 0.006617 0.001
-91 -397 0.004363 0.001
-135 -423 0.003133 0.001
-172 -402 0.002337 0.001
-225 -403 0.001791 0.001
-319 -448 0.001404 0.001
-581 -739 0.001272 0.001
-254 -430 0.001693 0.001
-176 -496 0.002818 0.001
-17 -420 0.024706 0.001
145 -210 0.001448 0.001
281 -108 0.001 0.002602
366 -52 0.001 0.007038
898 -42 0.001 0.021381
64 0 0.001 -1.0
-879 43 0.001 0.020442
-529 107 0.001 0.004944
-223 214 0.001 0.001042
-9 432 0.048 0.001
164 510 0.00311 0.001
244 440 0.001803 0.001
461 612 0.001328 0.001
378 513 0.001357 0.001
245 419 0.00171 0.001
175 390 0.002229 0.001
141 412 0.002922 0.001
96 389 0.004052 0.001
65 391 0.006015 0.001
36 386 0.010722 0.001
6 340 0.056667 0.001
-18 327 0.018167 0.001
-38 284 0.007474 0.001
-65 306 0.004708 0.001
-102 333 0.003265 0.001
-148 379 0.002561 0.001
65 0 0.001 -1.0
161 -388 0.00241 0.001
93 -291 0.003129 0.001
61 -266 0.004361 0.001
40 -278 0.00695 0.001
21 -291 0.013857 0.001
-1 -339 0.339 0.001
-26 -351 0.0135 0.001
-57 -397 0.006965 0.001
-87 -398 0.004575 0.001
-132 -426 0.003227 0.001
-170 -405 0.002382 0.001
-223 -407 0.001825 0.001
-298 -423 0.001419 0.001
-649 -811 0.00125 0.001
-255 -427 0.001675 0.001
-176 -495 0.002812 0.001
-15 -422 0.028133 0.001
146 -210 0.001438 0.001
285 -108 0.001 0.002639
370 -52 0.001 0.007115
912 -42 0.001 0.021714
63 0 0.001 -1.0
-889 43 0.001 0.020674
-535 107 0.001 0.005
-226 214 0.001 0.001056
-10 432 0.0432 0.001
164 509 0.003104 0.001
244 439 0.001799 0.001
422 555 0.001315 0.001
405 531 0.001311 0.001
251 414 0.001649 0.001
181 386 0.002133 0.001
146 409 0.002801 0.001
102 388 0.003804 0.001
70 392 0.0056 0.001
40 387 0.009675 0.001
11 341 0.031 0.001
-14 329 0.0235 0.001
-33 283 0.008576 0.001
-62 305 0.004919 0.001
-87 298 0.003425 0.001
-152 400 0.002632 0.001
-28 65 0.002321 0.001
64 0 0.001 -1.0
163 -385 0.002362 0.001
94 -289 0.003074 0.001
62 -265 0.004274 0.001
41 -277 0.006756 0.001
20 -291 0.01455 0.001
-1 -339 0.339 0.001
-26 -353 0.013577 0.001
-57 -398 0.006982 0.001
-89 -400 0.004494 0.001
-120 -392 0.003267 0.001
-168 -409 0.002435 0.001
-223 -410 0.001839 0.001
-298 -427 0.001433 0.001
-677 -834 0.001232 0.001
-257 -426 0.001658 0.001
-176 -495 0.002812 0.001
-16 -423 0.026438 0.001
147 -211 0.001435 0.001
287 -109 0.001 0.002633
374 -52 0.001 0.007192
920 -42 0.001 0.021905
65 0 0.001 -1.0
-897 43 0.001 0.02086
-539 107 0.001 0.005037
-226 215 0.001 0.001051
-10 433 0.0433 0.001
164 510 0.00311 0.001
245 438 0.001788 0.001
425 553 0.001301 0.001
408 530 0.001299 0.001
253 414 0.001636 0.001
183 387 0.002115 0.001
147 410 0.002789 0.001
103 390 0.003786 0.001
70 393 0.005614 0.001
41 387 0.009439 0.001
11 342 0.031091 0.001
-14 328 0.023429 0.001
-34 284 0.008353 0.001
-54 273 0.005056 0.001
-85 298 0.003506 0.001
-137 364 0.002657 0.001
-54 128 0.00237 0.001
63 0 0.001 -1.0
164 -384 0.002341 0.001
94 -287 0.003053 0.001
62 -265 0.004274 0.001
41 -277 0.006756 0.001
21 -291 0.013857 0.001
-1 -339 0.339 0.001
-26 -353 0.013577 0.001
-58 -399 0.006879 0.001
-89 -401 0.004506 0.001
-121 -393 0.003248 0.001
-169 -410 0.002426 0.001
-205 -380 0.001854 0.001
-277 -402 0.001451 0.001
-722 -887 0.001229 0.001
-257 -425 0.001654 0.001
-177 -496 0.002802 0.001
-16 -423 0.026438 0.001
148 -212 0.001432 0.001
287 -109 0.001 0.002633
376 -52 0.001 0.007231
925 -42 0.001 0.022024
64 0 0.001 -1.0
-896 43 0.001 0.020837
-541 107 0.001 0.005056
-227 214 0.001 0.001061
-12 432 0.036 0.001
163 508 0.003117 0.001
244 437 0.001791 0.001
424 551 0.0013 0.001
408 526 0.001289 0.001
253 411 0.001625 0.001
184 384 0.002087 0.001
149 408 0.002738 0.001
103 388 0.003767 0.001
73 391 0.005356 0.001
42 387 0.009214 0.001
13 341 0.026231 0.001
-12 329 0.027417 0.001
-32 283 0.008844 0.001
-52 272 0.005231 0.001
-83 297 0.003578 0.001
-134 360 0.002687 0.001
-67 158 0.002358 0.001
65 0 0.001 -1.0
163 -384 0.002356 0.001
94 -287 0.003053 0.001
62 -265 0.004274 0.001
41 -277 0.006756 0.001
21 -291 0.013857 0.001
-1 -339 0.339 0.001
-26 -353 0.013577 0.001
-58 -399 0.006879 0.001
-89 -401 0.004506 0.001
-121 -393 0.003248 0.001
-169 -410 0.002426 0.001
-205 -380 0.001854 0.001
-277 -402 0.001451 0.001
-722 -887 0.001229 0.001
-257 -425 0.001654 0.001
-177 -496 0.002802 0.001
-16 -423 0.026438 0.001
148 -212 0.001432 0.001
287 -109 0.001 0.002633
376 -52 0.001 0.007231
926 -42 0.001 0.022048
63 0 0.001 -1.0
-896 43 0.001 0.020837
-539 107 0.001 0.005037
-226 215 0.001 0.001051
-10 433 0.0433 0.001
164 510 0.00311 0.001
245 438 0.001788 0.001
425 553 0.001301 0.001
408 530 0.001299 0.001
253 414 0.001636 0.001
183 387 0.002115 0.001
147 410 0.002789 0.001
103 390 0.003786 0.001
70 393 0.005614 0.001
41 387 0.009439 0.001
11 342 0.031091 0.001
-14 328 0.023429 0.001
-34 284 0.008353 0.001
-54 273 0.005056 0.001
-85 298 0.003506 0.001
-137 364 0.002657 0.001
-55 128 0.002327 0.001
64 0 0.001 -1.0
163 -385 0.002362 0.001
94 -289 0.003074 0.001
62 -265 0.004274 0.001
41 -277 0.006756 0.001
20 -291 0.01455 0.001
-1 -339 0.339 0.001
-26 -353 0.013577 0.001
-57 -398 0.006982 0.001
-89 -400 0.004494 0.001
-120 -392 0.003267 0.001
-168 -409 0.002435 0.001
-223 -410 0.001839 0.001
-298 -427 0.001433 0.001
-677 -834 0.001232 0.001
-257 -426 0.001658 0.001
-176 -495 0.002812 0.001
-16 -423 0.026438 0.001
147 -211 0.001435 0.001
287 -109 0.001 0.002633
374 -52 0.001 0.007192
920 -42 0.001 0.021905
65 0 0.001 -1.0
-890 43 0.001 0.020698
-535 107 0.001 0.005
-226 214 0.001 0.001056
-10 432 0.0432 0.001
164 509 0.003104 0.001
244 439 0.001799 0.001
422 555 0.001315 0.001
405 531 0.001311 0.001
251 414 0.001649 0.001
181 386 0.002133 0.001
146 409 0.002801 0.001
102 388 0.003804 0.001
70 392 0.0056 0.001
40 387 0.009675 0.001
11 341 0.031 0.001
-14 329 0.0235 0.001
-33 283 0.008576 0.001
-62 305 0.004919 0.001
-87 298 0.003425 0.001
-152 400 0.002632 0.001
-27 65 0.002407 0.001
63 0 0.001 -1.0
162 -388 0.002395 0.001
93 -291 0.003129 0.001
61 -266 0.004361 0.001
40 -278 0.00695 0.001
21 -291 0.013857 0.001
-1 -339 0.339 0.001
-26 -351 0.0135 0.001
-57 -397 0.006965 0.001
-87 -398 0.004575 0.001
-132 -426 0.003227 0.001
-170 -405 0.002382 0.001
-223 -407 0.001825 0.001
-298 -423 0.001419 0.001
-649 -811 0.00125 0.001
-255 -427 0.001675 0.001
-176 -495 0.002812 0.001
-15 -422 0.028133 0.001
146 -210 0.001438 0.001
285 -108 0.001 0.002639
370 -52 0.001 0.007115
911 -42 0.001 0.02169
64 0 0.001 -1.0
-879 43 0.001 0.020442
-529 107 0.001 0.004944
-223 214 0.001 0.001042
-9 432 0.048 0.001
164 510 0.00311 0.001
244 440 0.001803 0.001
461 612 0.001328 0.001
378 513 0.001357 0.001
245 419 0.00171 0.001
175 390 0.002229 0.001
141 412 0.002922 0.001
96 389 0.004052 0.001
65 391 0.006015 0.001
36 386 0.010722 0.001
6 340 0.056667 0.001
-18 327 0.018167 0.001
-38 284 0.007474 0.001
-65 306 0.004708 0.001
-102 333 0.003265 0.001
-148 379 0.002561 0.001
65 0 0.001 -1.0
159 -394 0.002478 0.001
92 -295 0.003207 0.001
60 -270 0.0045 0.001
40 -280 0.007 0.001
20 -293 0.01465 0.001
-2 -340 0.17 0.001
-30 -388 0.012933 0.001
-60 -397 0.006617 0.001
-91 -397 0.004363 0.001
-135 -423 0.003133 0.001
-172 -402 0.002337 0.001
-225 -403 0.001791 0.001
-319 -448 0.001404 0.001
-581 -739 0.001272 0.001
-254 -430 0.001693 0.001
-176 -496 0.002818 0.001
-17 -420 0.024706 0.001
145 -210 0.001448 0.001
281 -108 0.001 0.002602
366 -52 0.001 0.007038
899 -42 0.001 0.021405
63 0 0.001 -1.0
-864 43 0.001 0.020093
-521 107 0.001 0.004869
-220 213 0.001 0.001033
-8 431 0.053875 0.001
165 510 0.003091 0.001
242 444 0.001835 0.001
476 645 0.001355 0.001
370 520 0.001405 0.001
237 424 0.001789 0.001
169 393 0.002325 0.001
134 413 0.003082 0.001
91 389 0.004275 0.001
60 391 0.006517 0.001
30 384 0.0128 0.001
2 339 0.1695 0.001
-22 327 0.014864 0.001
-41 284 0.006927 0.001
-70 308 0.0044 0.001
-106 339 0.003198 0.001
-124 323 0.002605 0.001
64 0 0.001 -1.0
158 -404 0.002557 0.001
91 -300 0.003297 0.001
64 -306 0.004781 0.001
37 -286 0.00773 0.001
17 -331 0.019471 0.001
-8 -346 0.04325 0.001
-37 -392 0.010595 0.001
-67 -399 0.005955 0.001
-98 -396 0.004041 0.001
-143 -420 0.002937 0.001
-179 -397 0.002218 0.001
-250 -426 0.001704 0.001
-406 -548 0.00135 0.001
-428 -569 0.001329 0.001
-247 -445 0.001802 0.001
-162 -516 0.003185 0.001
14 -385 0.0275 0.001
225 -212 0.001 0.001061
535 -106 0.001 0.005047
884 -43 0.001 0.020558
65 0 0.001 -1.0
-846 44 0.001 0.019227
-511 106 0.001 0.004821
-216 212 0.001 0.001019
-6 429 0.0715 0.001
164 510 0.00311 0.001
258 476 0.001845 0.001
758 1064 0.001404 0.001
239 418 0.001749 0.001
185 421 0.002276 0.001
136 410 0.003015 0.001
100 422 0.00422 0.001
60 389 0.006483 0.001
31 384 0.012387 0.001
3 340 0.113333 0.001
-22 329 0.014955 0.001
-46 319 0.006935 0.001
-70 311 0.004443 0.001
-107 346 0.003234 0.001
-110 297 0.0027 0.001
63 0 0.001 -1.0
155 -412 0.002658 0.001
88 -306 0.003477 0.001
64 -311 0.004859 0.001
35 -288 0.008229 0.001
16 -334 0.020875 0.001
-8 -346 0.04325 0.001
-37 -391 0.010568 0.001
-67 -397 0.005925 0.001
-108 -430 0.003981 0.001
-144 -416 0.002889 0.001
-196 -424 0.002163 0.001
-251 -421 0.001677 0.001
-779 -1074 0.001379 0.001
-241 -455 0.001888 0.001
-147 -480 0.003265 0.001
13 -383 0.029462 0.001
221 -211 0.001 0.001047
524 -105 0.001 0.00499
862 -43 0.001 0.020047
64 0 0.001 -1.0
-824 44 0.001 0.018727
-497 106 0.001 0.004689
-211 211 0.001 0.001
-4 428 0.107 0.001
165 512 0.003103 0.001
257 481 0.001872 0.001
724 1055 0.001457 0.001
234 421 0.001799 0.001
182 422 0.002319 0.001
133 410 0.003083 0.001
97 422 0.004351 0.001
59 390 0.00661 0.001
29 384 0.013241 0.001
1 342 0.342 0.001
-22 332 0.015091 0.001
-47 323 0.006872 0.001
-71 318 0.004479 0.001
-108 355 0.003287 0.001
-97 271 0.002794 0.001
65 0 0.001 -1.0
150 -423 0.00282 0.001
87 -314 0.003609 0.001
61 -317 0.005197 0.001
37 -326 0.008811 0.001
12 -338 0.028167 0.001
-12 -350 0.029167 0.001
-40 -393 0.009825 0.001
-71 -397 0.005592 0.001
-111 -428 0.003856 0.001
-147 -412 0.002803 0.001
-197 -421 0.002137 0.001
-269 -448 0.001665 0.001
-687 -979 0.001425 0.001
-240 -460 0.001917 0.001
-155 -526 0.003394 0.001
42 -388 0.009238 0.001
191 -159 0.001 0.001201
509 -105 0.001 0.004848
840 -43 0.001 0.019535
63 0 0.001 -1.0
-798 44 0.001 0.018136
-482 106 0.001 0.004547
-205 210 0.001024 0.001
-1 426 0.426 0.001
164 514 0.003134 0.001
272 515 0.001893 0.001
671 1017 0.001516 0.001
242 457 0.001888 0.001
174 424 0.002437 0.001
126 412 0.00327 0.001
92 422 0.004587 0.001
54 389 0.007204 0.001
25 385 0.0154 0.001
-2 343 0.1715 0.001
-26 334 0.012846 0.001
-50 327 0.00654 0.001
-74 325 0.004392 0.001
-121 401 0.003314 0.001
-61 176 0.002885 0.001
64 0 0.001 -1.0
147 -435 0.002959 0.001
91 -354 0.00389 0.001
56 -324 0.005786 0.001
33 -332 0.010061 0.001
9 -343 0.038111 0.001
-15 -352 0.023467 0.001
-45 -394 0.008756 0.001
-73 -396 0.005425 0.001
-114 -426 0.003737 0.001
-148 -409 0.002764 0.001
-197 -418 0.002122 0.001
-285 -476 0.00167 0.001
-613 -916 0.001494 0.001
-249 -508 0.00204 0.001
-131 -498 0.003802 0.001
44 -341 0.00775 0.001
186 -157 0.001 0.001185
493 -104 0.001 0.00474
811 -44 0.001 0.018432
64 0 0.001 -1.0
-768 45 0.001 0.017067
-466 104 0.001 0.004481
-212 259 0.001222 0.001
34 460 0.013529 0.001
192 534 0.002781 0.001
293 535 0.001826 0.001
560 890 0.001589 0.001
235 461 0.001962 0.001
168 425 0.00253 0.001
122 412 0.003377 0.001
88 421 0.004784 0.001
52 390 0.0075 0.001
23 385 0.016739 0.001
-3 345 0.115 0.001
-27 338 0.012519 0.001
-50 333 0.00666 0.001
-82 366 0.004463 0.001
-134 451 0.003366 0.001
-25 73 0.00292 0.001
64 0 0.001 -1.0
142 -449 0.003162 0.001
88 -364 0.004136 0.001
54 -333 0.006167 0.001
31 -339 0.010935 0.001
6 -348 0.058 0.001
-19 -391 0.020579 0.001
-49 -397 0.008102 0.001
-85 -432 0.005082 0.001
-120 -423 0.003525 0.001
-167 -439 0.002629 0.001
-220 -444 0.002018 0.001
-382 -617 0.001615 0.001
-427 -689 0.001614 0.001
-236 -534 0.002263 0.001
-98 -477 0.004867 0.001
82 -298 0.003634 0.001
302 -158 0.001 0.001911
317 -51 0.001 0.006216
781 -44 0.001 0.01775
64 0 0.001 -1.0
-737 45 0.001 0.016378
-446 104 0.001 0.004288
-203 257 0.001266 0.001
37 459 0.012405 0.001
207 572 0.002763 0.001
326 601 0.001844 0.001
486 825 0.001698 0.001
223 470 0.002108 0.001
158 432 0.002734 0.001
113 415 0.003673 0.001
81 424 0.005235 0.001
45 391 0.008689 0.001
17 387 0.022765 0.001
-8 348 0.0435 0.001
-31 343 0.011065 0.001
-55 340 0.006182 0.001
-86 379 0.004407 0.001
-127 435 0.003425 0.001
64 0 0.001 -1.0
136 -461 0.00339 0.001
84 -373 0.00444 0.001
51 -339 0.006647 0.001
29 -345 0.011897 0.001
5 -350 0.07 0.001
-20 -393 0.01965 0.001
-48 -397 0.008271 0.001
-85 -431 0.005071 0.001
-117 -422 0.003607 0.001
-163 -438 0.002687 0.001
-229 -477 0.002083 0.001
-747 -1274 0.001705 0.001
-228 -546 0.002395 0.001
-85 -482 0.005671 0.001
131 -300 0.00229 0.001
238 -104 0.001 0.002288
303 -51 0.001 0.005941
745 -44 0.001 0.016932
64 0 0.001 -1.0
-701 45 0.001 0.015578
-426 104 0.001 0.004096
-193 255 0.001321 0.001
51 500 0.009804 0.001
226 603 0.002668 0.001
406 756 0.001862 0.001
359 668 0.001861 0.001
207 482 0.002329 0.001
145 439 0.003028 0.001
102 419 0.004108 0.001
69 427 0.006188 0.001
36 393 0.010917 0.001
9 390 0.043333 0.001
-15 352 0.023467 0.001
-38 348 0.009158 0.001
-68 385 0.005662 0.001
-104 433 0.004163 0.001
-65 228 0.003508 0.001
64 0 0.001 -1.0
130 -474 0.003646 0.001
79 -385 0.004873 0.001
49 -347 0.007082 0.001
26 -351 0.0135 0.001
3 -356 0.118667 0.001
-21 -396 0.018857 0.001
-55 -435 0.007909 0.001
-87 -432 0.004966 0.001
-129 -455 0.003527 0.001
-179 -470 0.002626 0.001
-263 -537 0.002042 0.001
-604 -1095 0.001813 0.001
-233 -600 0.002575 0.001
-60 -446 0.007433 0.001
121 -250 0.002066 0.001
227 -103 0.001 0.002204
289 -51 0.001 0.005667
707 -44 0.001 0.016068
64 0 0.001 -1.0
-662 45 0.001 0.014711
-480 154 0.001 0.003117
-115 298 0.002591 0.001
110 564 0.005127 0.001
269 649 0.002413 0.001
593 1163 0.001961 0.001
212 521 0.002458 0.001
148 477 0.003223 0.001
101 458 0.004535 0.001
62 430 0.006935 0.001
29 396 0.013655 0.001
3 394 0.131333 0.001
-20 356 0.0178 0.001
-41 356 0.008683 0.001
-71 397 0.005592 0.001
-106 451 0.004255 0.001
-32 118 0.003688 0.001
64 0 0.001 -1.0
123 -487 0.003959 0.001
74 -395 0.005338 0.001
45 -355 0.007889 0.001
24 -358 0.014917 0.001
1 -397 0.397 0.001
-25 -400 0.016 0.001
-57 -437 0.007667 0.001
-97 -468 0.004825 0.001
-132 -455 0.003447 0.001
-192 -503 0.00262 0.001
-309 -637 0.002061 0.001
-465 -912 0.001961 0.001
-219 -619 0.002826 0.001
-23 -457 0.01987 0.001
175 -201 0.001149 0.001
410 -101 0.001 0.004059
667 -45 0.001 0.014822
65 0 0.001 -1.0
-621 45 0.001 0.0138
-452 152 0.001 0.002974
-106 341 0.003217 0.001
135 595 0.004407 0.001
298 713 0.002393 0.001
470 998 0.002123 0.001
201 530 0.002637 0.001
140 482 0.003443 0.001
96 462 0.004812 0.001
58 433 0.007466 0.001
29 435 0.015 0.001
0 399 -1.0 0.001
-25 399 0.01596 0.001
-50 401 0.00802 0.001
-74 411 0.005554 0.001
-99 431 0.004354 0.001
63 0 0.001 -1.0
108 -463 0.004287 0.001
72 -408 0.005667 0.001
46 -402 0.008739 0.001
22 -402 0.018273 0.001
-4 -405 0.10125 0.001
-33 -443 0.013424 0.001
-62 -442 0.007129 0.001
-101 -471 0.004663 0.001
-145 -492 0.003393 0.001
-209 -541 0.002589 0.001
-670 -1443 0.002154 0.001
-189 -602 0.003185 0.001
8 -418 0.05225 0.001
277 -200 0.001 0.001385
255 -50 0.001 0.0051
625 -45 0.001 0.013889
64 0 0.001 -1.0
-577 46 0.001 0.012543
-422 150 0.001 0.002813
-97 338 0.003485 0.001
136 596 0.004382 0.001
332 830 0.0025 0.001
383 898 0.002345 0.001
197 580 0.002944 0.001
125 494 0.003952 0.001
84 471 0.005607 0.001
49 440 0.00898 0.001
20 443 0.02215 0.001
-6 407 0.067833 0.001
-30 409 0.013633 0.001
-54 414 0.007667 0.001
-86 467 0.00543 0.001
-54 244 0.004519 0.001
65 0 0.001 -1.0
99 -475 0.004798 0.001
66 -418 0.006333 0.001
43 -413 0.009605 0.001
18 -411 0.022833 0.001
-6 -413 0.068833 0.001
-33 -450 0.013636 0.001
-68 -485 0.007132 0.001
-110 -513 0.004664 0.001
-158 -533 0.003373 0.001
-249 -651 0.002614 0.001
-524 -1227 0.002342 0.001
-173 -619 0.003578 0.001
44 -376 0.008545 0.001
232 -149 0.001 0.001557
238 -49 0.001 0.004857
581 -45 0.001 0.012911
63 0 0.001 -1.0
-531 46 0.001 0.011543
-391 148 0.001 0.002642
-87 334 0.003839 0.001
147 637 0.004333 0.001
658 1741 0.002646 0.001
178 599 0.003365 0.001
111 508 0.004577 0.001
72 480 0.006667 0.001
39 449 0.011513 0.001
13 452 0.034769 0.001
-12 416 0.034667 0.001
-35 420 0.012 0.001
-63 467 0.007413 0.001
-99 530 0.005354 0.001
64 0 0.001 -1.0
91 -482 0.005297 0.001
61 -426 0.006984 0.001
37 -421 0.011378 0.001
16 -418 0.026125 0.001
-9 -457 0.050778 0.001
-39 -494 0.012667 0.001
-70 -490 0.007 0.001
-108 -518 0.004796 0.001
-165 -576 0.003491 0.001
-282 -772 0.002738 0.001
-421 -1101 0.002615 0.001
-128 -598 0.004672 0.001
90 -283 0.003144 0.001
396 -146 0.001 0.002712
531 -45 0.001 0.0118
65 0 0.001 -1.0
-681 93 0.001 0.007323
-231 241 0.001043 0.001
54 533 0.00987 0.001
314 968 0.003083 0.001
342 1000 0.002924 0.001
173 650 0.003757 0.001
108 554 0.00513 0.001
67 527 0.007866 0.001
33 495 0.015 0.001
5 459 0.0918 0.001
-20 463 0.02315 0.001
-44 469 0.010659 0.001
-69 483 0.007 0.001
-51 292 0.005725 0.001
63 0 0.001 -1.0
83 -492 0.005928 0.001
58 -477 0.008224 0.001
33 -471 0.014273 0.001
8 -469 0.058625 0.001
-17 -469 0.027588 0.001
-46 -506 0.011 0.001
-81 -540 0.006667 0.001
-133 -604 0.004541 0.001
-206 -701 0.003403 0.001
-544 -1593 0.002928 0.001
-78 -527 0.006756 0.001
136 -237 0.001743 0.001
303 -96 0.001 0.003156
484 -45 0.001 0.010756
64 0 0.001 -1.0
-613 93 0.001 0.006591
-208 236 0.001135 0.001
67 575 0.008582 0.001
576 1918 0.00333 0.001
157 677 0.004312 0.001
100 613 0.00613 0.001
57 545 0.009561 0.001
24 509 0.021208 0.001
-2 514 0.257 0.001
-25 477 0.01908 0.001
-48 485 0.010104 0.001
-77 542 0.007039 0.001
-8 43 0.005375 0.001
65 0 0.001 -1.0
78 -538 0.006897 0.001
49 -484 0.009878 0.001
26 -481 0.0185 0.001
3 -521 0.173667 0.001
-23 -520 0.022609 0.001
-55 -557 0.010127 0.001
-93 -591 0.006355 0.001
-154 -696 0.004519 0.001
-266 -915 0.00344 0.001
-358 -1199 0.003349 0.001
-20 -446 0.0223 0.001
198 -188 0.001 0.001053
615 -91 0.001 0.006758
63 0 0.001 -1.0
-543 91 0.001 0.005967
-185 232 0.001254 0.001
77 612 0.007948 0.001
467 1740 0.003726 0.001
152 741 0.004875 0.001
92 633 0.00688 0.001
55 601 0.010927 0.001
23 564 0.024522 0.001
-3 526 0.175333 0.001
-28 528 0.018857 0.001
-51 536 0.01051 0.001
-56 423 0.007554 0.001
64 0 0.001 -1.0
69 -540 0.007826 0.001
45 -533 0.011844 0.001
21 -532 0.025333 0.001
-5 -575 0.115 0.001
-31 -576 0.018581 0.001
-70 -655 0.009357 0.001
-112 -688 0.006143 0.001
-188 -836 0.004447 0.001
-441 -1665 0.003776 0.001
10 -400 0.04 0.001
321 -183 0.001 0.001754
381 -44 0.001 0.008659
65 0 0.001 -1.0
-545 134 0.001 0.004067
-90 358 0.003978 0.001
256 1173 0.004582 0.001
241 1091 0.004527 0.001
132 816 0.006182 0.001
75 701 0.009347 0.001
39 664 0.017026 0.001
7 622 0.088857 0.001
-18 581 0.032278 0.001
-38 540 0.014211 0.001
-59 547 0.009271 0.001
63 0 0.001 -1.0
59 -542 0.009186 0.001
38 -543 0.014289 0.001
16 -590 0.036875 0.001
-9 -637 0.070778 0.001
-40 -684 0.0171 0.001
-77 -724 0.009403 0.001
-128 -801 0.006258 0.001
-236 -1079 0.004572 0.001
-255 -1140 0.004471 0.001
88 -355 0.004034 0.001
544 -132 0.001 0.004121
64 0 0.001 -1.0
-462 131 0.001 0.003527
-70 395 0.005643 0.001
399 2079 0.005211 0.001
122 900 0.007377 0.001
68 778 0.011441 0.001
33 736 0.022303 0.001
3 687 0.229 0.001
-21 637 0.030333 0.001
-43 590 0.013721 0.001
-29 294 0.010138 0.001
65 0 0.001 -1.0
48 -538 0.011208 0.001
32 -592 0.0185 0.001
11 -647 0.058818 0.001
-14 -704 0.050286 0.001
-44 -755 0.017159 0.001
-86 -843 0.009802 0.001
-146 -962 0.006589 0.001
-342 -1798 0.005257 0.001
143 -303 0.002119 0.001
398 -85 0.001 0.004682
63 0 0.001 -1.0
-381 127 0.001 0.003
-49 430 0.008776 0.001
306 1881 0.006147 0.001
109 993 0.00911 0.001
62 911 0.014694 0.001
26 813 0.031269 0.001
-3 754 0.251333 0.001
-25 690 0.0276 0.001
-41 586 0.014293 0.001
-4 42 0.0105 0.001
64 0 0.001 -1.0
42 -576 0.013714 0.001
24 -646 0.026917 0.001
5 -763 0.1526 0.001
-23 -833 0.036217 0.001
-59 -937 0.015881 0.001
-106 -1021 0.009632 0.001
-205 -1299 0.006337 0.001
-119 -859 0.007218 0.001
215 -253 0.001177 0.001
226 -40 0.001 0.00565
64 0 0.001 -1.0
-323 164 0.001 0.00197
28 683 0.024393 0.001
195 1500 0.007692 0.001
93 1146 0.012323 0.001
48 1057 0.022021 0.001
15 942 0.0628 0.001
-11 811 0.073727 0.001
-29 680 0.023448 0.001
-16 244 0.01525 0.001
64 0 0.001 -1.0
34 -611 0.017971 0.001
18 -752 0.041778 0.001
-4 -945 0.23625 0.001
-36 -1083 0.030083 0.001
-75 -1136 0.015147 0.001
-141 -1283 0.009099 0.001
-138 -1175 0.008514 0.001
166 -203 0.001223 0.001
176 -39 0.001 0.004513
64 0 0.001 -1.0
-253 238 0.001 0.001063
205 2408 0.011746 0.001
63 1376 0.021841 0.001
23 1255 0.054565 0.001
-6 1032 0.172 0.001
-24 761 0.031708 0.001
-8 157 0.019625 0.001
64 0 0.001 -1.0
26 -687 0.026423 0.001
11 -971 0.088273 0.001
-14 -1220 0.087143 0.001
-50 -1367 0.02734 0.001
-100 -1418 0.01418 0.001
-118 -1372 0.011627 0.001
245 -192 0.001 0.001276
64 0 0.001 -1.0
-165 346 0.002097 0.001
130 2140 0.016462 0.001
47 1721 0.036617 0.001
11 1553 0.141182 0.001
-12 1081 0.090083 0.001
-11 386 0.035091 0.001
64 0 0.001 -1.0
19 -852 0.044842 0.001
1 -1404 1.404 0.001
-30 -1779 0.0593 0.001
-74 -1767 0.023878 0.001
-56 -1317 0.023518 0.001
140 -108 0.001 0.001296
64 0 0.001 -1.0
-67 664 0.00991 0.001
62 2459 0.039661 0.001
16 2526 0.157875 0.001
-9 1508 0.167556 0.001
-2 70 0.035 0.001
64 0 0.001 -1.0
10 -1434 0.1434 0.001
-14 -2599 0.185643 0.001
-57 -2446 0.042912 0.001
23 -715 0.031087 0.001
38 -33 0.001 0.001152
65 0 0.001 -1.0
0 -73 -1.0 0.001
0 0 0.001 0.001
