1295060 7300 0.001 0.177405
-1151999 -6570 0.001 0.175342
79 1474 0.018658 0.001
132 1333 0.010098 0.001
121 872 0.007207 0.001
116 626 0.005397 0.001
117 479 0.004094 0.001
118 362 0.003068 0.001
123 277 0.002252 0.001
126 201 0.001595 0.001
134 137 0.001022 0.001
142 70 0.001 0.002029
143 0 0.001 -1.0
142 -70 0.001 0.002029
134 -137 0.001022 0.001
126 -201 0.001595 0.001
123 -277 0.002252 0.001
118 -362 0.003068 0.001
117 -479 0.004094 0.001
116 -626 0.005397 0.001
121 -872 0.007207 0.001
132 -1333 0.010098 0.001
80 -1474 0.018425 0.001
-83 1467 0.017675 0.001
-132 1284 0.009727 0.001
-124 861 0.006944 0.001
-120 613 0.005108 0.001
-117 450 0.003846 0.001
-117 338 0.002889 0.001
-127 268 0.00211 0.001
-130 192 0.001477 0.001
-139 126 0.001 0.001103
-146 58 0.001 0.002517
-147 -14 0.001 0.0105
-140 -81 0.001 0.001728
-138 -153 0.001109 0.001
-129 -219 0.001698 0.001
-120 -285 0.002375 0.001
-120 -387 0.003225 0.001
-120 -512 0.004267 0.001
-121 -697 0.00576 0.001
-125 -975 0.0078 0.001
-127 -1445 0.011378 0.001
-38 -889 0.023395 0.001
81 1419 0.017519 0.001
131 1246 0.009511 0.001
124 831 0.006702 0.001
119 590 0.004958 0.001
120 449 0.003742 0.001
121 336 0.002777 0.001
125 254 0.002032 0.001
135 188 0.001393 0.001
143 121 0.001 0.001182
146 50 0.001 0.00292
145 -17 0.001 0.008529
145 -87 0.001 0.001667
136 -152 0.001118 0.001
127 -215 0.001693 0.001
123 -292 0.002374 0.001
118 -378 0.003203 0.001
118 -500 0.004237 0.001
120 -680 0.005667 0.001
128 -989 0.007727 0.001
127 -1476 0.011622 0.001
28 -698 0.024929 0.001
-80 1367 0.017088 0.001
-131 1206 0.009206 0.001
-127 827 0.006512 0.001
-122 584 0.004787 0.001
-119 424 0.003563 0.001
-125 330 0.00264 0.001
-129 247 0.001915 0.001
-138 180 0.001304 0.001
-142 109 0.001 0.001303
-150 43 0.001 0.003488
-149 -26 0.001 0.005731
-148 -97 0.001 0.001526
-140 -165 0.001179 0.001
-130 -231 0.001777 0.001
-125 -311 0.002488 0.001
-120 -402 0.00335 0.001
-119 -532 0.004471 0.001
-125 -755 0.00604 0.001
-131 -1101 0.008405 0.001
-105 -1441 0.013724 0.001
-5 -256 0.0512 0.001
82 1364 0.016634 0.001
131 1160 0.008855 0.001
127 793 0.006244 0.001
121 556 0.004595 0.001
123 420 0.003415 0.001
123 312 0.002537 0.001
134 242 0.001806 0.001
137 168 0.001226 0.001
147 103 0.001 0.001427
155 36 0.001 0.004306
154 -36 0.001 0.004278
147 -103 0.001 0.001427
137 -168 0.001226 0.001
134 -242 0.001806 0.001
123 -312 0.002537 0.001
123 -420 0.003415 0.001
121 -556 0.004595 0.001
127 -793 0.006244 0.001
135 -1202 0.008904 0.001
79 -1322 0.016734 0.001
-82 1315 0.016037 0.001
-134 1155 0.008619 0.001
-126 757 0.006008 0.001
-125 551 0.004408 0.001
-122 396 0.003246 0.001
-126 306 0.002429 0.001
-132 227 0.00172 0.001
-142 163 0.001148 0.001
-151 97 0.001 0.001557
-153 28 0.001 0.005464
-153 -40 0.001 0.003825
-151 -109 0.001 0.001385
-141 -175 0.001241 0.001
-131 -241 0.00184 0.001
-126 -321 0.002548 0.001
-125 -435 0.00348 0.001
-124 -579 0.004669 0.001
-128 -826 0.006453 0.001
-134 -1257 0.009381 0.001
-54 -1012 0.018741 0.001
79 1267 0.016038 0.001
134 1118 0.008343 0.001
130 755 0.005808 0.001
123 525 0.004268 0.001
125 393 0.003144 0.001
131 301 0.002298 0.001
136 220 0.001618 0.001
147 155 0.001054 0.001
156 88 0.001 0.001773
158 17 0.001 0.009294
157 -52 0.001 0.003019
149 -118 0.001 0.001263
138 -180 0.001304 0.001
134 -256 0.00191 0.001
128 -341 0.002664 0.001
128 -463 0.003617 0.001
125 -615 0.00492 0.001
133 -915 0.00688 0.001
127 -1351 0.010638 0.001
22 -548 0.024909 0.001
-83 1262 0.015205 0.001
-133 1073 0.008068 0.001
-129 721 0.005589 0.001
-128 520 0.004062 0.001
-129 386 0.002992 0.001
-129 280 0.002171 0.001
-141 213 0.001511 0.001
-152 147 0.001 0.001034
-155 76 0.001 0.002039
-163 9 0.001 0.018111
-162 -63 0.001 0.002571
-152 -130 0.001 0.001169
-142 -197 0.001387 0.001
-131 -261 0.001992 0.001
-125 -345 0.00276 0.001
-124 -463 0.003734 0.001
-127 -643 0.005063 0.001
-134 -960 0.007164 0.001
-113 -1321 0.01169 0.001
-8 -304 0.038 0.001
80 1212 0.01515 0.001
137 1067 0.007788 0.001
132 712 0.005394 0.001
126 490 0.003889 0.001
127 364 0.002866 0.001
133 276 0.002075 0.001
138 200 0.001449 0.001
150 139 0.001 0.001079
159 74 0.001 0.002149
167 6 0.001 0.027833
160 -62 0.001 0.002581
150 -126 0.001 0.00119
145 -198 0.001366 0.001
134 -265 0.001978 0.001
128 -351 0.002742 0.001
127 -473 0.003724 0.001
129 -660 0.005116 0.001
135 -989 0.007326 0.001
100 -1263 0.01263 0.001
3 -153 0.051 0.001
-83 1204 0.014506 0.001
-136 1021 0.007507 0.001
-131 679 0.005183 0.001
-129 484 0.003752 0.001
-131 358 0.002733 0.001
-138 269 0.001949 0.001
-143 192 0.001343 0.001
-154 129 0.001 0.001194
-164 64 0.001 0.002562
-165 -5 0.001 0.033
-164 -73 0.001 0.002247
-153 -138 0.001 0.001109
-142 -203 0.00143 0.001
-137 -280 0.002044 0.001
-130 -372 0.002862 0.001
-128 -501 0.003914 0.001
-135 -732 0.005422 0.001
-136 -1103 0.00811 0.001
-61 -993 0.016279 0.001
81 1161 0.014333 0.001
140 1020 0.007286 0.001
136 671 0.004934 0.001
128 456 0.003562 0.001
136 351 0.002581 0.001
136 249 0.001831 0.001
148 185 0.00125 0.001
160 121 0.001 0.001322
170 53 0.001 0.003208
171 -16 0.001 0.010688
161 -83 0.001 0.00194
151 -145 0.001 0.001041
146 -218 0.001493 0.001
133 -285 0.002143 0.001
133 -393 0.002955 0.001
130 -533 0.0041 0.001
136 -781 0.005743 0.001
132 -1178 0.008924 0.001
32 -635 0.019844 0.001
-80 1114 0.013925 0.001
-138 986 0.007145 0.001
-134 646 0.004821 0.001
-132 457 0.003462 0.001
-133 334 0.002511 0.001
-140 250 0.001786 0.001
-153 184 0.001203 0.001
-164 117 0.001 0.001402
-176 48 0.001 0.003667
-176 -23 0.001 0.007652
-166 -91 0.001 0.001824
-155 -156 0.001006 0.001
-142 -219 0.001542 0.001
-136 -299 0.002199 0.001
-135 -414 0.003067 0.001
-132 -562 0.004258 0.001
-141 -862 0.006113 0.001
-116 -1160 0.01 0.001
-11 -350 0.031818 0.001
81 1105 0.013642 0.001
137 939 0.006854 0.001
137 638 0.004657 0.001
135 448 0.003319 0.001
138 324 0.002348 0.001
144 240 0.001667 0.001
157 173 0.001102 0.001
170 106 0.001 0.001604
173 36 0.001 0.004806
172 -30 0.001 0.005733
170 -100 0.001 0.0017
158 -165 0.001044 0.001
145 -232 0.0016 0.001
138 -316 0.00229 0.001
137 -437 0.00319 0.001
138 -623 0.004514 0.001
139 -920 0.006619 0.001
90 -1135 0.012611 0.001
1 -51 0.051 0.001
-80 1060 0.01325 0.001
-141 937 0.006645 0.001
-135 607 0.004496 0.001
-133 426 0.003203 0.001
-142 324 0.002282 0.001
-149 236 0.001584 0.001
-155 161 0.001039 0.001
-167 99 0.001 0.001687
-178 35 0.001 0.005086
-179 -35 0.001 0.005114
-167 -99 0.001 0.001687
-155 -161 0.001039 0.001
-149 -236 0.001584 0.001
-142 -324 0.002282 0.001
-133 -426 0.003203 0.001
-135 -607 0.004496 0.001
-141 -937 0.006645 0.001
-79 -1060 0.013418 0.001
81 1052 0.012988 0.001
139 893 0.006424 0.001
139 600 0.004317 0.001
138 417 0.003022 0.001
138 300 0.002174 0.001
146 221 0.001514 0.001
160 157 0.001 0.001019
172 95 0.001 0.001811
183 29 0.001 0.00631
183 -42 0.001 0.004357
172 -108 0.001 0.001593
158 -172 0.001089 0.001
144 -236 0.001639 0.001
138 -319 0.002312 0.001
135 -440 0.003259 0.001
143 -662 0.004629 0.001
138 -985 0.007138 0.001
53 -800 0.015094 0.001
-80 1009 0.012613 0.001
-143 893 0.006245 0.001
-138 570 0.00413 0.001
-142 415 0.002923 0.001
-144 294 0.002042 0.001
-151 213 0.001411 0.001
-166 149 0.001 0.001114
-179 85 0.001 0.002106
-189 16 0.001 0.011812
-181 -52 0.001 0.003481
-168 -114 0.001 0.001474
-154 -175 0.001136 0.001
-148 -250 0.001689 0.001
-140 -339 0.002421 0.001
-138 -468 0.003391 0.001
-143 -706 0.004937 0.001
-128 -1007 0.007867 0.001
-28 -533 0.019036 0.001
81 1003 0.012383 0.001
142 850 0.005986 0.001
142 564 0.003972 0.001
139 388 0.002791 0.001
148 290 0.001959 0.001
156 207 0.001327 0.001
171 142 0.001 0.001204
185 76 0.001 0.002434
187 8 0.001 0.023375
185 -59 0.001 0.003136
172 -124 0.001 0.001387
158 -188 0.00119 0.001
151 -267 0.001768 0.001
142 -361 0.002542 0.001
138 -499 0.003616 0.001
142 -754 0.00531 0.001
113 -1028 0.009097 0.001
8 -248 0.031 0.001
-79 958 0.012127 0.001
-146 847 0.005801 0.001
-146 558 0.003822 0.001
-144 381 0.002646 0.001
-145 268 0.001848 0.001
-161 201 0.001248 0.001
-177 135 0.001 0.001311
-191 67 0.001 0.002851
-192 -1 0.001 0.192
-191 -71 0.001 0.00269
-176 -139 0.001 0.001266
-161 -205 0.001273 0.001
-145 -273 0.001883 0.001
-143 -386 0.002699 0.001
-146 -565 0.00387 0.001
-144 -858 0.005958 0.001
-73 -917 0.012562 0.001
81 953 0.011765 0.001
144 807 0.005604 0.001
143 529 0.003699 0.001
140 361 0.002579 0.001
150 268 0.001787 0.001
157 191 0.001217 0.001
174 130 0.001 0.001338
187 67 0.001 0.002791
198 2 0.001 0.099
187 -64 0.001 0.002922
174 -126 0.001 0.001381
157 -187 0.001191 0.001
151 -264 0.001748 0.001
140 -355 0.002536 0.001
144 -522 0.003625 0.001
145 -797 0.005497 0.001
87 -943 0.010839 0.001
1 -50 0.05 0.001
-84 944 0.011238 0.001
-141 764 0.005418 0.001
-147 523 0.003558 0.001
-144 353 0.002451 0.001
-154 261 0.001695 0.001
-162 183 0.00113 0.001
-179 121 0.001 0.001479
-192 58 0.001 0.00331
-203 -8 0.001 0.025375
-192 -76 0.001 0.002526
-176 -139 0.001 0.001266
-161 -203 0.001261 0.001
-151 -285 0.001887 0.001
-149 -407 0.002732 0.001
-149 -601 0.004034 0.001
-136 -877 0.006449 0.001
-40 -611 0.015275 0.001
80 901 0.011262 0.001
145 764 0.005269 0.001
144 495 0.003438 0.001
149 353 0.002369 0.001
150 244 0.001627 0.001
168 181 0.001077 0.001
184 117 0.001 0.001573
199 54 0.001 0.003685
211 -16 0.001 0.013188
197 -85 0.001 0.002318
172 -141 0.001 0.00122
164 -215 0.001311 0.001
146 -283 0.001938 0.001
143 -400 0.002797 0.001
145 -590 0.004069 0.001
134 -902 0.006731 0.001
29 -477 0.016448 0.001
-83 894 0.010771 0.001
-150 751 0.005007 0.001
-148 483 0.003264 0.001
-146 323 0.002212 0.001
-154 237 0.001539 0.001
-174 173 0.001 0.001006
-190 109 0.001 0.001743
-205 43 0.001 0.004767
-205 -23 0.001 0.008913
-192 -87 0.001 0.002207
-176 -149 0.001 0.001181
-158 -210 0.001329 0.001
-149 -291 0.001953 0.001
-145 -413 0.002848 0.001
-145 -611 0.004214 0.001
-124 -891 0.007185 0.001
-16 -338 0.021125 0.001
79 853 0.010797 0.001
147 723 0.004918 0.001
144 464 0.003222 0.001
150 328 0.002187 0.001
160 238 0.001488 0.001
169 163 0.001 0.001037
197 108 0.001 0.001824
212 42 0.001 0.005048
213 -27 0.001 0.007889
198 -94 0.001 0.002106
181 -159 0.001 0.001138
162 -223 0.001377 0.001
151 -311 0.00206 0.001
147 -442 0.003007 0.001
151 -693 0.004589 0.001
97 -871 0.008979 0.001
2 -99 0.0495 0.001
-83 847 0.010205 0.001
-143 683 0.004776 0.001
-149 459 0.003081 0.001
-154 322 0.002091 0.001
-166 230 0.001386 0.001
-174 155 0.001 0.001123
-204 100 0.001 0.00204
-218 32 0.001 0.006812
-219 -39 0.001 0.005615
-192 -100 0.001 0.00192
-174 -159 0.001 0.001094
-165 -236 0.00143 0.001
-154 -327 0.002123 0.001
-148 -467 0.003155 0.001
-148 -732 0.004946 0.001
-69 -768 0.01113 0.001
78 803 0.010295 0.001
146 682 0.004671 0.001
154 455 0.002955 0.001
159 315 0.001981 0.001
161 212 0.001317 0.001
180 152 0.001 0.001184
199 91 0.001 0.002187
225 28 0.001 0.008036
214 -39 0.001 0.005487
197 -102 0.001 0.001931
179 -164 0.001 0.001091
159 -226 0.001421 0.001
157 -333 0.002121 0.001
151 -478 0.003166 0.001
141 -714 0.005064 0.001
60 -682 0.011367 0.001
-81 798 0.009852 0.001
-152 672 0.004421 0.001
-150 421 0.002807 0.001
-154 293 0.001903 0.001
-166 210 0.001265 0.001
-186 147 0.001 0.001265
-205 86 0.001 0.002384
-221 22 0.001 0.010045
-221 -44 0.001 0.005023
-203 -108 0.001 0.00188
-182 -173 0.001 0.001052
-162 -239 0.001475 0.001
-159 -352 0.002214 0.001
-151 -507 0.003358 0.001
-135 -759 0.005622 0.001
-32 -467 0.014594 0.001
83 792 0.009542 0.001
148 633 0.004277 0.001
155 417 0.00269 0.001
160 287 0.001794 0.001
172 202 0.001174 0.001
193 138 0.001 0.001399
212 77 0.001 0.002753
229 12 0.001 0.019083
226 -56 0.001 0.004036
196 -114 0.001 0.001719
176 -174 0.001 0.001011
165 -253 0.001533 0.001
151 -349 0.002311 0.001
151 -530 0.00351 0.001
128 -795 0.006211 0.001
15 -287 0.019133 0.001
-80 748 0.00935 0.001
-152 632 0.004158 0.001
-159 413 0.002597 0.001
-166 280 0.001687 0.001
-178 194 0.00109 0.001
-201 129 0.001 0.001558
-220 67 0.001 0.003284
-236 2 0.001 0.118
-221 -63 0.001 0.003508
-201 -126 0.001 0.001595
-179 -189 0.001056 0.001
-167 -274 0.001641 0.001
-160 -405 0.002531 0.001
-154 -621 0.004032 0.001
-86 -738 0.008581 0.001
0 -49 -1.0 0.001
82 743 0.009061 0.001
148 593 0.004007 0.001
155 387 0.002497 0.001
160 264 0.00165 0.001
172 185 0.001076 0.001
194 128 0.001 0.001516
227 73 0.001 0.00311
244 5 0.001 0.0488
229 -61 0.001 0.003754
207 -125 0.001 0.001656
174 -176 0.001011 0.001
161 -253 0.001571 0.001
157 -372 0.002369 0.001
153 -573 0.003745 0.001
94 -721 0.00767 0.001
3 -97 0.032333 0.001
-78 699 0.008962 0.001
-153 592 0.003869 0.001
-160 382 0.002388 0.001
-166 257 0.001548 0.001
-179 178 0.001 0.001006
-202 119 0.001 0.001697
-236 62 0.001 0.003806
-253 -5 0.001 0.0506
-235 -74 0.001 0.003176
-200 -132 0.001 0.001515
-176 -192 0.001091 0.001
-163 -276 0.001693 0.001
-157 -405 0.00258 0.001
-146 -624 0.004274 0.001
-56 -581 0.010375 0.001
80 693 0.008662 0.001
149 553 0.003711 0.001
155 357 0.002303 0.001
172 256 0.001488 0.001
185 174 0.001 0.001063
210 114 0.001 0.001842
246 57 0.001 0.004316
248 -11 0.001 0.022545
229 -74 0.001 0.003095
207 -136 0.001 0.001522
181 -199 0.001099 0.001
166 -288 0.001735 0.001
158 -425 0.00269 0.001
141 -659 0.004674 0.001
33 -412 0.012485 0.001
-84 687 0.008179 0.001
-156 541 0.003468 0.001
-162 344 0.002123 0.001
-167 229 0.001371 0.001
-194 166 0.001 0.001169
-219 105 0.001 0.002086
-256 46 0.001 0.005565
-257 -23 0.001 0.011174
-236 -88 0.001 0.002682
-198 -142 0.001 0.001394
-172 -202 0.001174 0.001
-168 -307 0.001827 0.001
-157 -457 0.002911 0.001
-122 -664 0.005443 0.001
-12 -235 0.019583 0.001
79 643 0.008139 0.001
149 514 0.00345 0.001
167 346 0.002072 0.001
174 227 0.001305 0.001
201 162 0.001 0.001241
228 99 0.001 0.002303
267 39 0.001 0.006846
266 -31 0.001 0.008581
230 -91 0.001 0.002527
203 -152 0.001 0.001336
176 -216 0.001227 0.001
170 -330 0.001941 0.001
154 -493 0.003201 0.001
95 -669 0.007042 0.001
1 -48 0.048 0.001
-83 637 0.007675 0.001
-157 501 0.003191 0.001
-163 314 0.001926 0.001
-181 219 0.00121 0.001
-196 145 0.001 0.001352
-238 94 0.001 0.002532
-278 31 0.001 0.008968
-262 -35 0.001 0.007486
-237 -98 0.001 0.002418
-196 -150 0.001 0.001307
-180 -225 0.00125 0.001
-161 -321 0.001994 0.001
-154 -512 0.003325 0.001
-74 -600 0.008108 0.001
77 594 0.007714 0.001
150 473 0.003153 0.001
169 315 0.001864 0.001
174 205 0.001178 0.001
204 145 0.001 0.001407
248 92 0.001 0.002696
274 29 0.001 0.009448
272 -37 0.001 0.007351
232 -92 0.001 0.002522
203 -150 0.001 0.001353
173 -211 0.00122 0.001
167 -323 0.001934 0.001
147 -484 0.003293 0.001
70 -556 0.007943 0.001
-82 587 0.007159 0.001
-158 460 0.002911 0.001
-163 284 0.001742 0.001
-183 196 0.001071 0.001
-215 137 0.001 0.001569
-261 81 0.001 0.003222
-286 18 0.001 0.015889
-283 -50 0.001 0.00566
-238 -109 0.001 0.002183
-192 -158 0.001 0.001215
-175 -234 0.001337 0.001
-164 -360 0.002195 0.001
-134 -538 0.004015 0.001
-26 -314 0.012077 0.001
75 544 0.007253 0.001
151 432 0.002861 0.001
170 285 0.001676 0.001
191 194 0.001016 0.001
225 132 0.001 0.001705
274 75 0.001 0.003653
299 10 0.001 0.0299
278 -54 0.001 0.005148
231 -107 0.001 0.002159
198 -166 0.001 0.001193
178 -247 0.001388 0.001
164 -383 0.002335 0.001
115 -532 0.004626 0.001
11 -183 0.016636 0.001
-80 537 0.006713 0.001
-160 419 0.002619 0.001
-179 270 0.001508 0.001
-203 180 0.001 0.001128
-239 116 0.001 0.00206
-290 59 0.001 0.004915
-314 -6 0.001 0.052333
-270 -66 0.001 0.004091
-220 -114 0.001 0.00193
-187 -169 0.001 0.001107
-179 -270 0.001508 0.001
-160 -419 0.002619 0.001
-79 -537 0.006797 0.001
84 529 0.006298 0.001
155 382 0.002465 0.001
173 246 0.001422 0.001
196 165 0.001 0.001188
231 110 0.001 0.0021
304 61 0.001 0.004984
331 -7 0.001 0.047286
282 -67 0.001 0.004209
229 -120 0.001 0.001908
192 -177 0.001 0.001085
170 -262 0.001541 0.001
148 -402 0.002716 0.001
65 -458 0.007046 0.001
-79 486 0.006152 0.001
-161 379 0.002354 0.001
-183 238 0.001301 0.001
-207 157 0.001 0.001318
-246 99 0.001 0.002485
-322 49 0.001 0.006571
-348 -19 0.001 0.018316
-274 -76 0.001 0.003605
-217 -123 0.001 0.001764
-196 -194 0.001 0.00101
-168 -289 0.00172 0.001
-135 -446 0.003304 0.001
-24 -261 0.010875 0.001
83 478 0.005759 0.001
156 341 0.002186 0.001
176 215 0.001222 0.001
218 152 0.001 0.001434
261 93 0.001 0.002806
342 42 0.001 0.008143
345 -25 0.001 0.0138
286 -83 0.001 0.003446
225 -134 0.001 0.001679
182 -193 0.00106 0.001
168 -311 0.001851 0.001
110 -442 0.004018 0.001
8 -133 0.016625 0.001
-77 435 0.005649 0.001
-164 337 0.002055 0.001
-186 208 0.001118 0.001
-213 132 0.001 0.001614
-277 87 0.001 0.003184
-363 34 0.001 0.010676
-364 -34 0.001 0.010706
-277 -87 0.001 0.003184
-213 -132 0.001 0.001614
-186 -208 0.001118 0.001
-164 -337 0.002055 0.001
-76 -435 0.005724 0.001
81 426 0.005259 0.001
159 300 0.001887 0.001
179 184 0.001028 0.001
226 128 0.001 0.001766
296 80 0.001 0.0037
387 26 0.001 0.014885
361 -39 0.001 0.009256
268 -85 0.001 0.003153
221 -141 0.001 0.001567
189 -224 0.001185 0.001
144 -331 0.002299 0.001
49 -324 0.006612 0.001
-76 384 0.005053 0.001
-166 295 0.001777 0.001
-191 176 0.001 0.001085
-243 117 0.001 0.002077
-319 68 0.001 0.004691
-416 12 0.001 0.034667
-355 -46 0.001 0.007717
-255 -90 0.001 0.002833
-206 -140 0.001 0.001471
-174 -216 0.001241 0.001
-136 -353 0.002596 0.001
-23 -207 0.009 0.001
81 374 0.004617 0.001
161 258 0.001602 0.001
205 166 0.001 0.001235
263 105 0.001 0.002505
374 58 0.001 0.006448
446 -5 0.001 0.0892
344 -60 0.001 0.005733
238 -98 0.001 0.002429
205 -166 0.001 0.001235
161 -258 0.001602 0.001
82 -374 0.004561 0.001
-74 333 0.0045 0.001
-151 231 0.00153 0.001
-193 151 0.001 0.001278
-252 99 0.001 0.002545
-370 56 0.001 0.006607
-481 0 0.001 -1.0
-370 -56 0.001 0.006607
-252 -99 0.001 0.002545
-193 -151 0.001 0.001278
-151 -231 0.00153 0.001
-73 -333 0.004562 0.001
80 321 0.004013 0.001
166 215 0.001295 0.001
214 133 0.001 0.001609
280 80 0.001 0.0035
441 40 0.001 0.011025
516 -22 0.001 0.023455
323 -67 0.001 0.004821
227 -111 0.001 0.002045
183 -185 0.001011 0.001
118 -284 0.002407 0.001
12 -120 0.01 0.001
-73 280 0.003836 0.001
-153 189 0.001235 0.001
-201 119 0.001 0.001689
-301 78 0.001 0.003859
-481 35 0.001 0.013743
-559 -26 0.001 0.0215
-310 -66 0.001 0.004697
-210 -104 0.001 0.002019
-167 -170 0.001018 0.001
-100 -256 0.00256 0.001
-5 -79 0.0158 0.001
80 267 0.003338 0.001
171 171 0.001 0.001
227 99 0.001 0.002293
341 58 0.001 0.005879
656 15 0.001 0.043733
476 -43 0.001 0.01107
277 -84 0.001 0.003298
195 -142 0.001 0.001373
122 -228 0.001869 0.001
15 -113 0.007533 0.001
79 1474 0.018658 0.001
132 1333 0.010098 0.001
121 872 0.007207 0.001
116 626 0.005397 0.001
117 479 0.004094 0.001
118 362 0.003068 0.001
123 277 0.002252 0.001
126 201 0.001595 0.001
134 137 0.001022 0.001
142 70 0.001 0.002029
143 0 0.001 -1.0
142 -70 0.001 0.002029
134 -137 0.001022 0.001
126 -201 0.001595 0.001
123 -277 0.002252 0.001
118 -362 0.003068 0.001
117 -479 0.004094 0.001
116 -626 0.005397 0.001
121 -872 0.007207 0.001
132 -1333 0.010098 0.001
80 -1474 0.018425 0.001
-83 1467 0.017675 0.001
-132 1284 0.009727 0.001
-124 861 0.006944 0.001
-120 613 0.005108 0.001
-117 450 0.003846 0.001
-117 338 0.002889 0.001
-127 268 0.00211 0.001
-130 192 0.001477 0.001
-139 126 0.001 0.001103
-146 58 0.001 0.002517
-147 -14 0.001 0.0105
-140 -81 0.001 0.001728
-138 -153 0.001109 0.001
-129 -219 0.001698 0.001
-120 -285 0.002375 0.001
-120 -387 0.003225 0.001
-120 -512 0.004267 0.001
-121 -697 0.00576 0.001
-125 -975 0.0078 0.001
-127 -1445 0.011378 0.001
-38 -889 0.023395 0.001
81 1419 0.017519 0.001
131 1246 0.009511 0.001
124 831 0.006702 0.001
119 590 0.004958 0.001
120 449 0.003742 0.001
121 336 0.002777 0.001
125 254 0.002032 0.001
135 188 0.001393 0.001
143 121 0.001 0.001182
146 50 0.001 0.00292
145 -17 0.001 0.008529
145 -87 0.001 0.001667
136 -152 0.001118 0.001
127 -215 0.001693 0.001
123 -292 0.002374 0.001
118 -378 0.003203 0.001
118 -500 0.004237 0.001
120 -680 0.005667 0.001
128 -989 0.007727 0.001
127 -1476 0.011622 0.001
28 -698 0.024929 0.001
-80 1367 0.017088 0.001
-131 1206 0.009206 0.001
-127 827 0.006512 0.001
-122 584 0.004787 0.001
-119 424 0.003563 0.001
-125 330 0.00264 0.001
-129 247 0.001915 0.001
-138 180 0.001304 0.001
-142 109 0.001 0.001303
-150 43 0.001 0.003488
-149 -26 0.001 0.005731
-148 -97 0.001 0.001526
-140 -165 0.001179 0.001
-130 -231 0.001777 0.001
-125 -311 0.002488 0.001
-120 -402 0.00335 0.001
-119 -532 0.004471 0.001
-125 -755 0.00604 0.001
-131 -1101 0.008405 0.001
-105 -1441 0.013724 0.001
-5 -256 0.0512 0.001
82 1364 0.016634 0.001
131 1160 0.008855 0.001
127 793 0.006244 0.001
121 556 0.004595 0.001
123 420 0.003415 0.001
123 312 0.002537 0.001
134 242 0.001806 0.001
137 168 0.001226 0.001
147 103 0.001 0.001427
155 36 0.001 0.004306
154 -36 0.001 0.004278
147 -103 0.001 0.001427
137 -168 0.001226 0.001
134 -242 0.001806 0.001
123 -312 0.002537 0.001
123 -420 0.003415 0.001
121 -556 0.004595 0.001
127 -793 0.006244 0.001
135 -1202 0.008904 0.001
79 -1322 0.016734 0.001
-82 1315 0.016037 0.001
-134 1155 0.008619 0.001
-126 757 0.006008 0.001
-125 551 0.004408 0.001
-122 396 0.003246 0.001
-126 306 0.002429 0.001
-132 227 0.00172 0.001
-142 163 0.001148 0.001
-151 97 0.001 0.001557
-153 28 0.001 0.005464
-153 -40 0.001 0.003825
-151 -109 0.001 0.001385
-141 -175 0.001241 0.001
-131 -241 0.00184 0.001
-126 -321 0.002548 0.001
-125 -435 0.00348 0.001
-124 -579 0.004669 0.001
-128 -826 0.006453 0.001
-134 -1257 0.009381 0.001
-54 -1012 0.018741 0.001
79 1267 0.016038 0.001
134 1118 0.008343 0.001
130 755 0.005808 0.001
123 525 0.004268 0.001
125 393 0.003144 0.001
131 301 0.002298 0.001
136 220 0.001618 0.001
147 155 0.001054 0.001
156 88 0.001 0.001773
158 17 0.001 0.009294
157 -52 0.001 0.003019
149 -118 0.001 0.001263
138 -180 0.001304 0.001
134 -256 0.00191 0.001
128 -341 0.002664 0.001
128 -463 0.003617 0.001
125 -615 0.00492 0.001
133 -915 0.00688 0.001
127 -1351 0.010638 0.001
22 -548 0.024909 0.001
-83 1262 0.015205 0.001
-133 1073 0.008068 0.001
-129 721 0.005589 0.001
-128 520 0.004062 0.001
-129 386 0.002992 0.001
-129 280 0.002171 0.001
-141 213 0.001511 0.001
-152 147 0.001 0.001034
-155 76 0.001 0.002039
-163 9 0.001 0.018111
-162 -63 0.001 0.002571
-152 -130 0.001 0.001169
-142 -197 0.001387 0.001
-131 -261 0.001992 0.001
-125 -345 0.00276 0.001
-124 -463 0.003734 0.001
-127 -643 0.005063 0.001
-134 -960 0.007164 0.001
-113 -1321 0.01169 0.001
-8 -304 0.038 0.001
80 1212 0.01515 0.001
137 1067 0.007788 0.001
132 712 0.005394 0.001
126 490 0.003889 0.001
127 364 0.002866 0.001
133 276 0.002075 0.001
138 200 0.001449 0.001
150 139 0.001 0.001079
159 74 0.001 0.002149
167 6 0.001 0.027833
160 -62 0.001 0.002581
150 -126 0.001 0.00119
145 -198 0.001366 0.001
134 -265 0.001978 0.001
128 -351 0.002742 0.001
127 -473 0.003724 0.001
129 -660 0.005116 0.001
135 -989 0.007326 0.001
100 -1263 0.01263 0.001
3 -153 0.051 0.001
-83 1204 0.014506 0.001
-136 1021 0.007507 0.001
-131 679 0.005183 0.001
-129 484 0.003752 0.001
-131 358 0.002733 0.001
-138 269 0.001949 0.001
-143 192 0.001343 0.001
-154 129 0.001 0.001194
-164 64 0.001 0.002562
-165 -5 0.001 0.033
-164 -73 0.001 0.002247
-153 -138 0.001 0.001109
-142 -203 0.00143 0.001
-137 -280 0.002044 0.001
-130 -372 0.002862 0.001
-128 -501 0.003914 0.001
-135 -732 0.005422 0.001
-136 -1103 0.00811 0.001
-61 -993 0.016279 0.001
81 1161 0.014333 0.001
140 1020 0.007286 0.001
136 671 0.004934 0.001
128 456 0.003562 0.001
136 351 0.002581 0.001
136 249 0.001831 0.001
148 185 0.00125 0.001
160 121 0.001 0.001322
170 53 0.001 0.003208
171 -16 0.001 0.010688
161 -83 0.001 0.00194
151 -145 0.001 0.001041
146 -218 0.001493 0.001
133 -285 0.002143 0.001
133 -393 0.002955 0.001
130 -533 0.0041 0.001
136 -781 0.005743 0.001
132 -1178 0.008924 0.001
32 -635 0.019844 0.001
-80 1114 0.013925 0.001
-138 986 0.007145 0.001
-134 646 0.004821 0.001
-132 457 0.003462 0.001
-133 334 0.002511 0.001
-140 250 0.001786 0.001
-153 184 0.001203 0.001
-164 117 0.001 0.001402
-176 48 0.001 0.003667
-176 -23 0.001 0.007652
-166 -91 0.001 0.001824
-155 -156 0.001006 0.001
-142 -219 0.001542 0.001
-136 -299 0.002199 0.001
-135 -414 0.003067 0.001
-132 -562 0.004258 0.001
-141 -862 0.006113 0.001
-116 -1160 0.01 0.001
-11 -350 0.031818 0.001
81 1105 0.013642 0.001
137 939 0.006854 0.001
137 638 0.004657 0.001
135 448 0.003319 0.001
138 324 0.002348 0.001
144 240 0.001667 0.001
157 173 0.001102 0.001
170 106 0.001 0.001604
173 36 0.001 0.004806
172 -30 0.001 0.005733
170 -100 0.001 0.0017
158 -165 0.001044 0.001
145 -232 0.0016 0.001
138 -316 0.00229 0.001
137 -437 0.00319 0.001
138 -623 0.004514 0.001
139 -920 0.006619 0.001
90 -1135 0.012611 0.001
1 -51 0.051 0.001
-80 1060 0.01325 0.001
-141 937 0.006645 0.001
-135 607 0.004496 0.001
-133 426 0.003203 0.001
-142 324 0.002282 0.001
-149 236 0.001584 0.001
-155 161 0.001039 0.001
-167 99 0.001 0.001687
-178 35 0.001 0.005086
-179 -35 0.001 0.005114
-167 -99 0.001 0.001687
-155 -161 0.001039 0.001
-149 -236 0.001584 0.001
-142 -324 0.002282 0.001
-133 -426 0.003203 0.001
-135 -607 0.004496 0.001
-141 -937 0.006645 0.001
-79 -1060 0.013418 0.001
81 1052 0.012988 0.001
139 893 0.006424 0.001
139 600 0.004317 0.001
138 417 0.003022 0.001
138 300 0.002174 0.001
146 221 0.001514 0.001
160 157 0.001 0.001019
172 95 0.001 0.001811
183 29 0.001 0.00631
183 -42 0.001 0.004357
172 -108 0.001 0.001593
158 -172 0.001089 0.001
144 -236 0.001639 0.001
138 -319 0.002312 0.001
135 -440 0.003259 0.001
143 -662 0.004629 0.001
138 -985 0.007138 0.001
53 -800 0.015094 0.001
-80 1009 0.012613 0.001
-143 893 0.006245 0.001
-138 570 0.00413 0.001
-142 415 0.002923 0.001
-144 294 0.002042 0.001
-151 213 0.001411 0.001
-166 149 0.001 0.001114
-179 85 0.001 0.002106
-189 16 0.001 0.011812
-181 -52 0.001 0.003481
-168 -114 0.001 0.001474
-154 -175 0.001136 0.001
-148 -250 0.001689 0.001
-140 -339 0.002421 0.001
-138 -468 0.003391 0.001
-143 -706 0.004937 0.001
-128 -1007 0.007867 0.001
-28 -533 0.019036 0.001
81 1003 0.012383 0.001
142 850 0.005986 0.001
142 564 0.003972 0.001
139 388 0.002791 0.001
148 290 0.001959 0.001
156 207 0.001327 0.001
171 142 0.001 0.001204
185 76 0.001 0.002434
187 8 0.001 0.023375
185 -59 0.001 0.003136
172 -124 0.001 0.001387
158 -188 0.00119 0.001
151 -267 0.001768 0.001
142 -361 0.002542 0.001
138 -499 0.003616 0.001
142 -754 0.00531 0.001
113 -1028 0.009097 0.001
8 -248 0.031 0.001
-79 958 0.012127 0.001
-146 847 0.005801 0.001
-146 558 0.003822 0.001
-144 381 0.002646 0.001
-145 268 0.001848 0.001
-161 201 0.001248 0.001
-177 135 0.001 0.001311
-191 67 0.001 0.002851
-192 -1 0.001 0.192
-191 -71 0.001 0.00269
-176 -139 0.001 0.001266
-161 -205 0.001273 0.001
-145 -273 0.001883 0.001
-143 -386 0.002699 0.001
-146 -565 0.00387 0.001
-144 -858 0.005958 0.001
-73 -917 0.012562 0.001
81 953 0.011765 0.001
144 807 0.005604 0.001
143 529 0.003699 0.001
140 361 0.002579 0.001
150 268 0.001787 0.001
157 191 0.001217 0.001
174 130 0.001 0.001338
187 67 0.001 0.002791
198 2 0.001 0.099
187 -64 0.001 0.002922
174 -126 0.001 0.001381
157 -187 0.001191 0.001
151 -264 0.001748 0.001
140 -355 0.002536 0.001
144 -522 0.003625 0.001
145 -797 0.005497 0.001
87 -943 0.010839 0.001
1 -50 0.05 0.001
-84 944 0.011238 0.001
-141 764 0.005418 0.001
-147 523 0.003558 0.001
-144 353 0.002451 0.001
-154 261 0.001695 0.001
-162 183 0.00113 0.001
-179 121 0.001 0.001479
-192 58 0.001 0.00331
-203 -8 0.001 0.025375
-192 -76 0.001 0.002526
-176 -139 0.001 0.001266
-161 -203 0.001261 0.001
-151 -285 0.001887 0.001
-149 -407 0.002732 0.001
-149 -601 0.004034 0.001
-136 -877 0.006449 0.001
-40 -611 0.015275 0.001
80 901 0.011262 0.001
145 764 0.005269 0.001
144 495 0.003438 0.001
149 353 0.002369 0.001
150 244 0.001627 0.001
168 181 0.001077 0.001
184 117 0.001 0.001573
199 54 0.001 0.003685
211 -16 0.001 0.013188
197 -85 0.001 0.002318
172 -141 0.001 0.00122
164 -215 0.001311 0.001
146 -283 0.001938 0.001
143 -400 0.002797 0.001
145 -590 0.004069 0.001
134 -902 0.006731 0.001
29 -477 0.016448 0.001
-83 894 0.010771 0.001
-150 751 0.005007 0.001
-148 483 0.003264 0.001
-146 323 0.002212 0.001
-154 237 0.001539 0.001
-174 173 0.001 0.001006
-190 109 0.001 0.001743
-205 43 0.001 0.004767
-205 -23 0.001 0.008913
-192 -87 0.001 0.002207
-176 -149 0.001 0.001181
-158 -210 0.001329 0.001
-149 -291 0.001953 0.001
-145 -413 0.002848 0.001
-145 -611 0.004214 0.001
-124 -891 0.007185 0.001
-16 -338 0.021125 0.001
79 853 0.010797 0.001
147 723 0.004918 0.001
144 464 0.003222 0.001
150 328 0.002187 0.001
160 238 0.001488 0.001
169 163 0.001 0.001037
197 108 0.001 0.001824
212 42 0.001 0.005048
213 -27 0.001 0.007889
198 -94 0.001 0.002106
181 -159 0.001 0.001138
162 -223 0.001377 0.001
151 -311 0.00206 0.001
147 -442 0.003007 0.001
151 -693 0.004589 0.001
97 -871 0.008979 0.001
2 -99 0.0495 0.001
-83 847 0.010205 0.001
-143 683 0.004776 0.001
-149 459 0.003081 0.001
-154 322 0.002091 0.001
-166 230 0.001386 0.001
-174 155 0.001 0.001123
-204 100 0.001 0.00204
-218 32 0.001 0.006812
-219 -39 0.001 0.005615
-192 -100 0.001 0.00192
-174 -159 0.001 0.001094
-165 -236 0.00143 0.001
-154 -327 0.002123 0.001
-148 -467 0.003155 0.001
-148 -732 0.004946 0.001
-69 -768 0.01113 0.001
78 803 0.010295 0.001
146 682 0.004671 0.001
154 455 0.002955 0.001
159 315 0.001981 0.001
161 212 0.001317 0.001
180 152 0.001 0.001184
199 91 0.001 0.002187
225 28 0.001 0.008036
214 -39 0.001 0.005487
197 -102 0.001 0.001931
179 -164 0.001 0.001091
159 -226 0.001421 0.001
157 -333 0.002121 0.001
151 -478 0.003166 0.001
141 -714 0.005064 0.001
60 -682 0.011367 0.001
-81 798 0.009852 0.001
-152 672 0.004421 0.001
-150 421 0.002807 0.001
-154 293 0.001903 0.001
-166 210 0.001265 0.001
-186 147 0.001 0.001265
-205 86 0.001 0.002384
-221 22 0.001 0.010045
-221 -44 0.001 0.005023
-203 -108 0.001 0.00188
-182 -173 0.001 0.001052
-162 -239 0.001475 0.001
-159 -352 0.002214 0.001
-151 -507 0.003358 0.001
-135 -759 0.005622 0.001
-32 -467 0.014594 0.001
83 792 0.009542 0.001
148 633 0.004277 0.001
155 417 0.00269 0.001
160 287 0.001794 0.001
172 202 0.001174 0.001
193 138 0.001 0.001399
212 77 0.001 0.002753
229 12 0.001 0.019083
226 -56 0.001 0.004036
196 -114 0.001 0.001719
176 -174 0.001 0.001011
165 -253 0.001533 0.001
151 -349 0.002311 0.001
151 -530 0.00351 0.001
128 -795 0.006211 0.001
15 -287 0.019133 0.001
-80 748 0.00935 0.001
-152 632 0.004158 0.001
-159 413 0.002597 0.001
-166 280 0.001687 0.001
-178 194 0.00109 0.001
-201 129 0.001 0.001558
-220 67 0.001 0.003284
-236 2 0.001 0.118
-221 -63 0.001 0.003508
-201 -126 0.001 0.001595
-179 -189 0.001056 0.001
-167 -274 0.001641 0.001
-160 -405 0.002531 0.001
-154 -621 0.004032 0.001
-86 -738 0.008581 0.001
0 -49 -1.0 0.001
82 743 0.009061 0.001
148 593 0.004007 0.001
155 387 0.002497 0.001
160 264 0.00165 0.001
172 185 0.001076 0.001
194 128 0.001 0.001516
227 73 0.001 0.00311
244 5 0.001 0.0488
229 -61 0.001 0.003754
207 -125 0.001 0.001656
174 -176 0.001011 0.001
161 -253 0.001571 0.001
157 -372 0.002369 0.001
153 -573 0.003745 0.001
94 -721 0.00767 0.001
3 -97 0.032333 0.001
-78 699 0.008962 0.001
-153 592 0.003869 0.001
-160 382 0.002388 0.001
-166 257 0.001548 0.001
-179 178 0.001 0.001006
-202 119 0.001 0.001697
-236 62 0.001 0.003806
-253 -5 0.001 0.0506
-235 -74 0.001 0.003176
-200 -132 0.001 0.001515
-176 -192 0.001091 0.001
-163 -276 0.001693 0.001
-157 -405 0.00258 0.001
-146 -624 0.004274 0.001
-56 -581 0.010375 0.001
80 693 0.008662 0.001
149 553 0.003711 0.001
155 357 0.002303 0.001
172 256 0.001488 0.001
185 174 0.001 0.001063
210 114 0.001 0.001842
246 57 0.001 0.004316
248 -11 0.001 0.022545
229 -74 0.001 0.003095
207 -136 0.001 0.001522
181 -199 0.001099 0.001
166 -288 0.001735 0.001
158 -425 0.00269 0.001
141 -659 0.004674 0.001
33 -412 0.012485 0.001
-84 687 0.008179 0.001
-156 541 0.003468 0.001
-162 344 0.002123 0.001
-167 229 0.001371 0.001
-194 166 0.001 0.001169
-219 105 0.001 0.002086
-256 46 0.001 0.005565
-257 -23 0.001 0.011174
-236 -88 0.001 0.002682
-198 -142 0.001 0.001394
-172 -202 0.001174 0.001
-168 -307 0.001827 0.001
-157 -457 0.002911 0.001
-122 -664 0.005443 0.001
-12 -235 0.019583 0.001
79 643 0.008139 0.001
149 514 0.00345 0.001
167 346 0.002072 0.001
174 227 0.001305 0.001
201 162 0.001 0.001241
228 99 0.001 0.002303
267 39 0.001 0.006846
266 -31 0.001 0.008581
230 -91 0.001 0.002527
203 -152 0.001 0.001336
176 -216 0.001227 0.001
170 -330 0.001941 0.001
154 -493 0.003201 0.001
95 -669 0.007042 0.001
1 -48 0.048 0.001
-83 637 0.007675 0.001
-157 501 0.003191 0.001
-163 314 0.001926 0.001
-181 219 0.00121 0.001
-196 145 0.001 0.001352
-238 94 0.001 0.002532
-278 31 0.001 0.008968
-262 -35 0.001 0.007486
-237 -98 0.001 0.002418
-196 -150 0.001 0.001307
-180 -225 0.00125 0.001
-161 -321 0.001994 0.001
-154 -512 0.003325 0.001
-74 -600 0.008108 0.001
77 594 0.007714 0.001
150 473 0.003153 0.001
169 315 0.001864 0.001
174 205 0.001178 0.001
204 145 0.001 0.001407
248 92 0.001 0.002696
274 29 0.001 0.009448
272 -37 0.001 0.007351
232 -92 0.001 0.002522
203 -150 0.001 0.001353
173 -211 0.00122 0.001
167 -323 0.001934 0.001
147 -484 0.003293 0.001
70 -556 0.007943 0.001
-82 587 0.007159 0.001
-158 460 0.002911 0.001
-163 284 0.001742 0.001
-183 196 0.001071 0.001
-215 137 0.001 0.001569
-261 81 0.001 0.003222
-286 18 0.001 0.015889
-283 -50 0.001 0.00566
-238 -109 0.001 0.002183
-192 -158 0.001 0.001215
-175 -234 0.001337 0.001
-164 -360 0.002195 0.001
-134 -538 0.004015 0.001
-26 -314 0.012077 0.001
75 544 0.007253 0.001
151 432 0.002861 0.001
170 285 0.001676 0.001
191 194 0.001016 0.001
225 132 0.001 0.001705
274 75 0.001 0.003653
299 10 0.001 0.0299
278 -54 0.001 0.005148
231 -107 0.001 0.002159
198 -166 0.001 0.001193
178 -247 0.001388 0.001
164 -383 0.002335 0.001
115 -532 0.004626 0.001
11 -183 0.016636 0.001
-80 537 0.006713 0.001
-160 419 0.002619 0.001
-179 270 0.001508 0.001
-203 180 0.001 0.001128
-239 116 0.001 0.00206
-290 59 0.001 0.004915
-314 -6 0.001 0.052333
-270 -66 0.001 0.004091
-220 -114 0.001 0.00193
-187 -169 0.001 0.001107
-179 -270 0.001508 0.001
-160 -419 0.002619 0.001
-79 -537 0.006797 0.001
84 529 0.006298 0.001
155 382 0.002465 0.001
173 246 0.001422 0.001
196 165 0.001 0.001188
231 110 0.001 0.0021
304 61 0.001 0.004984
331 -7 0.001 0.047286
282 -67 0.001 0.004209
229 -120 0.001 0.001908
192 -177 0.001 0.001085
170 -262 0.001541 0.001
148 -402 0.002716 0.001
65 -458 0.007046 0.001
-79 486 0.006152 0.001
-161 379 0.002354 0.001
-183 238 0.001301 0.001
-207 157 0.001 0.001318
-246 99 0.001 0.002485
-322 49 0.001 0.006571
-348 -19 0.001 0.018316
-274 -76 0.001 0.003605
-217 -123 0.001 0.001764
-196 -194 0.001 0.00101
-168 -289 0.00172 0.001
-135 -446 0.003304 0.001
-24 -261 0.010875 0.001
83 478 0.005759 0.001
156 341 0.002186 0.001
176 215 0.001222 0.001
218 152 0.001 0.001434
261 93 0.001 0.002806
342 42 0.001 0.008143
345 -25 0.001 0.0138
286 -83 0.001 0.003446
225 -134 0.001 0.001679
182 -193 0.00106 0.001
168 -311 0.001851 0.001
110 -442 0.004018 0.001
8 -133 0.016625 0.001
-77 435 0.005649 0.001
-164 337 0.002055 0.001
-186 208 0.001118 0.001
-213 132 0.001 0.001614
-277 87 0.001 0.003184
-363 34 0.001 0.010676
-364 -34 0.001 0.010706
-277 -87 0.001 0.003184
-213 -132 0.001 0.001614
-186 -208 0.001118 0.001
-164 -337 0.002055 0.001
-76 -435 0.005724 0.001
81 426 0.005259 0.001
159 300 0.001887 0.001
179 184 0.001028 0.001
226 128 0.001 0.001766
296 80 0.001 0.0037
387 26 0.001 0.014885
361 -39 0.001 0.009256
268 -85 0.001 0.003153
221 -141 0.001 0.001567
189 -224 0.001185 0.001
144 -331 0.002299 0.001
49 -324 0.006612 0.001
-76 384 0.005053 0.001
-166 295 0.001777 0.001
-191 176 0.001 0.001085
-243 117 0.001 0.002077
-319 68 0.001 0.004691
-416 12 0.001 0.034667
-355 -46 0.001 0.007717
-255 -90 0.001 0.002833
-206 -140 0.001 0.001471
-174 -216 0.001241 0.001
-136 -353 0.002596 0.001
-23 -207 0.009 0.001
81 374 0.004617 0.001
161 258 0.001602 0.001
205 166 0.001 0.001235
263 105 0.001 0.002505
374 58 0.001 0.006448
446 -5 0.001 0.0892
344 -60 0.001 0.005733
238 -98 0.001 0.002429
205 -166 0.001 0.001235
161 -258 0.001602 0.001
82 -374 0.004561 0.001
-74 333 0.0045 0.001
-151 231 0.00153 0.001
-193 151 0.001 0.001278
-252 99 0.001 0.002545
-370 56 0.001 0.006607
-481 0 0.001 -1.0
-370 -56 0.001 0.006607
-252 -99 0.001 0.002545
-193 -151 0.001 0.001278
-151 -231 0.00153 0.001
-73 -333 0.004562 0.001
80 321 0.004013 0.001
166 215 0.001295 0.001
214 133 0.001 0.001609
280 80 0.001 0.0035
441 40 0.001 0.011025
516 -22 0.001 0.023455
323 -67 0.001 0.004821
227 -111 0.001 0.002045
183 -185 0.001011 0.001
118 -284 0.002407 0.001
12 -120 0.01 0.001
-73 280 0.003836 0.001
-153 189 0.001235 0.001
-201 119 0.001 0.001689
-301 78 0.001 0.003859
-481 35 0.001 0.013743
-559 -26 0.001 0.0215
-310 -66 0.001 0.004697
-210 -104 0.001 0.002019
-167 -170 0.001018 0.001
-100 -256 0.00256 0.001
-5 -79 0.0158 0.001
80 267 0.003338 0.001
171 171 0.001 0.001
227 99 0.001 0.002293
341 58 0.001 0.005879
656 15 0.001 0.043733
476 -43 0.001 0.01107
277 -84 0.001 0.003298
195 -142 0.001 0.001373
122 -228 0.001869 0.001
15 -113 0.007533 0.001
79 1474 0.018658 0.001
132 1333 0.010098 0.001
121 872 0.007207 0.001
116 626 0.005397 0.001
117 479 0.004094 0.001
118 362 0.003068 0.001
123 277 0.002252 0.001
126 201 0.001595 0.001
134 137 0.001022 0.001
142 70 0.001 0.002029
143 0 0.001 -1.0
142 -70 0.001 0.002029
134 -137 0.001022 0.001
126 -201 0.001595 0.001
123 -277 0.002252 0.001
118 -362 0.003068 0.001
117 -479 0.004094 0.001
116 -626 0.005397 0.001
121 -872 0.007207 0.001
132 -1333 0.010098 0.001
80 -1474 0.018425 0.001
-83 1467 0.017675 0.001
-132 1284 0.009727 0.001
-124 861 0.006944 0.001
-120 613 0.005108 0.001
-117 450 0.003846 0.001
-117 338 0.002889 0.001
-127 268 0.00211 0.001
-130 192 0.001477 0.001
-139 126 0.001 0.001103
-146 58 0.001 0.002517
-147 -14 0.001 0.0105
-140 -81 0.001 0.001728
-138 -153 0.001109 0.001
-129 -219 0.001698 0.001
-120 -285 0.002375 0.001
-120 -387 0.003225 0.001
-120 -512 0.004267 0.001
-121 -697 0.00576 0.001
-125 -975 0.0078 0.001
-127 -1445 0.011378 0.001
-38 -889 0.023395 0.001
81 1419 0.017519 0.001
131 1246 0.009511 0.001
124 831 0.006702 0.001
119 590 0.004958 0.001
120 449 0.003742 0.001
121 336 0.002777 0.001
125 254 0.002032 0.001
135 188 0.001393 0.001
143 121 0.001 0.001182
146 50 0.001 0.00292
145 -17 0.001 0.008529
145 -87 0.001 0.001667
136 -152 0.001118 0.001
127 -215 0.001693 0.001
123 -292 0.002374 0.001
118 -378 0.003203 0.001
118 -500 0.004237 0.001
120 -680 0.005667 0.001
128 -989 0.007727 0.001
127 -1476 0.011622 0.001
28 -698 0.024929 0.001
-80 1367 0.017088 0.001
-131 1206 0.009206 0.001
-127 827 0.006512 0.001
-122 584 0.004787 0.001
-119 424 0.003563 0.001
-125 330 0.00264 0.001
-129 247 0.001915 0.001
-138 180 0.001304 0.001
-142 109 0.001 0.001303
-150 43 0.001 0.003488
-149 -26 0.001 0.005731
-148 -97 0.001 0.001526
-140 -165 0.001179 0.001
-130 -231 0.001777 0.001
-125 -311 0.002488 0.001
-120 -402 0.00335 0.001
-119 -532 0.004471 0.001
-125 -755 0.00604 0.001
-131 -1101 0.008405 0.001
-105 -1441 0.013724 0.001
-5 -256 0.0512 0.001
82 1364 0.016634 0.001
131 1160 0.008855 0.001
127 793 0.006244 0.001
121 556 0.004595 0.001
123 420 0.003415 0.001
123 312 0.002537 0.001
134 242 0.001806 0.001
137 168 0.001226 0.001
147 103 0.001 0.001427
155 36 0.001 0.004306
154 -36 0.001 0.004278
147 -103 0.001 0.001427
137 -168 0.001226 0.001
134 -242 0.001806 0.001
123 -312 0.002537 0.001
123 -420 0.003415 0.001
121 -556 0.004595 0.001
127 -793 0.006244 0.001
135 -1202 0.008904 0.001
79 -1322 0.016734 0.001
-82 1315 0.016037 0.001
-134 1155 0.008619 0.001
-126 757 0.006008 0.001
-125 551 0.004408 0.001
-122 396 0.003246 0.001
-126 306 0.002429 0.001
-132 227 0.00172 0.001
-142 163 0.001148 0.001
-151 97 0.001 0.001557
-153 28 0.001 0.005464
-153 -40 0.001 0.003825
-151 -109 0.001 0.001385
-141 -175 0.001241 0.001
-131 -241 0.00184 0.001
-126 -321 0.002548 0.001
-125 -435 0.00348 0.001
-124 -579 0.004669 0.001
-128 -826 0.006453 0.001
-134 -1257 0.009381 0.001
-54 -1012 0.018741 0.001
79 1267 0.016038 0.001
134 1118 0.008343 0.001
130 755 0.005808 0.001
123 525 0.004268 0.001
125 393 0.003144 0.001
131 301 0.002298 0.001
136 220 0.001618 0.001
147 155 0.001054 0.001
156 88 0.001 0.001773
158 17 0.001 0.009294
157 -52 0.001 0.003019
149 -118 0.001 0.001263
138 -180 0.001304 0.001
134 -256 0.00191 0.001
128 -341 0.002664 0.001
128 -463 0.003617 0.001
125 -615 0.00492 0.001
133 -915 0.00688 0.001
127 -1351 0.010638 0.001
22 -548 0.024909 0.001
-83 1262 0.015205 0.001
-133 1073 0.008068 0.001
-129 721 0.005589 0.001
-128 520 0.004062 0.001
-129 386 0.002992 0.001
-129 280 0.002171 0.001
-141 213 0.001511 0.001
-152 147 0.001 0.001034
-155 76 0.001 0.002039
-163 9 0.001 0.018111
-162 -63 0.001 0.002571
-152 -130 0.001 0.001169
-142 -197 0.001387 0.001
-131 -261 0.001992 0.001
-125 -345 0.00276 0.001
-124 -463 0.003734 0.001
-127 -643 0.005063 0.001
-134 -960 0.007164 0.001
-113 -1321 0.01169 0.001
-8 -304 0.038 0.001
80 1212 0.01515 0.001
137 1067 0.007788 0.001
132 712 0.005394 0.001
126 490 0.003889 0.001
127 364 0.002866 0.001
133 276 0.002075 0.001
138 200 0.001449 0.001
150 139 0.001 0.001079
159 74 0.001 0.002149
167 6 0.001 0.027833
160 -62 0.001 0.002581
150 -126 0.001 0.00119
145 -198 0.001366 0.001
134 -265 0.001978 0.001
128 -351 0.002742 0.001
127 -473 0.003724 0.001
129 -660 0.005116 0.001
135 -989 0.007326 0.001
100 -1263 0.01263 0.001
3 -153 0.051 0.001
-83 1204 0.014506 0.001
-136 1021 0.007507 0.001
-131 679 0.005183 0.001
-129 484 0.003752 0.001
-131 358 0.002733 0.001
-138 269 0.001949 0.001
-143 192 0.001343 0.001
-154 129 0.001 0.001194
-164 64 0.001 0.002562
-165 -5 0.001 0.033
-164 -73 0.001 0.002247
-153 -138 0.001 0.001109
-142 -203 0.00143 0.001
-137 -280 0.002044 0.001
-130 -372 0.002862 0.001
-128 -501 0.003914 0.001
-135 -732 0.005422 0.001
-136 -1103 0.00811 0.001
-61 -993 0.016279 0.001
81 1161 0.014333 0.001
140 1020 0.007286 0.001
136 671 0.004934 0.001
128 456 0.003562 0.001
136 351 0.002581 0.001
136 249 0.001831 0.001
148 185 0.00125 0.001
160 121 0.001 0.001322
170 53 0.001 0.003208
171 -16 0.001 0.010688
161 -83 0.001 0.00194
151 -145 0.001 0.001041
146 -218 0.001493 0.001
133 -285 0.002143 0.001
133 -393 0.002955 0.001
130 -533 0.0041 0.001
136 -781 0.005743 0.001
132 -1178 0.008924 0.001
32 -635 0.019844 0.001
-80 1114 0.013925 0.001
-138 986 0.007145 0.001
-134 646 0.004821 0.001
-132 457 0.003462 0.001
-133 334 0.002511 0.001
-140 250 0.001786 0.001
-153 184 0.001203 0.001
-164 117 0.001 0.001402
-176 48 0.001 0.003667
-176 -23 0.001 0.007652
-166 -91 0.001 0.001824
-155 -156 0.001006 0.001
-142 -219 0.001542 0.001
-136 -299 0.002199 0.001
-135 -414 0.003067 0.001
-132 -562 0.004258 0.001
-141 -862 0.006113 0.001
-116 -1160 0.01 0.001
-11 -350 0.031818 0.001
81 1105 0.013642 0.001
137 939 0.006854 0.001
137 638 0.004657 0.001
135 448 0.003319 0.001
138 324 0.002348 0.001
144 240 0.001667 0.001
157 173 0.001102 0.001
170 106 0.001 0.001604
173 36 0.001 0.004806
172 -30 0.001 0.005733
170 -100 0.001 0.0017
158 -165 0.001044 0.001
145 -232 0.0016 0.001
138 -316 0.00229 0.001
137 -437 0.00319 0.001
138 -623 0.004514 0.001
139 -920 0.006619 0.001
90 -1135 0.012611 0.001
1 -51 0.051 0.001
-80 1060 0.01325 0.001
-141 937 0.006645 0.001
-135 607 0.004496 0.001
-133 426 0.003203 0.001
-142 324 0.002282 0.001
-149 236 0.001584 0.001
-155 161 0.001039 0.001
-167 99 0.001 0.001687
-178 35 0.001 0.005086
-179 -35 0.001 0.005114
-167 -99 0.001 0.001687
-155 -161 0.001039 0.001
-149 -236 0.001584 0.001
-142 -324 0.002282 0.001
-133 -426 0.003203 0.001
-135 -607 0.004496 0.001
-141 -937 0.006645 0.001
-79 -1060 0.013418 0.001
81 1052 0.012988 0.001
139 893 0.006424 0.001
139 600 0.004317 0.001
138 417 0.003022 0.001
138 300 0.002174 0.001
146 221 0.001514 0.001
160 157 0.001 0.001019
172 95 0.001 0.001811
183 29 0.001 0.00631
183 -42 0.001 0.004357
172 -108 0.001 0.001593
158 -172 0.001089 0.001
144 -236 0.001639 0.001
138 -319 0.002312 0.001
135 -440 0.003259 0.001
143 -662 0.004629 0.001
138 -985 0.007138 0.001
53 -800 0.015094 0.001
-80 1009 0.012613 0.001
-143 893 0.006245 0.001
-138 570 0.00413 0.001
-142 415 0.002923 0.001
-144 294 0.002042 0.001
-151 213 0.001411 0.001
-166 149 0.001 0.001114
-179 85 0.001 0.002106
-189 16 0.001 0.011812
-181 -52 0.001 0.003481
-168 -114 0.001 0.001474
-154 -175 0.001136 0.001
-148 -250 0.001689 0.001
-140 -339 0.002421 0.001
-138 -468 0.003391 0.001
-143 -706 0.004937 0.001
-128 -1007 0.007867 0.001
-28 -533 0.019036 0.001
81 1003 0.012383 0.001
142 850 0.005986 0.001
142 564 0.003972 0.001
139 388 0.002791 0.001
148 290 0.001959 0.001
156 207 0.001327 0.001
171 142 0.001 0.001204
185 76 0.001 0.002434
187 8 0.001 0.023375
185 -59 0.001 0.003136
172 -124 0.001 0.001387
158 -188 0.00119 0.001
151 -267 0.001768 0.001
142 -361 0.002542 0.001
138 -499 0.003616 0.001
142 -754 0.00531 0.001
113 -1028 0.009097 0.001
8 -248 0.031 0.001
-79 958 0.012127 0.001
-146 847 0.005801 0.001
-146 558 0.003822 0.001
-144 381 0.002646 0.001
-145 268 0.001848 0.001
-161 201 0.001248 0.001
-177 135 0.001 0.001311
-191 67 0.001 0.002851
-192 -1 0.001 0.192
-191 -71 0.001 0.00269
-176 -139 0.001 0.001266
-161 -205 0.001273 0.001
-145 -273 0.001883 0.001
-143 -386 0.002699 0.001
-146 -565 0.00387 0.001
-144 -858 0.005958 0.001
-73 -917 0.012562 0.001
81 953 0.011765 0.001
144 807 0.005604 0.001
143 529 0.003699 0.001
140 361 0.002579 0.001
150 268 0.001787 0.001
157 191 0.001217 0.001
174 130 0.001 0.001338
187 67 0.001 0.002791
198 2 0.001 0.099
187 -64 0.001 0.002922
174 -126 0.001 0.001381
157 -187 0.001191 0.001
151 -264 0.001748 0.001
140 -355 0.002536 0.001
144 -522 0.003625 0.001
145 -797 0.005497 0.001
87 -943 0.010839 0.001
1 -50 0.05 0.001
-84 944 0.011238 0.001
-141 764 0.005418 0.001
-147 523 0.003558 0.001
-144 353 0.002451 0.001
-154 261 0.001695 0.001
-162 183 0.00113 0.001
-179 121 0.001 0.001479
-192 58 0.001 0.00331
-203 -8 0.001 0.025375
-192 -76 0.001 0.002526
-176 -139 0.001 0.001266
-161 -203 0.001261 0.001
-151 -285 0.001887 0.001
-149 -407 0.002732 0.001
-149 -601 0.004034 0.001
-136 -877 0.006449 0.001
-40 -611 0.015275 0.001
80 901 0.011262 0.001
145 764 0.005269 0.001
144 495 0.003438 0.001
149 353 0.002369 0.001
150 244 0.001627 0.001
168 181 0.001077 0.001
184 117 0.001 0.001573
199 54 0.001 0.003685
211 -16 0.001 0.013188
197 -85 0.001 0.002318
172 -141 0.001 0.00122
164 -215 0.001311 0.001
146 -283 0.001938 0.001
143 -400 0.002797 0.001
145 -590 0.004069 0.001
134 -902 0.006731 0.001
29 -477 0.016448 0.001
-83 894 0.010771 0.001
-150 751 0.005007 0.001
-148 483 0.003264 0.001
-146 323 0.002212 0.001
-154 237 0.001539 0.001
-174 173 0.001 0.001006
-190 109 0.001 0.001743
-205 43 0.001 0.004767
-205 -23 0.001 0.008913
-192 -87 0.001 0.002207
-176 -149 0.001 0.001181
-158 -210 0.001329 0.001
-149 -291 0.001953 0.001
-145 -413 0.002848 0.001
-145 -611 0.004214 0.001
-124 -891 0.007185 0.001
-16 -338 0.021125 0.001
79 853 0.010797 0.001
147 723 0.004918 0.001
144 464 0.003222 0.001
150 328 0.002187 0.001
160 238 0.001488 0.001
169 163 0.001 0.001037
197 108 0.001 0.001824
212 42 0.001 0.005048
213 -27 0.001 0.007889
198 -94 0.001 0.002106
181 -159 0.001 0.001138
162 -223 0.001377 0.001
151 -311 0.00206 0.001
147 -442 0.003007 0.001
151 -693 0.004589 0.001
97 -871 0.008979 0.001
2 -99 0.0495 0.001
-83 847 0.010205 0.001
-143 683 0.004776 0.001
-149 459 0.003081 0.001
-154 322 0.002091 0.001
-166 230 0.001386 0.001
-174 155 0.001 0.001123
-204 100 0.001 0.00204
-218 32 0.001 0.006812
-219 -39 0.001 0.005615
-192 -100 0.001 0.00192
-174 -159 0.001 0.001094
-165 -236 0.00143 0.001
-154 -327 0.002123 0.001
-148 -467 0.003155 0.001
-148 -732 0.004946 0.001
-69 -768 0.01113 0.001
78 803 0.010295 0.001
146 682 0.004671 0.001
154 455 0.002955 0.001
159 315 0.001981 0.001
161 212 0.001317 0.001
180 152 0.001 0.001184
199 91 0.001 0.002187
225 28 0.001 0.008036
214 -39 0.001 0.005487
197 -102 0.001 0.001931
179 -164 0.001 0.001091
159 -226 0.001421 0.001
157 -333 0.002121 0.001
151 -478 0.003166 0.001
141 -714 0.005064 0.001
60 -682 0.011367 0.001
-81 798 0.009852 0.001
-152 672 0.004421 0.001
-150 421 0.002807 0.001
-154 293 0.001903 0.001
-166 210 0.001265 0.001
-186 147 0.001 0.001265
-205 86 0.001 0.002384
-221 22 0.001 0.010045
-221 -44 0.001 0.005023
-203 -108 0.001 0.00188
-182 -173 0.001 0.001052
-162 -239 0.001475 0.001
-159 -352 0.002214 0.001
-151 -507 0.003358 0.001
-135 -759 0.005622 0.001
-32 -467 0.014594 0.001
83 792 0.009542 0.001
148 633 0.004277 0.001
155 417 0.00269 0.001
160 287 0.001794 0.001
172 202 0.001174 0.001
193 138 0.001 0.001399
212 77 0.001 0.002753
229 12 0.001 0.019083
226 -56 0.001 0.004036
196 -114 0.001 0.001719
176 -174 0.001 0.001011
165 -253 0.001533 0.001
151 -349 0.002311 0.001
151 -530 0.00351 0.001
128 -795 0.006211 0.001
15 -287 0.019133 0.001
-80 748 0.00935 0.001
-152 632 0.004158 0.001
-159 413 0.002597 0.001
-166 280 0.001687 0.001
-178 194 0.00109 0.001
-201 129 0.001 0.001558
-220 67 0.001 0.003284
-236 2 0.001 0.118
-221 -63 0.001 0.003508
-201 -126 0.001 0.001595
-179 -189 0.001056 0.001
-167 -274 0.001641 0.001
-160 -405 0.002531 0.001
-154 -621 0.004032 0.001
-86 -738 0.008581 0.001
0 -49 -1.0 0.001
82 743 0.009061 0.001
148 593 0.004007 0.001
155 387 0.002497 0.001
160 264 0.00165 0.001
172 185 0.001076 0.001
194 128 0.001 0.001516
227 73 0.001 0.00311
244 5 0.001 0.0488
229 -61 0.001 0.003754
207 -125 0.001 0.001656
174 -176 0.001011 0.001
161 -253 0.001571 0.001
157 -372 0.002369 0.001
153 -573 0.003745 0.001
94 -721 0.00767 0.001
3 -97 0.032333 0.001
-78 699 0.008962 0.001
-153 592 0.003869 0.001
-160 382 0.002388 0.001
-166 257 0.001548 0.001
-179 178 0.001 0.001006
-202 119 0.001 0.001697
-236 62 0.001 0.003806
-253 -5 0.001 0.0506
-235 -74 0.001 0.003176
-200 -132 0.001 0.001515
-176 -192 0.001091 0.001
-163 -276 0.001693 0.001
-157 -405 0.00258 0.001
-146 -624 0.004274 0.001
-56 -581 0.010375 0.001
80 693 0.008662 0.001
149 553 0.003711 0.001
155 357 0.002303 0.001
172 256 0.001488 0.001
185 174 0.001 0.001063
210 114 0.001 0.001842
246 57 0.001 0.004316
248 -11 0.001 0.022545
229 -74 0.001 0.003095
207 -136 0.001 0.001522
181 -199 0.001099 0.001
166 -288 0.001735 0.001
158 -425 0.00269 0.001
141 -659 0.004674 0.001
33 -412 0.012485 0.001
-84 687 0.008179 0.001
-156 541 0.003468 0.001
-162 344 0.002123 0.001
-167 229 0.001371 0.001
-194 166 0.001 0.001169
-219 105 0.001 0.002086
-256 46 0.001 0.005565
-257 -23 0.001 0.011174
-236 -88 0.001 0.002682
-198 -142 0.001 0.001394
-172 -202 0.001174 0.001
-168 -307 0.001827 0.001
-157 -457 0.002911 0.001
-122 -664 0.005443 0.001
-12 -235 0.019583 0.001
79 643 0.008139 0.001
149 514 0.00345 0.001
167 346 0.002072 0.001
174 227 0.001305 0.001
201 162 0.001 0.001241
228 99 0.001 0.002303
267 39 0.001 0.006846
266 -31 0.001 0.008581
230 -91 0.001 0.002527
203 -152 0.001 0.001336
176 -216 0.001227 0.001
170 -330 0.001941 0.001
154 -493 0.003201 0.001
95 -669 0.007042 0.001
1 -48 0.048 0.001
-83 637 0.007675 0.001
-157 501 0.003191 0.001
-163 314 0.001926 0.001
-181 219 0.00121 0.001
-196 145 0.001 0.001352
-238 94 0.001 0.002532
-278 31 0.001 0.008968
-262 -35 0.001 0.007486
-237 -98 0.001 0.002418
-196 -150 0.001 0.001307
-180 -225 0.00125 0.001
-161 -321 0.001994 0.001
-154 -512 0.003325 0.001
-74 -600 0.008108 0.001
77 594 0.007714 0.001
150 473 0.003153 0.001
169 315 0.001864 0.001
174 205 0.001178 0.001
204 145 0.001 0.001407
248 92 0.001 0.002696
274 29 0.001 0.009448
272 -37 0.001 0.007351
232 -92 0.001 0.002522
203 -150 0.001 0.001353
173 -211 0.00122 0.001
167 -323 0.001934 0.001
147 -484 0.003293 0.001
70 -556 0.007943 0.001
-82 587 0.007159 0.001
-158 460 0.002911 0.001
-163 284 0.001742 0.001
-183 196 0.001071 0.001
-215 137 0.001 0.001569
-261 81 0.001 0.003222
-286 18 0.001 0.015889
-283 -50 0.001 0.00566
-238 -109 0.001 0.002183
-192 -158 0.001 0.001215
-175 -234 0.001337 0.001
-164 -360 0.002195 0.001
-134 -538 0.004015 0.001
-26 -314 0.012077 0.001
75 544 0.007253 0.001
151 432 0.002861 0.001
170 285 0.001676 0.001
191 194 0.001016 0.001
225 132 0.001 0.001705
274 75 0.001 0.003653
299 10 0.001 0.0299
278 -54 0.001 0.005148
231 -107 0.001 0.002159
198 -166 0.001 0.001193
178 -247 0.001388 0.001
164 -383 0.002335 0.001
115 -532 0.004626 0.001
11 -183 0.016636 0.001
-80 537 0.006713 0.001
-160 419 0.002619 0.001
-179 270 0.001508 0.001
-203 180 0.001 0.001128
-239 116 0.001 0.00206
-290 59 0.001 0.004915
-314 -6 0.001 0.052333
-270 -66 0.001 0.004091
-220 -114 0.001 0.00193
-187 -169 0.001 0.001107
-179 -270 0.001508 0.001
-160 -419 0.002619 0.001
-79 -537 0.006797 0.001
84 529 0.006298 0.001
155 382 0.002465 0.001
173 246 0.001422 0.001
196 165 0.001 0.001188
231 110 0.001 0.0021
304 61 0.001 0.004984
331 -7 0.001 0.047286
282 -67 0.001 0.004209
229 -120 0.001 0.001908
192 -177 0.001 0.001085
170 -262 0.001541 0.001
148 -402 0.002716 0.001
65 -458 0.007046 0.001
-79 486 0.006152 0.001
-161 379 0.002354 0.001
-183 238 0.001301 0.001
-207 157 0.001 0.001318
-246 99 0.001 0.002485
-322 49 0.001 0.006571
-348 -19 0.001 0.018316
-274 -76 0.001 0.003605
-217 -123 0.001 0.001764
-196 -194 0.001 0.00101
-168 -289 0.00172 0.001
-135 -446 0.003304 0.001
-24 -261 0.010875 0.001
83 478 0.005759 0.001
156 341 0.002186 0.001
176 215 0.001222 0.001
218 152 0.001 0.001434
261 93 0.001 0.002806
342 42 0.001 0.008143
345 -25 0.001 0.0138
286 -83 0.001 0.003446
225 -134 0.001 0.001679
182 -193 0.00106 0.001
168 -311 0.001851 0.001
110 -442 0.004018 0.001
8 -133 0.016625 0.001
-77 435 0.005649 0.001
-164 337 0.002055 0.001
-186 208 0.001118 0.001
-213 132 0.001 0.001614
-277 87 0.001 0.003184
-363 34 0.001 0.010676
-364 -34 0.001 0.010706
-277 -87 0.001 0.003184
-213 -132 0.001 0.001614
-186 -208 0.001118 0.001
-164 -337 0.002055 0.001
-76 -435 0.005724 0.001
81 426 0.005259 0.001
159 300 0.001887 0.001
179 184 0.001028 0.001
226 128 0.001 0.001766
296 80 0.001 0.0037
387 26 0.001 0.014885
361 -39 0.001 0.009256
268 -85 0.001 0.003153
221 -141 0.001 0.001567
189 -224 0.001185 0.001
144 -331 0.002299 0.001
49 -324 0.006612 0.001
-76 384 0.005053 0.001
-166 295 0.001777 0.001
-191 176 0.001 0.001085
-243 117 0.001 0.002077
-319 68 0.001 0.004691
-416 12 0.001 0.034667
-355 -46 0.001 0.007717
-255 -90 0.001 0.002833
-206 -140 0.001 0.001471
-174 -216 0.001241 0.001
-136 -353 0.002596 0.001
-23 -207 0.009 0.001
81 374 0.004617 0.001
161 258 0.001602 0.001
205 166 0.001 0.001235
263 105 0.001 0.002505
374 58 0.001 0.006448
446 -5 0.001 0.0892
344 -60 0.001 0.005733
238 -98 0.001 0.002429
205 -166 0.001 0.001235
161 -258 0.001602 0.001
82 -374 0.004561 0.001
-74 333 0.0045 0.001
-151 231 0.00153 0.001
-193 151 0.001 0.001278
-252 99 0.001 0.002545
-370 56 0.001 0.006607
-481 0 0.001 -1.0
-370 -56 0.001 0.006607
-252 -99 0.001 0.002545
-193 -151 0.001 0.001278
-151 -231 0.00153 0.001
-73 -333 0.004562 0.001
80 321 0.004013 0.001
166 215 0.001295 0.001
214 133 0.001 0.001609
280 80 0.001 0.0035
441 40 0.001 0.011025
516 -22 0.001 0.023455
323 -67 0.001 0.004821
227 -111 0.001 0.002045
183 -185 0.001011 0.001
118 -284 0.002407 0.001
12 -120 0.01 0.001
-73 280 0.003836 0.001
-153 189 0.001235 0.001
-201 119 0.001 0.001689
-301 78 0.001 0.003859
-481 35 0.001 0.013743
-559 -26 0.001 0.0215
-310 -66 0.001 0.004697
-210 -104 0.001 0.002019
-167 -170 0.001018 0.001
-100 -256 0.00256 0.001
-5 -79 0.0158 0.001
80 267 0.003338 0.001
171 171 0.001 0.001
227 99 0.001 0.002293
341 58 0.001 0.005879
656 15 0.001 0.043733
476 -43 0.001 0.01107
277 -84 0.001 0.003298
195 -142 0.001 0.001373
122 -228 0.001869 0.001
15 -113 0.007533 0.001
79 1474 0.018658 0.001
132 1333 0.010098 0.001
121 872 0.007207 0.001
116 626 0.005397 0.001
117 479 0.004094 0.001
118 362 0.003068 0.001
123 277 0.002252 0.001
126 201 0.001595 0.001
134 137 0.001022 0.001
142 70 0.001 0.002029
143 0 0.001 -1.0
142 -70 0.001 0.002029
134 -137 0.001022 0.001
126 -201 0.001595 0.001
123 -277 0.002252 0.001
118 -362 0.003068 0.001
117 -479 0.004094 0.001
116 -626 0.005397 0.001
121 -872 0.007207 0.001
132 -1333 0.010098 0.001
80 -1474 0.018425 0.001
-83 1467 0.017675 0.001
-132 1284 0.009727 0.001
-124 861 0.006944 0.001
-120 613 0.005108 0.001
-117 450 0.003846 0.001
-117 338 0.002889 0.001
-127 268 0.00211 0.001
-130 192 0.001477 0.001
-139 126 0.001 0.001103
-146 58 0.001 0.002517
-147 -14 0.001 0.0105
-140 -81 0.001 0.001728
-138 -153 0.001109 0.001
-129 -219 0.001698 0.001
-120 -285 0.002375 0.001
-120 -387 0.003225 0.001
-120 -512 0.004267 0.001
-121 -697 0.00576 0.001
-125 -975 0.0078 0.001
-127 -1445 0.011378 0.001
-38 -889 0.023395 0.001
81 1419 0.017519 0.001
131 1246 0.009511 0.001
124 831 0.006702 0.001
119 590 0.004958 0.001
120 449 0.003742 0.001
121 336 0.002777 0.001
125 254 0.002032 0.001
135 188 0.001393 0.001
143 121 0.001 0.001182
146 50 0.001 0.00292
145 -17 0.001 0.008529
145 -87 0.001 0.001667
136 -152 0.001118 0.001
127 -215 0.001693 0.001
123 -292 0.002374 0.001
118 -378 0.003203 0.001
118 -500 0.004237 0.001
120 -680 0.005667 0.001
128 -989 0.007727 0.001
127 -1476 0.011622 0.001
28 -698 0.024929 0.001
-80 1367 0.017088 0.001
-131 1206 0.009206 0.001
-127 827 0.006512 0.001
-122 584 0.004787 0.001
-119 424 0.003563 0.001
-125 330 0.00264 0.001
-129 247 0.001915 0.001
-138 180 0.001304 0.001
-142 109 0.001 0.001303
-150 43 0.001 0.003488
-149 -26 0.001 0.005731
-148 -97 0.001 0.001526
-140 -165 0.001179 0.001
-130 -231 0.001777 0.001
-125 -311 0.002488 0.001
-120 -402 0.00335 0.001
-119 -532 0.004471 0.001
-125 -755 0.00604 0.001
-131 -1101 0.008405 0.001
-105 -1441 0.013724 0.001
-5 -256 0.0512 0.001
82 1364 0.016634 0.001
131 1160 0.008855 0.001
127 793 0.006244 0.001
121 556 0.004595 0.001
123 420 0.003415 0.001
123 312 0.002537 0.001
134 242 0.001806 0.001
137 168 0.001226 0.001
147 103 0.001 0.001427
155 36 0.001 0.004306
154 -36 0.001 0.004278
147 -103 0.001 0.001427
137 -168 0.001226 0.001
134 -242 0.001806 0.001
123 -312 0.002537 0.001
123 -420 0.003415 0.001
121 -556 0.004595 0.001
127 -793 0.006244 0.001
135 -1202 0.008904 0.001
79 -1322 0.016734 0.001
-82 1315 0.016037 0.001
-134 1155 0.008619 0.001
-126 757 0.006008 0.001
-125 551 0.004408 0.001
-122 396 0.003246 0.001
-126 306 0.002429 0.001
-132 227 0.00172 0.001
-142 163 0.001148 0.001
-151 97 0.001 0.001557
-153 28 0.001 0.005464
-153 -40 0.001 0.003825
-151 -109 0.001 0.001385
-141 -175 0.001241 0.001
-131 -241 0.00184 0.001
-126 -321 0.002548 0.001
-125 -435 0.00348 0.001
-124 -579 0.004669 0.001
-128 -826 0.006453 0.001
-134 -1257 0.009381 0.001
-54 -1012 0.018741 0.001
79 1267 0.016038 0.001
134 1118 0.008343 0.001
130 755 0.005808 0.001
123 525 0.004268 0.001
125 393 0.003144 0.001
131 301 0.002298 0.001
136 220 0.001618 0.001
147 155 0.001054 0.001
156 88 0.001 0.001773
158 17 0.001 0.009294
157 -52 0.001 0.003019
149 -118 0.001 0.001263
138 -180 0.001304 0.001
134 -256 0.00191 0.001
128 -341 0.002664 0.001
128 -463 0.003617 0.001
125 -615 0.00492 0.001
133 -915 0.00688 0.001
127 -1351 0.010638 0.001
22 -548 0.024909 0.001
-83 1262 0.015205 0.001
-133 1073 0.008068 0.001
-129 721 0.005589 0.001
-128 520 0.004062 0.001
-129 386 0.002992 0.001
-129 280 0.002171 0.001
-141 213 0.001511 0.001
-152 147 0.001 0.001034
-155 76 0.001 0.002039
-163 9 0.001 0.018111
-162 -63 0.001 0.002571
-152 -130 0.001 0.001169
-142 -197 0.001387 0.001
-131 -261 0.001992 0.001
-125 -345 0.00276 0.001
-124 -463 0.003734 0.001
-127 -643 0.005063 0.001
-134 -960 0.007164 0.001
-113 -1321 0.01169 0.001
-8 -304 0.038 0.001
80 1212 0.01515 0.001
137 1067 0.007788 0.001
132 712 0.005394 0.001
126 490 0.003889 0.001
127 364 0.002866 0.001
133 276 0.002075 0.001
138 200 0.001449 0.001
150 139 0.001 0.001079
159 74 0.001 0.002149
167 6 0.001 0.027833
160 -62 0.001 0.002581
150 -126 0.001 0.00119
145 -198 0.001366 0.001
134 -265 0.001978 0.001
128 -351 0.002742 0.001
127 -473 0.003724 0.001
129 -660 0.005116 0.001
135 -989 0.007326 0.001
100 -1263 0.01263 0.001
3 -153 0.051 0.001
-83 1204 0.014506 0.001
-136 1021 0.007507 0.001
-131 679 0.005183 0.001
-129 484 0.003752 0.001
-131 358 0.002733 0.001
-138 269 0.001949 0.001
-143 192 0.001343 0.001
-154 129 0.001 0.001194
-164 64 0.001 0.002562
-165 -5 0.001 0.033
-164 -73 0.001 0.002247
-153 -138 0.001 0.001109
-142 -203 0.00143 0.001
-137 -280 0.002044 0.001
-130 -372 0.002862 0.001
-128 -501 0.003914 0.001
-135 -732 0.005422 0.001
-136 -1103 0.00811 0.001
-61 -993 0.016279 0.001
81 1161 0.014333 0.001
140 1020 0.007286 0.001
136 671 0.004934 0.001
128 456 0.003562 0.001
136 351 0.002581 0.001
136 249 0.001831 0.001
148 185 0.00125 0.001
160 121 0.001 0.001322
170 53 0.001 0.003208
171 -16 0.001 0.010688
161 -83 0.001 0.00194
151 -145 0.001 0.001041
146 -218 0.001493 0.001
133 -285 0.002143 0.001
133 -393 0.002955 0.001
130 -533 0.0041 0.001
136 -781 0.005743 0.001
132 -1178 0.008924 0.001
32 -635 0.019844 0.001
-80 1114 0.013925 0.001
-138 986 0.007145 0.001
-134 646 0.004821 0.001
-132 457 0.003462 0.001
-133 334 0.002511 0.001
-140 250 0.001786 0.001
-153 184 0.001203 0.001
-164 117 0.001 0.001402
-176 48 0.001 0.003667
-176 -23 0.001 0.007652
-166 -91 0.001 0.001824
-155 -156 0.001006 0.001
-142 -219 0.001542 0.001
-136 -299 0.002199 0.001
-135 -414 0.003067 0.001
-132 -562 0.004258 0.001
-141 -862 0.006113 0.001
-116 -1160 0.01 0.001
-11 -350 0.031818 0.001
81 1105 0.013642 0.001
137 939 0.006854 0.001
137 638 0.004657 0.001
135 448 0.003319 0.001
138 324 0.002348 0.001
144 240 0.001667 0.001
157 173 0.001102 0.001
170 106 0.001 0.001604
173 36 0.001 0.004806
172 -30 0.001 0.005733
170 -100 0.001 0.0017
158 -165 0.001044 0.001
145 -232 0.0016 0.001
138 -316 0.00229 0.001
137 -437 0.00319 0.001
138 -623 0.004514 0.001
139 -920 0.006619 0.001
90 -1135 0.012611 0.001
1 -51 0.051 0.001
-80 1060 0.01325 0.001
-141 937 0.006645 0.001
-135 607 0.004496 0.001
-133 426 0.003203 0.001
-142 324 0.002282 0.001
-149 236 0.001584 0.001
-155 161 0.001039 0.001
-167 99 0.001 0.001687
-178 35 0.001 0.005086
-179 -35 0.001 0.005114
-167 -99 0.001 0.001687
-155 -161 0.001039 0.001
-149 -236 0.001584 0.001
-142 -324 0.002282 0.001
-133 -426 0.003203 0.001
-135 -607 0.004496 0.001
-141 -937 0.006645 0.001
-79 -1060 0.013418 0.001
81 1052 0.012988 0.001
139 893 0.006424 0.001
139 600 0.004317 0.001
138 417 0.003022 0.001
138 300 0.002174 0.001
146 221 0.001514 0.001
160 157 0.001 0.001019
172 95 0.001 0.001811
183 29 0.001 0.00631
183 -42 0.001 0.004357
172 -108 0.001 0.001593
158 -172 0.001089 0.001
144 -236 0.001639 0.001
138 -319 0.002312 0.001
135 -440 0.003259 0.001
143 -662 0.004629 0.001
138 -985 0.007138 0.001
53 -800 0.015094 0.001
-80 1009 0.012613 0.001
-143 893 0.006245 0.001
-138 570 0.00413 0.001
-142 415 0.002923 0.001
-144 294 0.002042 0.001
-151 213 0.001411 0.001
-166 149 0.001 0.001114
-179 85 0.001 0.002106
-189 16 0.001 0.011812
-181 -52 0.001 0.003481
-168 -114 0.001 0.001474
-154 -175 0.001136 0.001
-148 -250 0.001689 0.001
-140 -339 0.002421 0.001
-138 -468 0.003391 0.001
-143 -706 0.004937 0.001
-128 -1007 0.007867 0.001
-28 -533 0.019036 0.001
81 1003 0.012383 0.001
142 850 0.005986 0.001
142 564 0.003972 0.001
139 388 0.002791 0.001
148 290 0.001959 0.001
156 207 0.001327 0.001
171 142 0.001 0.001204
185 76 0.001 0.002434
187 8 0.001 0.023375
185 -59 0.001 0.003136
172 -124 0.001 0.001387
158 -188 0.00119 0.001
151 -267 0.001768 0.001
142 -361 0.002542 0.001
138 -499 0.003616 0.001
142 -754 0.00531 0.001
113 -1028 0.009097 0.001
8 -248 0.031 0.001
-79 958 0.012127 0.001
-146 847 0.005801 0.001
-146 558 0.003822 0.001
-144 381 0.002646 0.001
-145 268 0.001848 0.001
-161 201 0.001248 0.001
-177 135 0.001 0.001311
-191 67 0.001 0.002851
-192 -1 0.001 0.192
-191 -71 0.001 0.00269
-176 -139 0.001 0.001266
-161 -205 0.001273 0.001
-145 -273 0.001883 0.001
-143 -386 0.002699 0.001
-146 -565 0.00387 0.001
-144 -858 0.005958 0.001
-73 -917 0.012562 0.001
81 953 0.011765 0.001
144 807 0.005604 0.001
143 529 0.003699 0.001
140 361 0.002579 0.001
150 268 0.001787 0.001
157 191 0.001217 0.001
174 130 0.001 0.001338
187 67 0.001 0.002791
198 2 0.001 0.099
187 -64 0.001 0.002922
174 -126 0.001 0.001381
157 -187 0.001191 0.001
151 -264 0.001748 0.001
140 -355 0.002536 0.001
144 -522 0.003625 0.001
145 -797 0.005497 0.001
87 -943 0.010839 0.001
1 -50 0.05 0.001
-84 944 0.011238 0.001
-141 764 0.005418 0.001
-147 523 0.003558 0.001
-144 353 0.002451 0.001
-154 261 0.001695 0.001
-162 183 0.00113 0.001
-179 121 0.001 0.001479
-192 58 0.001 0.00331
-203 -8 0.001 0.025375
-192 -76 0.001 0.002526
-176 -139 0.001 0.001266
-161 -203 0.001261 0.001
-151 -285 0.001887 0.001
-149 -407 0.002732 0.001
-149 -601 0.004034 0.001
-136 -877 0.006449 0.001
-40 -611 0.015275 0.001
80 901 0.011262 0.001
145 764 0.005269 0.001
144 495 0.003438 0.001
149 353 0.002369 0.001
150 244 0.001627 0.001
168 181 0.001077 0.001
184 117 0.001 0.001573
199 54 0.001 0.003685
211 -16 0.001 0.013188
197 -85 0.001 0.002318
172 -141 0.001 0.00122
164 -215 0.001311 0.001
146 -283 0.001938 0.001
143 -400 0.002797 0.001
145 -590 0.004069 0.001
134 -902 0.006731 0.001
29 -477 0.016448 0.001
-83 894 0.010771 0.001
-150 751 0.005007 0.001
-148 483 0.003264 0.001
-146 323 0.002212 0.001
-154 237 0.001539 0.001
-174 173 0.001 0.001006
-190 109 0.001 0.001743
-205 43 0.001 0.004767
-205 -23 0.001 0.008913
-192 -87 0.001 0.002207
-176 -149 0.001 0.001181
-158 -210 0.001329 0.001
-149 -291 0.001953 0.001
-145 -413 0.002848 0.001
-145 -611 0.004214 0.001
-124 -891 0.007185 0.001
-16 -338 0.021125 0.001
79 853 0.010797 0.001
147 723 0.004918 0.001
144 464 0.003222 0.001
150 328 0.002187 0.001
160 238 0.001488 0.001
169 163 0.001 0.001037
197 108 0.001 0.001824
212 42 0.001 0.005048
213 -27 0.001 0.007889
198 -94 0.001 0.002106
181 -159 0.001 0.001138
162 -223 0.001377 0.001
151 -311 0.00206 0.001
147 -442 0.003007 0.001
151 -693 0.004589 0.001
97 -871 0.008979 0.001
2 -99 0.0495 0.001
-83 847 0.010205 0.001
-143 683 0.004776 0.001
-149 459 0.003081 0.001
-154 322 0.002091 0.001
-166 230 0.001386 0.001
-174 155 0.001 0.001123
-204 100 0.001 0.00204
-218 32 0.001 0.006812
-219 -39 0.001 0.005615
-192 -100 0.001 0.00192
-174 -159 0.001 0.001094
-165 -236 0.00143 0.001
-154 -327 0.002123 0.001
-148 -467 0.003155 0.001
-148 -732 0.004946 0.001
-69 -768 0.01113 0.001
78 803 0.010295 0.001
146 682 0.004671 0.001
154 455 0.002955 0.001
159 315 0.001981 0.001
161 212 0.001317 0.001
180 152 0.001 0.001184
199 91 0.001 0.002187
225 28 0.001 0.008036
214 -39 0.001 0.005487
197 -102 0.001 0.001931
179 -164 0.001 0.001091
159 -226 0.001421 0.001
157 -333 0.002121 0.001
151 -478 0.003166 0.001
141 -714 0.005064 0.001
60 -682 0.011367 0.001
-81 798 0.009852 0.001
-152 672 0.004421 0.001
-150 421 0.002807 0.001
-154 293 0.001903 0.001
-166 210 0.001265 0.001
-186 147 0.001 0.001265
-205 86 0.001 0.002384
-221 22 0.001 0.010045
-221 -44 0.001 0.005023
-203 -108 0.001 0.00188
-182 -173 0.001 0.001052
-162 -239 0.001475 0.001
-159 -352 0.002214 0.001
-151 -507 0.003358 0.001
-135 -759 0.005622 0.001
-32 -467 0.014594 0.001
83 792 0.009542 0.001
148 633 0.004277 0.001
155 417 0.00269 0.001
160 287 0.001794 0.001
172 202 0.001174 0.001
193 138 0.001 0.001399
212 77 0.001 0.002753
229 12 0.001 0.019083
226 -56 0.001 0.004036
196 -114 0.001 0.001719
176 -174 0.001 0.001011
165 -253 0.001533 0.001
151 -349 0.002311 0.001
151 -530 0.00351 0.001
128 -795 0.006211 0.001
15 -287 0.019133 0.001
-80 748 0.00935 0.001
-152 632 0.004158 0.001
-159 413 0.002597 0.001
-166 280 0.001687 0.001
-178 194 0.00109 0.001
-201 129 0.001 0.001558
-220 67 0.001 0.003284
-236 2 0.001 0.118
-221 -63 0.001 0.003508
-201 -126 0.001 0.001595
-179 -189 0.001056 0.001
-167 -274 0.001641 0.001
-160 -405 0.002531 0.001
-154 -621 0.004032 0.001
-86 -738 0.008581 0.001
0 -49 -1.0 0.001
82 743 0.009061 0.001
148 593 0.004007 0.001
155 387 0.002497 0.001
160 264 0.00165 0.001
172 185 0.001076 0.001
194 128 0.001 0.001516
227 73 0.001 0.00311
244 5 0.001 0.0488
229 -61 0.001 0.003754
207 -125 0.001 0.001656
174 -176 0.001011 0.001
161 -253 0.001571 0.001
157 -372 0.002369 0.001
153 -573 0.003745 0.001
94 -721 0.00767 0.001
3 -97 0.032333 0.001
-78 699 0.008962 0.001
-153 592 0.003869 0.001
-160 382 0.002388 0.001
-166 257 0.001548 0.001
-179 178 0.001 0.001006
-202 119 0.001 0.001697
-236 62 0.001 0.003806
-253 -5 0.001 0.0506
-235 -74 0.001 0.003176
-200 -132 0.001 0.001515
-176 -192 0.001091 0.001
-163 -276 0.001693 0.001
-157 -405 0.00258 0.001
-146 -624 0.004274 0.001
-56 -581 0.010375 0.001
80 693 0.008662 0.001
149 553 0.003711 0.001
155 357 0.002303 0.001
172 256 0.001488 0.001
185 174 0.001 0.001063
210 114 0.001 0.001842
246 57 0.001 0.004316
248 -11 0.001 0.022545
229 -74 0.001 0.003095
207 -136 0.001 0.001522
181 -199 0.001099 0.001
166 -288 0.001735 0.001
158 -425 0.00269 0.001
141 -659 0.004674 0.001
33 -412 0.012485 0.001
-84 687 0.008179 0.001
-156 541 0.003468 0.001
-162 344 0.002123 0.001
-167 229 0.001371 0.001
-194 166 0.001 0.001169
-219 105 0.001 0.002086
-256 46 0.001 0.005565
-257 -23 0.001 0.011174
-236 -88 0.001 0.002682
-198 -142 0.001 0.001394
-172 -202 0.001174 0.001
-168 -307 0.001827 0.001
-157 -457 0.002911 0.001
-122 -664 0.005443 0.001
-12 -235 0.019583 0.001
79 643 0.008139 0.001
149 514 0.00345 0.001
167 346 0.002072 0.001
174 227 0.001305 0.001
201 162 0.001 0.001241
228 99 0.001 0.002303
267 39 0.001 0.006846
266 -31 0.001 0.008581
230 -91 0.001 0.002527
203 -152 0.001 0.001336
176 -216 0.001227 0.001
170 -330 0.001941 0.001
154 -493 0.003201 0.001
95 -669 0.007042 0.001
1 -48 0.048 0.001
-83 637 0.007675 0.001
-157 501 0.003191 0.001
-163 314 0.001926 0.001
-181 219 0.00121 0.001
-196 145 0.001 0.001352
-238 94 0.001 0.002532
-278 31 0.001 0.008968
-262 -35 0.001 0.007486
-237 -98 0.001 0.002418
-196 -150 0.001 0.001307
-180 -225 0.00125 0.001
-161 -321 0.001994 0.001
-154 -512 0.003325 0.001
-74 -600 0.008108 0.001
77 594 0.007714 0.001
150 473 0.003153 0.001
169 315 0.001864 0.001
174 205 0.001178 0.001
204 145 0.001 0.001407
248 92 0.001 0.002696
274 29 0.001 0.009448
272 -37 0.001 0.007351
232 -92 0.001 0.002522
203 -150 0.001 0.001353
173 -211 0.00122 0.001
167 -323 0.001934 0.001
147 -484 0.003293 0.001
70 -556 0.007943 0.001
-82 587 0.007159 0.001
-158 460 0.002911 0.001
-163 284 0.001742 0.001
-183 196 0.001071 0.001
-215 137 0.001 0.001569
-261 81 0.001 0.003222
-286 18 0.001 0.015889
-283 -50 0.001 0.00566
-238 -109 0.001 0.002183
-192 -158 0.001 0.001215
-175 -234 0.001337 0.001
-164 -360 0.002195 0.001
-134 -538 0.004015 0.001
-26 -314 0.012077 0.001
75 544 0.007253 0.001
151 432 0.002861 0.001
170 285 0.001676 0.001
191 194 0.001016 0.001
225 132 0.001 0.001705
274 75 0.001 0.003653
299 10 0.001 0.0299
278 -54 0.001 0.005148
231 -107 0.001 0.002159
198 -166 0.001 0.001193
178 -247 0.001388 0.001
164 -383 0.002335 0.001
115 -532 0.004626 0.001
11 -183 0.016636 0.001
-80 537 0.006713 0.001
-160 419 0.002619 0.001
-179 270 0.001508 0.001
-203 180 0.001 0.001128
-239 116 0.001 0.00206
-290 59 0.001 0.004915
-314 -6 0.001 0.052333
-270 -66 0.001 0.004091
-220 -114 0.001 0.00193
-187 -169 0.001 0.001107
-179 -270 0.001508 0.001
-160 -419 0.002619 0.001
-79 -537 0.006797 0.001
84 529 0.006298 0.001
155 382 0.002465 0.001
173 246 0.001422 0.001
196 165 0.001 0.001188
231 110 0.001 0.0021
304 61 0.001 0.004984
331 -7 0.001 0.047286
282 -67 0.001 0.004209
229 -120 0.001 0.001908
192 -177 0.001 0.001085
170 -262 0.001541 0.001
148 -402 0.002716 0.001
65 -458 0.007046 0.001
-79 486 0.006152 0.001
-161 379 0.002354 0.001
-183 238 0.001301 0.001
-207 157 0.001 0.001318
-246 99 0.001 0.002485
-322 49 0.001 0.006571
-348 -19 0.001 0.018316
-274 -76 0.001 0.003605
-217 -123 0.001 0.001764
-196 -194 0.001 0.00101
-168 -289 0.00172 0.001
-135 -446 0.003304 0.001
-24 -261 0.010875 0.001
83 478 0.005759 0.001
156 341 0.002186 0.001
176 215 0.001222 0.001
218 152 0.001 0.001434
261 93 0.001 0.002806
342 42 0.001 0.008143
345 -25 0.001 0.0138
286 -83 0.001 0.003446
225 -134 0.001 0.001679
182 -193 0.00106 0.001
168 -311 0.001851 0.001
110 -442 0.004018 0.001
8 -133 0.016625 0.001
-77 435 0.005649 0.001
-164 337 0.002055 0.001
-186 208 0.001118 0.001
-213 132 0.001 0.001614
-277 87 0.001 0.003184
-363 34 0.001 0.010676
-364 -34 0.001 0.010706
-277 -87 0.001 0.003184
-213 -132 0.001 0.001614
-186 -208 0.001118 0.001
-164 -337 0.002055 0.001
-76 -435 0.005724 0.001
81 426 0.005259 0.001
159 300 0.001887 0.001
179 184 0.001028 0.001
226 128 0.001 0.001766
296 80 0.001 0.0037
387 26 0.001 0.014885
361 -39 0.001 0.009256
268 -85 0.001 0.003153
221 -141 0.001 0.001567
189 -224 0.001185 0.001
144 -331 0.002299 0.001
49 -324 0.006612 0.001
-76 384 0.005053 0.001
-166 295 0.001777 0.001
-191 176 0.001 0.001085
-243 117 0.001 0.002077
-319 68 0.001 0.004691
-416 12 0.001 0.034667
-355 -46 0.001 0.007717
-255 -90 0.001 0.002833
-206 -140 0.001 0.001471
-174 -216 0.001241 0.001
-136 -353 0.002596 0.001
-23 -207 0.009 0.001
81 374 0.004617 0.001
161 258 0.001602 0.001
205 166 0.001 0.001235
263 105 0.001 0.002505
374 58 0.001 0.006448
446 -5 0.001 0.0892
344 -60 0.001 0.005733
238 -98 0.001 0.002429
205 -166 0.001 0.001235
161 -258 0.001602 0.001
82 -374 0.004561 0.001
-74 333 0.0045 0.001
-151 231 0.00153 0.001
-193 151 0.001 0.001278
-252 99 0.001 0.002545
-370 56 0.001 0.006607
-481 0 0.001 -1.0
-370 -56 0.001 0.006607
-252 -99 0.001 0.002545
-193 -151 0.001 0.001278
-151 -231 0.00153 0.001
-73 -333 0.004562 0.001
80 321 0.004013 0.001
166 215 0.001295 0.001
214 133 0.001 0.001609
280 80 0.001 0.0035
441 40 0.001 0.011025
516 -22 0.001 0.023455
323 -67 0.001 0.004821
227 -111 0.001 0.002045
183 -185 0.001011 0.001
118 -284 0.002407 0.001
12 -120 0.01 0.001
-73 280 0.003836 0.001
-153 189 0.001235 0.001
-201 119 0.001 0.001689
-301 78 0.001 0.003859
-481 35 0.001 0.013743
-559 -26 0.001 0.0215
-310 -66 0.001 0.004697
-210 -104 0.001 0.002019
-167 -170 0.001018 0.001
-100 -256 0.00256 0.001
-5 -79 0.0158 0.001
80 267 0.003338 0.001
171 171 0.001 0.001
227 99 0.001 0.002293
341 58 0.001 0.005879
656 15 0.001 0.043733
476 -43 0.001 0.01107
277 -84 0.001 0.003298
195 -142 0.001 0.001373
122 -228 0.001869 0.001
15 -113 0.007533 0.001
79 1474 0.018658 0.001
132 1333 0.010098 0.001
121 872 0.007207 0.001
116 626 0.005397 0.001
117 479 0.004094 0.001
118 362 0.003068 0.001
123 277 0.002252 0.001
126 201 0.001595 0.001
134 137 0.001022 0.001
142 70 0.001 0.002029
143 0 0.001 -1.0
142 -70 0.001 0.002029
134 -137 0.001022 0.001
126 -201 0.001595 0.001
123 -277 0.002252 0.001
118 -362 0.003068 0.001
117 -479 0.004094 0.001
116 -626 0.005397 0.001
121 -872 0.007207 0.001
132 -1333 0.010098 0.001
80 -1474 0.018425 0.001
-83 1467 0.017675 0.001
-132 1284 0.009727 0.001
-124 861 0.006944 0.001
-120 613 0.005108 0.001
-117 450 0.003846 0.001
-117 338 0.002889 0.001
-127 268 0.00211 0.001
-130 192 0.001477 0.001
-139 126 0.001 0.001103
-146 58 0.001 0.002517
-147 -14 0.001 0.0105
-140 -81 0.001 0.001728
-138 -153 0.001109 0.001
-129 -219 0.001698 0.001
-120 -285 0.002375 0.001
-120 -387 0.003225 0.001
-120 -512 0.004267 0.001
-121 -697 0.00576 0.001
-125 -975 0.0078 0.001
-127 -1445 0.011378 0.001
-38 -889 0.023395 0.001
81 1419 0.017519 0.001
131 1246 0.009511 0.001
124 831 0.006702 0.001
119 590 0.004958 0.001
120 449 0.003742 0.001
121 336 0.002777 0.001
125 254 0.002032 0.001
135 188 0.001393 0.001
143 121 0.001 0.001182
146 50 0.001 0.00292
145 -17 0.001 0.008529
145 -87 0.001 0.001667
136 -152 0.001118 0.001
127 -215 0.001693 0.001
123 -292 0.002374 0.001
118 -378 0.003203 0.001
118 -500 0.004237 0.001
120 -680 0.005667 0.001
128 -989 0.007727 0.001
127 -1476 0.011622 0.001
28 -698 0.024929 0.001
-80 1367 0.017088 0.001
-131 1206 0.009206 0.001
-127 827 0.006512 0.001
-122 584 0.004787 0.001
-119 424 0.003563 0.001
-125 330 0.00264 0.001
-129 247 0.001915 0.001
-138 180 0.001304 0.001
-142 109 0.001 0.001303
-150 43 0.001 0.003488
-149 -26 0.001 0.005731
-148 -97 0.001 0.001526
-140 -165 0.001179 0.001
-130 -231 0.001777 0.001
-125 -311 0.002488 0.001
-120 -402 0.00335 0.001
-119 -532 0.004471 0.001
-125 -755 0.00604 0.001
-131 -1101 0.008405 0.001
-105 -1441 0.013724 0.001
-5 -256 0.0512 0.001
82 1364 0.016634 0.001
131 1160 0.008855 0.001
127 793 0.006244 0.001
121 556 0.004595 0.001
123 420 0.003415 0.001
123 312 0.002537 0.001
134 242 0.001806 0.001
137 168 0.001226 0.001
147 103 0.001 0.001427
155 36 0.001 0.004306
154 -36 0.001 0.004278
147 -103 0.001 0.001427
137 -168 0.001226 0.001
134 -242 0.001806 0.001
123 -312 0.002537 0.001
123 -420 0.003415 0.001
121 -556 0.004595 0.001
127 -793 0.006244 0.001
135 -1202 0.008904 0.001
79 -1322 0.016734 0.001
-82 1315 0.016037 0.001
-134 1155 0.008619 0.001
-126 757 0.006008 0.001
-125 551 0.004408 0.001
-122 396 0.003246 0.001
-126 306 0.002429 0.001
-132 227 0.00172 0.001
-142 163 0.001148 0.001
-151 97 0.001 0.001557
-153 28 0.001 0.005464
-153 -40 0.001 0.003825
-151 -109 0.001 0.001385
-141 -175 0.001241 0.001
-131 -241 0.00184 0.001
-126 -321 0.002548 0.001
-125 -435 0.00348 0.001
-124 -579 0.004669 0.001
-128 -826 0.006453 0.001
-134 -1257 0.009381 0.001
-54 -1012 0.018741 0.001
79 1267 0.016038 0.001
134 1118 0.008343 0.001
130 755 0.005808 0.001
123 525 0.004268 0.001
125 393 0.003144 0.001
131 301 0.002298 0.001
136 220 0.001618 0.001
147 155 0.001054 0.001
156 88 0.001 0.001773
158 17 0.001 0.009294
157 -52 0.001 0.003019
149 -118 0.001 0.001263
138 -180 0.001304 0.001
134 -256 0.00191 0.001
128 -341 0.002664 0.001
128 -463 0.003617 0.001
125 -615 0.00492 0.001
133 -915 0.00688 0.001
127 -1351 0.010638 0.001
22 -548 0.024909 0.001
-83 1262 0.015205 0.001
-133 1073 0.008068 0.001
-129 721 0.005589 0.001
-128 520 0.004062 0.001
-129 386 0.002992 0.001
-129 280 0.002171 0.001
-141 213 0.001511 0.001
-152 147 0.001 0.001034
-155 76 0.001 0.002039
-163 9 0.001 0.018111
-162 -63 0.001 0.002571
-152 -130 0.001 0.001169
-142 -197 0.001387 0.001
-131 -261 0.001992 0.001
-125 -345 0.00276 0.001
-124 -463 0.003734 0.001
-127 -643 0.005063 0.001
-134 -960 0.007164 0.001
-113 -1321 0.01169 0.001
-8 -304 0.038 0.001
80 1212 0.01515 0.001
137 1067 0.007788 0.001
132 712 0.005394 0.001
126 490 0.003889 0.001
127 364 0.002866 0.001
133 276 0.002075 0.001
138 200 0.001449 0.001
150 139 0.001 0.001079
159 74 0.001 0.002149
167 6 0.001 0.027833
160 -62 0.001 0.002581
150 -126 0.001 0.00119
145 -198 0.001366 0.001
134 -265 0.001978 0.001
128 -351 0.002742 0.001
127 -473 0.003724 0.001
129 -660 0.005116 0.001
135 -989 0.007326 0.001
100 -1263 0.01263 0.001
3 -153 0.051 0.001
-83 1204 0.014506 0.001
-136 1021 0.007507 0.001
-131 679 0.005183 0.001
-129 484 0.003752 0.001
-131 358 0.002733 0.001
-138 269 0.001949 0.001
-143 192 0.001343 0.001
-154 129 0.001 0.001194
-164 64 0.001 0.002562
-165 -5 0.001 0.033
-164 -73 0.001 0.002247
-153 -138 0.001 0.001109
-142 -203 0.00143 0.001
-137 -280 0.002044 0.001
-130 -372 0.002862 0.001
-128 -501 0.003914 0.001
-135 -732 0.005422 0.001
-136 -1103 0.00811 0.001
-61 -993 0.016279 0.001
81 1161 0.014333 0.001
140 1020 0.007286 0.001
136 671 0.004934 0.001
128 456 0.003562 0.001
136 351 0.002581 0.001
136 249 0.001831 0.001
148 185 0.00125 0.001
160 121 0.001 0.001322
170 53 0.001 0.003208
171 -16 0.001 0.010688
161 -83 0.001 0.00194
151 -145 0.001 0.001041
146 -218 0.001493 0.001
133 -285 0.002143 0.001
133 -393 0.002955 0.001
130 -533 0.0041 0.001
136 -781 0.005743 0.001
132 -1178 0.008924 0.001
32 -635 0.019844 0.001
-80 1114 0.013925 0.001
-138 986 0.007145 0.001
-134 646 0.004821 0.001
-132 457 0.003462 0.001
-133 334 0.002511 0.001
-140 250 0.001786 0.001
-153 184 0.001203 0.001
-164 117 0.001 0.001402
-176 48 0.001 0.003667
-176 -23 0.001 0.007652
-166 -91 0.001 0.001824
-155 -156 0.001006 0.001
-142 -219 0.001542 0.001
-136 -299 0.002199 0.001
-135 -414 0.003067 0.001
-132 -562 0.004258 0.001
-141 -862 0.006113 0.001
-116 -1160 0.01 0.001
-11 -350 0.031818 0.001
81 1105 0.013642 0.001
137 939 0.006854 0.001
137 638 0.004657 0.001
135 448 0.003319 0.001
138 324 0.002348 0.001
144 240 0.001667 0.001
157 173 0.001102 0.001
170 106 0.001 0.001604
173 36 0.001 0.004806
172 -30 0.001 0.005733
170 -100 0.001 0.0017
158 -165 0.001044 0.001
145 -232 0.0016 0.001
138 -316 0.00229 0.001
137 -437 0.00319 0.001
138 -623 0.004514 0.001
139 -920 0.006619 0.001
90 -1135 0.012611 0.001
1 -51 0.051 0.001
-80 1060 0.01325 0.001
-141 937 0.006645 0.001
-135 607 0.004496 0.001
-133 426 0.003203 0.001
-142 324 0.002282 0.001
-149 236 0.001584 0.001
-155 161 0.001039 0.001
-167 99 0.001 0.001687
-178 35 0.001 0.005086
-179 -35 0.001 0.005114
-167 -99 0.001 0.001687
-155 -161 0.001039 0.001
-149 -236 0.001584 0.001
-142 -324 0.002282 0.001
-133 -426 0.003203 0.001
-135 -607 0.004496 0.001
-141 -937 0.006645 0.001
-79 -1060 0.013418 0.001
81 1052 0.012988 0.001
139 893 0.006424 0.001
139 600 0.004317 0.001
138 417 0.003022 0.001
138 300 0.002174 0.001
146 221 0.001514 0.001
160 157 0.001 0.001019
172 95 0.001 0.001811
183 29 0.001 0.00631
183 -42 0.001 0.004357
172 -108 0.001 0.001593
158 -172 0.001089 0.001
144 -236 0.001639 0.001
138 -319 0.002312 0.001
135 -440 0.003259 0.001
143 -662 0.004629 0.001
138 -985 0.007138 0.001
53 -800 0.015094 0.001
-80 1009 0.012613 0.001
-143 893 0.006245 0.001
-138 570 0.00413 0.001
-142 415 0.002923 0.001
-144 294 0.002042 0.001
-151 213 0.001411 0.001
-166 149 0.001 0.001114
-179 85 0.001 0.002106
-189 16 0.001 0.011812
-181 -52 0.001 0.003481
-168 -114 0.001 0.001474
-154 -175 0.001136 0.001
-148 -250 0.001689 0.001
-140 -339 0.002421 0.001
-138 -468 0.003391 0.001
-143 -706 0.004937 0.001
-128 -1007 0.007867 0.001
-28 -533 0.019036 0.001
81 1003 0.012383 0.001
142 850 0.005986 0.001
142 564 0.003972 0.001
139 388 0.002791 0.001
148 290 0.001959 0.001
156 207 0.001327 0.001
171 142 0.001 0.001204
185 76 0.001 0.002434
187 8 0.001 0.023375
185 -59 0.001 0.003136
172 -124 0.001 0.001387
158 -188 0.00119 0.001
151 -267 0.001768 0.001
142 -361 0.002542 0.001
138 -499 0.003616 0.001
142 -754 0.00531 0.001
113 -1028 0.009097 0.001
8 -248 0.031 0.001
-79 958 0.012127 0.001
-146 847 0.005801 0.001
-146 558 0.003822 0.001
-144 381 0.002646 0.001
-145 268 0.001848 0.001
-161 201 0.001248 0.001
-177 135 0.001 0.001311
-191 67 0.001 0.002851
-192 -1 0.001 0.192
-191 -71 0.001 0.00269
-176 -139 0.001 0.001266
-161 -205 0.001273 0.001
-145 -273 0.001883 0.001
-143 -386 0.002699 0.001
-146 -565 0.00387 0.001
-144 -858 0.005958 0.001
-73 -917 0.012562 0.001
81 953 0.011765 0.001
144 807 0.005604 0.001
143 529 0.003699 0.001
140 361 0.002579 0.001
150 268 0.001787 0.001
157 191 0.001217 0.001
174 130 0.001 0.001338
187 67 0.001 0.002791
198 2 0.001 0.099
187 -64 0.001 0.002922
174 -126 0.001 0.001381
157 -187 0.001191 0.001
151 -264 0.001748 0.001
140 -355 0.002536 0.001
144 -522 0.003625 0.001
145 -797 0.005497 0.001
87 -943 0.010839 0.001
1 -50 0.05 0.001
-84 944 0.011238 0.001
-141 764 0.005418 0.001
-147 523 0.003558 0.001
-144 353 0.002451 0.001
-154 261 0.001695 0.001
-162 183 0.00113 0.001
-179 121 0.001 0.001479
-192 58 0.001 0.00331
-203 -8 0.001 0.025375
-192 -76 0.001 0.002526
-176 -139 0.001 0.001266
-161 -203 0.001261 0.001
-151 -285 0.001887 0.001
-149 -407 0.002732 0.001
-149 -601 0.004034 0.001
-136 -877 0.006449 0.001
-40 -611 0.015275 0.001
80 901 0.011262 0.001
145 764 0.005269 0.001
144 495 0.003438 0.001
149 353 0.002369 0.001
150 244 0.001627 0.001
168 181 0.001077 0.001
184 117 0.001 0.001573
199 54 0.001 0.003685
211 -16 0.001 0.013188
197 -85 0.001 0.002318
172 -141 0.001 0.00122
164 -215 0.001311 0.001
146 -283 0.001938 0.001
143 -400 0.002797 0.001
145 -590 0.004069 0.001
134 -902 0.006731 0.001
29 -477 0.016448 0.001
-83 894 0.010771 0.001
-150 751 0.005007 0.001
-148 483 0.003264 0.001
-146 323 0.002212 0.001
-154 237 0.001539 0.001
-174 173 0.001 0.001006
-190 109 0.001 0.001743
-205 43 0.001 0.004767
-205 -23 0.001 0.008913
-192 -87 0.001 0.002207
-176 -149 0.001 0.001181
-158 -210 0.001329 0.001
-149 -291 0.001953 0.001
-145 -413 0.002848 0.001
-145 -611 0.004214 0.001
-124 -891 0.007185 0.001
-16 -338 0.021125 0.001
79 853 0.010797 0.001
147 723 0.004918 0.001
144 464 0.003222 0.001
150 328 0.002187 0.001
160 238 0.001488 0.001
169 163 0.001 0.001037
197 108 0.001 0.001824
212 42 0.001 0.005048
213 -27 0.001 0.007889
198 -94 0.001 0.002106
181 -159 0.001 0.001138
162 -223 0.001377 0.001
151 -311 0.00206 0.001
147 -442 0.003007 0.001
151 -693 0.004589 0.001
97 -871 0.008979 0.001
2 -99 0.0495 0.001
-83 847 0.010205 0.001
-143 683 0.004776 0.001
-149 459 0.003081 0.001
-154 322 0.002091 0.001
-166 230 0.001386 0.001
-174 155 0.001 0.001123
-204 100 0.001 0.00204
-218 32 0.001 0.006812
-219 -39 0.001 0.005615
-192 -100 0.001 0.00192
-174 -159 0.001 0.001094
-165 -236 0.00143 0.001
-154 -327 0.002123 0.001
-148 -467 0.003155 0.001
-148 -732 0.004946 0.001
-69 -768 0.01113 0.001
78 803 0.010295 0.001
146 682 0.004671 0.001
154 455 0.002955 0.001
159 315 0.001981 0.001
161 212 0.001317 0.001
180 152 0.001 0.001184
199 91 0.001 0.002187
225 28 0.001 0.008036
214 -39 0.001 0.005487
197 -102 0.001 0.001931
179 -164 0.001 0.001091
159 -226 0.001421 0.001
157 -333 0.002121 0.001
151 -478 0.003166 0.001
141 -714 0.005064 0.001
60 -682 0.011367 0.001
-81 798 0.009852 0.001
-152 672 0.004421 0.001
-150 421 0.002807 0.001
-154 293 0.001903 0.001
-166 210 0.001265 0.001
-186 147 0.001 0.001265
-205 86 0.001 0.002384
-221 22 0.001 0.010045
-221 -44 0.001 0.005023
-203 -108 0.001 0.00188
-182 -173 0.001 0.001052
-162 -239 0.001475 0.001
-159 -352 0.002214 0.001
-151 -507 0.003358 0.001
-135 -759 0.005622 0.001
-32 -467 0.014594 0.001
83 792 0.009542 0.001
148 633 0.004277 0.001
155 417 0.00269 0.001
160 287 0.001794 0.001
172 202 0.001174 0.001
193 138 0.001 0.001399
212 77 0.001 0.002753
229 12 0.001 0.019083
226 -56 0.001 0.004036
196 -114 0.001 0.001719
176 -174 0.001 0.001011
165 -253 0.001533 0.001
151 -349 0.002311 0.001
151 -530 0.00351 0.001
128 -795 0.006211 0.001
15 -287 0.019133 0.001
-80 748 0.00935 0.001
-152 632 0.004158 0.001
-159 413 0.002597 0.001
-166 280 0.001687 0.001
-178 194 0.00109 0.001
-201 129 0.001 0.001558
-220 67 0.001 0.003284
-236 2 0.001 0.118
-221 -63 0.001 0.003508
-201 -126 0.001 0.001595
-179 -189 0.001056 0.001
-167 -274 0.001641 0.001
-160 -405 0.002531 0.001
-154 -621 0.004032 0.001
-86 -738 0.008581 0.001
0 -49 -1.0 0.001
82 743 0.009061 0.001
148 593 0.004007 0.001
155 387 0.002497 0.001
160 264 0.00165 0.001
172 185 0.001076 0.001
194 128 0.001 0.001516
227 73 0.001 0.00311
244 5 0.001 0.0488
229 -61 0.001 0.003754
207 -125 0.001 0.001656
174 -176 0.001011 0.001
161 -253 0.001571 0.001
157 -372 0.002369 0.001
153 -573 0.003745 0.001
94 -721 0.00767 0.001
3 -97 0.032333 0.001
-78 699 0.008962 0.001
-153 592 0.003869 0.001
-160 382 0.002388 0.001
-166 257 0.001548 0.001
-179 178 0.001 0.001006
-202 119 0.001 0.001697
-236 62 0.001 0.003806
-253 -5 0.001 0.0506
-235 -74 0.001 0.003176
-200 -132 0.001 0.001515
-176 -192 0.001091 0.001
-163 -276 0.001693 0.001
-157 -405 0.00258 0.001
-146 -624 0.004274 0.001
-56 -581 0.010375 0.001
80 693 0.008662 0.001
149 553 0.003711 0.001
155 357 0.002303 0.001
172 256 0.001488 0.001
185 174 0.001 0.001063
210 114 0.001 0.001842
246 57 0.001 0.004316
248 -11 0.001 0.022545
229 -74 0.001 0.003095
207 -136 0.001 0.001522
181 -199 0.001099 0.001
166 -288 0.001735 0.001
158 -425 0.00269 0.001
141 -659 0.004674 0.001
33 -412 0.012485 0.001
-84 687 0.008179 0.001
-156 541 0.003468 0.001
-162 344 0.002123 0.001
-167 229 0.001371 0.001
-194 166 0.001 0.001169
-219 105 0.001 0.002086
-256 46 0.001 0.005565
-257 -23 0.001 0.011174
-236 -88 0.001 0.002682
-198 -142 0.001 0.001394
-172 -202 0.001174 0.001
-168 -307 0.001827 0.001
-157 -457 0.002911 0.001
-122 -664 0.005443 0.001
-12 -235 0.019583 0.001
79 643 0.008139 0.001
149 514 0.00345 0.001
167 346 0.002072 0.001
174 227 0.001305 0.001
201 162 0.001 0.001241
228 99 0.001 0.002303
267 39 0.001 0.006846
266 -31 0.001 0.008581
230 -91 0.001 0.002527
203 -152 0.001 0.001336
176 -216 0.001227 0.001
170 -330 0.001941 0.001
154 -493 0.003201 0.001
95 -669 0.007042 0.001
1 -48 0.048 0.001
-83 637 0.007675 0.001
-157 501 0.003191 0.001
-163 314 0.001926 0.001
-181 219 0.00121 0.001
-196 145 0.001 0.001352
-238 94 0.001 0.002532
-278 31 0.001 0.008968
-262 -35 0.001 0.007486
-237 -98 0.001 0.002418
-196 -150 0.001 0.001307
-180 -225 0.00125 0.001
-161 -321 0.001994 0.001
-154 -512 0.003325 0.001
-74 -600 0.008108 0.001
77 594 0.007714 0.001
150 473 0.003153 0.001
169 315 0.001864 0.001
174 205 0.001178 0.001
204 145 0.001 0.001407
248 92 0.001 0.002696
274 29 0.001 0.009448
272 -37 0.001 0.007351
232 -92 0.001 0.002522
203 -150 0.001 0.001353
173 -211 0.00122 0.001
167 -323 0.001934 0.001
147 -484 0.003293 0.001
70 -556 0.007943 0.001
-82 587 0.007159 0.001
-158 460 0.002911 0.001
-163 284 0.001742 0.001
-183 196 0.001071 0.001
-215 137 0.001 0.001569
-261 81 0.001 0.003222
-286 18 0.001 0.015889
-283 -50 0.001 0.00566
-238 -109 0.001 0.002183
-192 -158 0.001 0.001215
-175 -234 0.001337 0.001
-164 -360 0.002195 0.001
-134 -538 0.004015 0.001
-26 -314 0.012077 0.001
75 544 0.007253 0.001
151 432 0.002861 0.001
170 285 0.001676 0.001
191 194 0.001016 0.001
225 132 0.001 0.001705
274 75 0.001 0.003653
299 10 0.001 0.0299
278 -54 0.001 0.005148
231 -107 0.001 0.002159
198 -166 0.001 0.001193
178 -247 0.001388 0.001
164 -383 0.002335 0.001
115 -532 0.004626 0.001
11 -183 0.016636 0.001
-80 537 0.006713 0.001
-160 419 0.002619 0.001
-179 270 0.001508 0.001
-203 180 0.001 0.001128
-239 116 0.001 0.00206
-290 59 0.001 0.004915
-314 -6 0.001 0.052333
-270 -66 0.001 0.004091
-220 -114 0.001 0.00193
-187 -169 0.001 0.001107
-179 -270 0.001508 0.001
-160 -419 0.002619 0.001
-79 -537 0.006797 0.001
84 529 0.006298 0.001
155 382 0.002465 0.001
173 246 0.001422 0.001
196 165 0.001 0.001188
231 110 0.001 0.0021
304 61 0.001 0.004984
331 -7 0.001 0.047286
282 -67 0.001 0.004209
229 -120 0.001 0.001908
192 -177 0.001 0.001085
170 -262 0.001541 0.001
148 -402 0.002716 0.001
65 -458 0.007046 0.001
-79 486 0.006152 0.001
-161 379 0.002354 0.001
-183 238 0.001301 0.001
-207 157 0.001 0.001318
-246 99 0.001 0.002485
-322 49 0.001 0.006571
-348 -19 0.001 0.018316
-274 -76 0.001 0.003605
-217 -123 0.001 0.001764
-196 -194 0.001 0.00101
-168 -289 0.00172 0.001
-135 -446 0.003304 0.001
-24 -261 0.010875 0.001
83 478 0.005759 0.001
156 341 0.002186 0.001
176 215 0.001222 0.001
218 152 0.001 0.001434
261 93 0.001 0.002806
342 42 0.001 0.008143
345 -25 0.001 0.0138
286 -83 0.001 0.003446
225 -134 0.001 0.001679
182 -193 0.00106 0.001
168 -311 0.001851 0.001
110 -442 0.004018 0.001
8 -133 0.016625 0.001
-77 435 0.005649 0.001
-164 337 0.002055 0.001
-186 208 0.001118 0.001
-213 132 0.001 0.001614
-277 87 0.001 0.003184
-363 34 0.001 0.010676
-364 -34 0.001 0.010706
-277 -87 0.001 0.003184
-213 -132 0.001 0.001614
-186 -208 0.001118 0.001
-164 -337 0.002055 0.001
-76 -435 0.005724 0.001
81 426 0.005259 0.001
159 300 0.001887 0.001
179 184 0.001028 0.001
226 128 0.001 0.001766
296 80 0.001 0.0037
387 26 0.001 0.014885
361 -39 0.001 0.009256
268 -85 0.001 0.003153
221 -141 0.001 0.001567
189 -224 0.001185 0.001
144 -331 0.002299 0.001
49 -324 0.006612 0.001
-76 384 0.005053 0.001
-166 295 0.001777 0.001
-191 176 0.001 0.001085
-243 117 0.001 0.002077
-319 68 0.001 0.004691
-416 12 0.001 0.034667
-355 -46 0.001 0.007717
-255 -90 0.001 0.002833
-206 -140 0.001 0.001471
-174 -216 0.001241 0.001
-136 -353 0.002596 0.001
-23 -207 0.009 0.001
81 374 0.004617 0.001
161 258 0.001602 0.001
205 166 0.001 0.001235
263 105 0.001 0.002505
374 58 0.001 0.006448
446 -5 0.001 0.0892
344 -60 0.001 0.005733
238 -98 0.001 0.002429
205 -166 0.001 0.001235
161 -258 0.001602 0.001
82 -374 0.004561 0.001
-74 333 0.0045 0.001
-151 231 0.00153 0.001
-193 151 0.001 0.001278
-252 99 0.001 0.002545
-370 56 0.001 0.006607
-481 0 0.001 -1.0
-370 -56 0.001 0.006607
-252 -99 0.001 0.002545
-193 -151 0.001 0.001278
-151 -231 0.00153 0.001
-73 -333 0.004562 0.001
80 321 0.004013 0.001
166 215 0.001295 0.001
214 133 0.001 0.001609
280 80 0.001 0.0035
441 40 0.001 0.011025
516 -22 0.001 0.023455
323 -67 0.001 0.004821
227 -111 0.001 0.002045
183 -185 0.001011 0.001
118 -284 0.002407 0.001
12 -120 0.01 0.001
-73 280 0.003836 0.001
-153 189 0.001235 0.001
-201 119 0.001 0.001689
-301 78 0.001 0.003859
-481 35 0.001 0.013743
-559 -26 0.001 0.0215
-310 -66 0.001 0.004697
-210 -104 0.001 0.002019
-167 -170 0.001018 0.001
-100 -256 0.00256 0.001
-5 -79 0.0158 0.001
80 267 0.003338 0.001
171 171 0.001 0.001
227 99 0.001 0.002293
341 58 0.001 0.005879
656 15 0.001 0.043733
476 -43 0.001 0.01107
277 -84 0.001 0.003298
195 -142 0.001 0.001373
122 -228 0.001869 0.001
15 -113 0.007533 0.001
0 182 -1.0 0.001
-152200 -904 0.001 0.168363
-3661 -8 0.001 0.457625
0 0 0.001 0.001
0 0 0.001 0.001
