0 0
0 0
18.84955592 1
640.0270161 0.00137916
637.743352 0
640.88490133 0.00713875
640.88490133 0.11428571
640.85738739 0.13775393
640.77485716 0.15595519
640.58520167 0.18186492
640.52261529 0.19855437
640.49344106 0.22159247
640.49220225 0.22857143
640.47827332 0.25267047
640.43492793 0.27232752
640.33745776 0.30050429
640.30712151 0.31810314
640.29585271 0.34285714
640.28485063 0.37194643
640.24824978 0.39790157
640.21104238 0.42314053
640.19808724 0.45020329
640.19767794 0.45714286
640.18958346 0.49137251
640.15378002 0.54166699
640.14859055 0.57142857
640.14199517 0.6138345
640.12576648 0.66121991
640.12404686 0.68571429
640.11819401 0.74098457
640.11183827 0.79284039
640.11177502 0.8
640.11660416 0.74844811
640.12397435 0.69287328
640.12404686 0.68571429
640.12989971 0.74098457
640.13625545 0.79284039
640.13631871 0.8
640.13148956 0.74844811
640.12411938 0.69287328
640.12404686 0.68571429
640.130188 0.64323567
640.14666358 0.59589699
640.14859055 0.57142857
640.15518594 0.6138345
640.17141463 0.66121991
640.17313425 0.68571429
640.1672814 0.74098457
640.16092566 0.79284039
640.1608624 0.8
640.16569155 0.74844811
640.17306173 0.69287328
640.17313425 0.68571429
640.17898709 0.74098457
640.18534284 0.79284039
640.18540609 0.8
640.18057695 0.74844811
640.17320676 0.69287328
640.17313425 0.68571429
640.16699311 0.64323567
640.15051753 0.59589699
640.14859055 0.57142857
640.15586856 0.53703565
640.19182744 0.48678114
640.19767794 0.45714286
640.20577242 0.49137251
640.24157586 0.54166699
640.24676532 0.57142857
640.24016994 0.6138345
640.22394125 0.66121991
640.22222163 0.68571429
640.21636879 0.74098457
640.21001304 0.79284039
640.20994979 0.8
640.21477893 0.74844811
640.22214912 0.69287328
640.22222163 0.68571429
640.22807448 0.74098457
640.23443022 0.79284039
640.23449348 0.8
640.22966433 0.74844811
640.22229415 0.69287328
640.22222163 0.68571429
640.22836277 0.64323567
640.24483835 0.59589699
640.24676532 0.57142857
640.25336071 0.6138345
640.2695894 0.66121991
640.27130902 0.68571429
640.26545617 0.74098457
640.25910043 0.79284039
640.25903717 0.8
640.26386632 0.74844811
640.2712365 0.69287328
640.27130902 0.68571429
640.27716186 0.74098457
640.28351761 0.79284039
640.28358086 0.8
640.27875172 0.74844811
640.27138153 0.69287328
640.27130902 0.68571429
640.26516788 0.64323567
640.2486923 0.59589699
640.24676532 0.57142857
640.23948732 0.53703565
640.20352844 0.48678114
640.19767794 0.45714286
640.20717767 0.42769475
640.23655122 0.40441605
640.28063608 0.37638168
640.29533215 0.3497788
640.29585271 0.34285714
640.30685479 0.37194643
640.34345564 0.39790157
640.38066304 0.42314053
640.39361818 0.45020329
640.39402748 0.45714286
640.385933 0.49137251
640.35012956 0.54166699
640.34494009 0.57142857
640.33834471 0.6138345
640.32211602 0.66121991
640.3203964 0.68571429
640.31454356 0.74098457
640.30818781 0.79284039
640.30812456 0.8
640.3129537 0.74844811
640.32032389 0.69287328
640.3203964 0.68571429
640.32624925 0.74098457
640.33260499 0.79284039
640.33266825 0.8
640.3278391 0.74844811
640.32046892 0.69287328
640.3203964 0.68571429
640.32653754 0.64323567
640.34301312 0.59589699
640.34494009 0.57142857
640.35153548 0.6138345
640.36776417 0.66121991
640.36948379 0.68571429
640.36363094 0.74098457
640.3572752 0.79284039
640.35721194 0.8
640.36204109 0.74844811
640.36941127 0.69287328
640.36948379 0.68571429
640.37533663 0.74098457
640.38169238 0.79284039
640.38175563 0.8
640.37692649 0.74844811
640.3695563 0.69287328
640.36948379 0.68571429
640.36334265 0.64323567
640.34686707 0.59589699
640.34494009 0.57142857
640.3522181 0.53703565
640.38817698 0.48678114
640.39402748 0.45714286
640.40212196 0.49137251
640.4379254 0.54166699
640.44311487 0.57142857
640.43651948 0.6138345
640.42029079 0.66121991
640.41857117 0.68571429
640.41271833 0.74098457
640.40636258 0.79284039
640.40629933 0.8
640.41112847 0.74844811
640.41849866 0.69287328
640.41857117 0.68571429
640.42442402 0.74098457
640.43077976 0.79284039
640.43084302 0.8
640.42601387 0.74844811
640.41864369 0.69287328
640.41857117 0.68571429
640.42471231 0.64323567
640.44118789 0.59589699
640.44311487 0.57142857
640.44971025 0.6138345
640.46593894 0.66121991
640.46765856 0.68571429
640.46180571 0.74098457
640.45544997 0.79284039
640.45538671 0.8
640.46021586 0.74844811
640.46758604 0.69287328
640.46765856 0.68571429
640.4735114 0.74098457
640.47986715 0.79284039
640.4799304 0.8
640.47510126 0.74844811
640.46773107 0.69287328
640.46765856 0.68571429
640.46151742 0.64323567
640.44504184 0.59589699
640.44311487 0.57142857
640.43583686 0.53703565
640.39987798 0.48678114
640.39402748 0.45714286
640.38452775 0.42769475
640.35515419 0.40441605
640.31106934 0.37638168
640.29637327 0.3497788
640.29585271 0.34285714
640.30712151 0.31810314
640.33745776 0.30050429
640.45463515 0.26543659
640.48400451 0.2475247
640.49220225 0.22857143
640.50613118 0.25267047
640.54947657 0.27232752
640.64694674 0.30050429
640.67728299 0.31810314
640.68855179 0.34285714
640.67754972 0.37194643
640.64094886 0.39790157
640.60374146 0.42314053
640.59078632 0.45020329
640.59037702 0.45714286
640.58228254 0.49137251
640.5464791 0.54166699
640.54128964 0.57142857
640.53469425 0.6138345
640.51846556 0.66121991
640.51674594 0.68571429
640.5108931 0.74098457
640.50453735 0.79284039
640.5044741 0.8
640.50930324 0.74844811
640.51667343 0.69287328
640.51674594 0.68571429
640.52259879 0.74098457
640.52895453 0.79284039
640.52901779 0.8
640.52418864 0.74844811
640.51681846 0.69287328
640.51674594 0.68571429
640.52288708 0.64323567
640.53936266 0.59589699
640.54128964 0.57142857
640.54788502 0.6138345
640.56411371 0.66121991
640.56583333 0.68571429
640.55998048 0.74098457
640.55362474 0.79284039
640.55356148 0.8
640.55839063 0.74844811
640.56576081 0.69287328
640.56583333 0.68571429
640.57168618 0.74098457
640.57804192 0.79284039
640.57810517 0.8
640.57327603 0.74844811
640.56590584 0.69287328
640.56583333 0.68571429
640.55969219 0.64323567
640.54321661 0.59589699
640.54128964 0.57142857
640.54856764 0.53703565
640.58452652 0.48678114
640.59037702 0.45714286
640.5984715 0.49137251
640.63427494 0.54166699
640.63946441 0.57142857
640.63286902 0.6138345
640.61664033 0.66121991
640.61492071 0.68571429
640.60906787 0.74098457
640.60271213 0.79284039
640.60264887 0.8
640.60747801 0.74844811
640.6148482 0.69287328
640.61492071 0.68571429
640.62077356 0.74098457
640.6271293 0.79284039
640.62719256 0.8
640.62236341 0.74844811
640.61499323 0.69287328
640.61492071 0.68571429
640.62106185 0.64323567
640.63753743 0.59589699
640.63946441 0.57142857
640.64605979 0.6138345
640.66228848 0.66121991
640.6640081 0.68571429
640.65815525 0.74098457
640.65179951 0.79284039
640.65173625 0.8
640.6565654 0.74844811
640.66393558 0.69287328
640.6640081 0.68571429
640.66986095 0.74098457
640.67621669 0.79284039
640.67627995 0.8
640.6714508 0.74844811
640.66408062 0.69287328
640.6640081 0.68571429
640.65786696 0.64323567
640.64139138 0.59589699
640.63946441 0.57142857
640.6321864 0.53703565
640.59622752 0.48678114
640.59037702 0.45714286
640.59987676 0.42769475
640.62925031 0.40441605
640.67333516 0.37638168
640.68803123 0.3497788
640.68855179 0.34285714
640.69955387 0.37194643
640.73615472 0.39790157
640.77336212 0.42314053
640.78631727 0.45020329
640.78672656 0.45714286
640.77863208 0.49137251
640.74282864 0.54166699
640.73763918 0.57142857
640.73104379 0.6138345
640.7148151 0.66121991
640.71309548 0.68571429
640.70724264 0.74098457
640.7008869 0.79284039
640.70082364 0.8
640.70565278 0.74844811
640.71302297 0.69287328
640.71309548 0.68571429
640.71894833 0.74098457
640.72530407 0.79284039
640.72536733 0.8
640.72053819 0.74844811
640.713168 0.69287328
640.71309548 0.68571429
640.71923662 0.64323567
640.7357122 0.59589699
640.73763918 0.57142857
640.74423456 0.6138345
640.76046325 0.66121991
640.76218287 0.68571429
640.75633002 0.74098457
640.74997428 0.79284039
640.74991102 0.8
640.75474017 0.74844811
640.76211035 0.69287328
640.76218287 0.68571429
640.76803572 0.74098457
640.77439146 0.79284039
640.77445472 0.8
640.76962557 0.74844811
640.76225539 0.69287328
640.76218287 0.68571429
640.75604173 0.64323567
640.73956615 0.59589699
640.73763918 0.57142857
640.74491718 0.53703565
640.78087606 0.48678114
640.78672656 0.45714286
640.79482104 0.49137251
640.83062448 0.54166699
640.83581395 0.57142857
640.82921856 0.6138345
640.81298987 0.66121991
640.81127025 0.68571429
640.80541741 0.74098457
640.79906167 0.79284039
640.79899841 0.8
640.80382755 0.74844811
640.81119774 0.69287328
640.81127025 0.68571429
640.8171231 0.74098457
640.82347884 0.79284039
640.8235421 0.8
640.81871296 0.74844811
640.81134277 0.69287328
640.81127025 0.68571429
640.81741139 0.64323567
640.83388697 0.59589699
640.83581395 0.57142857
640.84240933 0.6138345
640.85863802 0.66121991
640.86035764 0.68571429
640.85450479 0.74098457
640.84814905 0.79284039
640.84808579 0.8
640.85291494 0.74844811
640.86028512 0.69287328
640.86035764 0.68571429
640.86621049 0.74098457
640.87256623 0.79284039
640.87262949 0.8
640.86780034 0.74844811
640.86043016 0.69287328
640.86035764 0.68571429
640.8542165 0.64323567
640.83774092 0.59589699
640.83581395 0.57142857
640.82853594 0.53703565
640.79257706 0.48678114
640.78672656 0.45714286
640.77722683 0.42769475
640.74785328 0.40441605
640.70376842 0.37638168
640.68907236 0.3497788
640.68855179 0.34285714
640.67728299 0.31810314
640.64694674 0.30050429
640.52976935 0.26543659
640.50039999 0.2475247
640.49220225 0.22857143
640.51182652 0.20364587
640.56703783 0.18554497
640.69002349 0.16679827
640.81229302 0.14968659
640.86850807 0.13283022
640.88490133 0.11428571
640.91241528 0.13775393
640.9949455 0.15595519
641.184601 0.18186492
641.24718738 0.19855437
641.2763616 0.22159247
641.27760041 0.22857143
641.26367148 0.25267047
641.22032609 0.27232752
641.12285592 0.30050429
641.09251967 0.31810314
641.08125087 0.34285714
641.0702488 0.37194643
641.03364794 0.39790157
640.99644054 0.42314053
640.9834854 0.45020329
640.9830761 0.45714286
640.97498162 0.49137251
640.93917819 0.54166699
640.93398872 0.57142857
640.92739333 0.6138345
640.91116464 0.66121991
640.90944502 0.68571429
640.90359218 0.74098457
640.89723644 0.79284039
640.89717318 0.8
640.90200232 0.74844811
640.90937251 0.69287328
640.90944502 0.68571429
640.91529787 0.74098457
640.92165361 0.79284039
640.92171687 0.8
640.91688773 0.74844811
640.90951754 0.69287328
640.90944502 0.68571429
640.91558616 0.64323567
640.93206174 0.59589699
640.93398872 0.57142857
640.94058411 0.6138345
640.95681279 0.66121991
640.95853241 0.68571429
640.95267956 0.74098457
640.94632382 0.79284039
640.94626056 0.8
640.95108971 0.74844811
640.95845989 0.69287328
640.95853241 0.68571429
640.96438526 0.74098457
640.970741 0.79284039
640.97080426 0.8
640.96597511 0.74844811
640.95860493 0.69287328
640.95853241 0.68571429
640.95239127 0.64323567
640.93591569 0.59589699
640.93398872 0.57142857
640.94126672 0.53703565
640.97722561 0.48678114
640.9830761 0.45714286
640.99117058 0.49137251
641.02697402 0.54166699
641.03216349 0.57142857
641.0255681 0.6138345
641.00933941 0.66121991
641.0076198 0.68571429
641.00176695 0.74098457
640.99541121 0.79284039
640.99534795 0.8
641.00017709 0.74844811
641.00754728 0.69287328
641.0076198 0.68571429
641.01347264 0.74098457
641.01982838 0.79284039
641.01989164 0.8
641.0150625 0.74844811
641.00769231 0.69287328
641.0076198 0.68571429
641.01376094 0.64323567
641.03023651 0.59589699
641.03216349 0.57142857
641.03875888 0.6138345
641.05498756 0.66121991
641.05670718 0.68571429
641.05085433 0.74098457
641.04449859 0.79284039
641.04443533 0.8
641.04926448 0.74844811
641.05663466 0.69287328
641.05670718 0.68571429
641.06256003 0.74098457
641.06891577 0.79284039
641.06897903 0.8
641.06414988 0.74844811
641.0567797 0.69287328
641.05670718 0.68571429
641.05056604 0.64323567
641.03409046 0.59589699
641.03216349 0.57142857
641.02488548 0.53703565
640.9889266 0.48678114
640.9830761 0.45714286
640.99257584 0.42769475
641.02194939 0.40441605
641.06603424 0.37638168
641.08073031 0.3497788
641.08125087 0.34285714
641.09225295 0.37194643
641.1288538 0.39790157
641.1660612 0.42314053
641.17901635 0.45020329
641.17942564 0.45714286
641.17133116 0.49137251
641.13552773 0.54166699
641.13033826 0.57142857
641.12374287 0.6138345
641.10751418 0.66121991
641.10579457 0.68571429
641.09994172 0.74098457
641.09358598 0.79284039
641.09352272 0.8
641.09835186 0.74844811
641.10572205 0.69287328
641.10579457 0.68571429
641.11164741 0.74098457
641.11800315 0.79284039
641.11806641 0.8
641.11323727 0.74844811
641.10586708 0.69287328
641.10579457 0.68571429
641.11193571 0.64323567
641.12841129 0.59589699
641.13033826 0.57142857
641.13693365 0.6138345
641.15316233 0.66121991
641.15488195 0.68571429
641.1490291 0.74098457
641.14267336 0.79284039
641.1426101 0.8
641.14743925 0.74844811
641.15480943 0.69287328
641.15488195 0.68571429
641.1607348 0.74098457
641.16709054 0.79284039
641.1671538 0.8
641.16232465 0.74844811
641.15495447 0.69287328
641.15488195 0.68571429
641.14874081 0.64323567
641.13226523 0.59589699
641.13033826 0.57142857
641.13761627 0.53703565
641.17357515 0.48678114
641.17942564 0.45714286
641.18752012 0.49137251
641.22332356 0.54166699
641.22851303 0.57142857
641.22191764 0.6138345
641.20568895 0.66121991
641.20396934 0.68571429
641.19811649 0.74098457
641.19176075 0.79284039
641.19169749 0.8
641.19652664 0.74844811
641.20389682 0.69287328
641.20396934 0.68571429
641.20982218 0.74098457
641.21617792 0.79284039
641.21624118 0.8
641.21141204 0.74844811
641.20404185 0.69287328
641.20396934 0.68571429
641.21011048 0.64323567
641.22658606 0.59589699
641.22851303 0.57142857
641.23510842 0.6138345
641.25133711 0.66121991
641.25305672 0.68571429
641.24720387 0.74098457
641.24084813 0.79284039
641.24078488 0.8
641.24561402 0.74844811
641.2529842 0.69287328
641.25305672 0.68571429
641.25890957 0.74098457
641.26526531 0.79284039
641.26532857 0.8
641.26049942 0.74844811
641.25312924 0.69287328
641.25305672 0.68571429
641.24691558 0.64323567
641.23044 0.59589699
641.22851303 0.57142857
641.22123502 0.53703565
641.18527614 0.48678114
641.17942564 0.45714286
641.16992591 0.42769475
641.14055236 0.40441605
641.0964675 0.37638168
641.08177144 0.3497788
641.08125087 0.34285714
641.09251967 0.31810314
641.12285592 0.30050429
641.24003332 0.26543659
641.26940268 0.2475247
641.27760041 0.22857143
641.29152935 0.25267047
641.33487474 0.27232752
641.4323449 0.30050429
641.46268116 0.31810314
641.47394995 0.34285714
641.46294788 0.37194643
641.42634702 0.39790157
641.38913962 0.42314053
641.37618448 0.45020329
641.37577518 0.45714286
641.3676807 0.49137251
641.33187727 0.54166699
641.3266878 0.57142857
641.32009241 0.6138345
641.30386372 0.66121991
641.30214411 0.68571429
641.29629126 0.74098457
641.28993552 0.79284039
641.28987226 0.8
641.29470141 0.74844811
641.30207159 0.69287328
641.30214411 0.68571429
641.30799695 0.74098457
641.31435269 0.79284039
641.31441595 0.8
641.30958681 0.74844811
641.30221662 0.69287328
641.30214411 0.68571429
641.30828525 0.64323567
641.32476083 0.59589699
641.3266878 0.57142857
641.33328319 0.6138345
641.34951188 0.66121991
641.35123149 0.68571429
641.34537865 0.74098457
641.3390229 0.79284039
641.33895965 0.8
641.34378879 0.74844811
641.35115898 0.69287328
641.35123149 0.68571429
641.35708434 0.74098457
641.36344008 0.79284039
641.36350334 0.8
641.35867419 0.74844811
641.35130401 0.69287328
641.35123149 0.68571429
641.34509035 0.64323567
641.32861477 0.59589699
641.3266878 0.57142857
641.33396581 0.53703565
641.36992469 0.48678114
641.37577518 0.45714286
641.38386966 0.49137251
641.4196731 0.54166699
641.42486257 0.57142857
641.41826718 0.6138345
641.40203849 0.66121991
641.40031888 0.68571429
641.39446603 0.74098457
641.38811029 0.79284039
641.38804703 0.8
641.39287618 0.74844811
641.40024636 0.69287328
641.40031888 0.68571429
641.40617172 0.74098457
641.41252747 0.79284039
641.41259072 0.8
641.40776158 0.74844811
641.40039139 0.69287328
641.40031888 0.68571429
641.40646002 0.64323567
641.4229356 0.59589699
641.42486257 0.57142857
641.43145796 0.6138345
641.44768665 0.66121991
641.44940626 0.68571429
641.44355342 0.74098457
641.43719767 0.79284039
641.43713442 0.8
641.44196356 0.74844811
641.44933375 0.69287328
641.44940626 0.68571429
641.45525911 0.74098457
641.46161485 0.79284039
641.46167811 0.8
641.45684896 0.74844811
641.44947878 0.69287328
641.44940626 0.68571429
641.44326512 0.64323567
641.42678954 0.59589699
641.42486257 0.57142857
641.41758456 0.53703565
641.38162568 0.48678114
641.37577518 0.45714286
641.38527492 0.42769475
641.41464847 0.40441605
641.45873332 0.37638168
641.47342939 0.3497788
641.47394995 0.34285714
641.48495203 0.37194643
641.52155289 0.39790157
641.55876029 0.42314053
641.57171543 0.45020329
641.57212473 0.45714286
641.56403025 0.49137251
641.52822681 0.54166699
641.52303734 0.57142857
641.51644195 0.6138345
641.50021326 0.66121991
641.49849365 0.68571429
641.4926408 0.74098457
641.48628506 0.79284039
641.4862218 0.8
641.49105095 0.74844811
641.49842113 0.69287328
641.49849365 0.68571429
641.50434649 0.74098457
641.51070224 0.79284039
641.51076549 0.8
641.50593635 0.74844811
641.49856616 0.69287328
641.49849365 0.68571429
641.50463479 0.64323567
641.52111037 0.59589699
641.52303734 0.57142857
641.52963273 0.6138345
641.54586142 0.66121991
641.54758103 0.68571429
641.54172819 0.74098457
641.53537244 0.79284039
641.53530919 0.8
641.54013833 0.74844811
641.54750852 0.69287328
641.54758103 0.68571429
641.55343388 0.74098457
641.55978962 0.79284039
641.55985288 0.8
641.55502373 0.74844811
641.54765355 0.69287328
641.54758103 0.68571429
641.54143989 0.64323567
641.52496431 0.59589699
641.52303734 0.57142857
641.53031535 0.53703565
641.56627423 0.48678114
641.57212473 0.45714286
641.58021921 0.49137251
641.61602264 0.54166699
641.62121211 0.57142857
641.61461672 0.6138345
641.59838803 0.66121991
641.59666842 0.68571429
641.59081557 0.74098457
641.58445983 0.79284039
641.58439657 0.8
641.58922572 0.74844811
641.5965959 0.69287328
641.59666842 0.68571429
641.60252126 0.74098457
641.60887701 0.79284039
641.60894026 0.8
641.60411112 0.74844811
641.59674093 0.69287328
641.59666842 0.68571429
641.60280956 0.64323567
641.61928514 0.59589699
641.62121211 0.57142857
641.6278075 0.6138345
641.64403619 0.66121991
641.6457558 0.68571429
641.63990296 0.74098457
641.63354721 0.79284039
641.63348396 0.8
641.6383131 0.74844811
641.64568329 0.69287328
641.6457558 0.68571429
641.65160865 0.74098457
641.65796439 0.79284039
641.65802765 0.8
641.6531985 0.74844811
641.64582832 0.69287328
641.6457558 0.68571429
641.63961466 0.64323567
641.62313908 0.59589699
641.62121211 0.57142857
641.6139341 0.53703565
641.57797522 0.48678114
641.57212473 0.45714286
641.56262499 0.42769475
641.53325144 0.40441605
641.48916659 0.37638168
641.47447052 0.3497788
641.47394995 0.34285714
641.46268116 0.31810314
641.4323449 0.30050429
641.31516751 0.26543659
641.28579815 0.2475247
641.27760041 0.22857143
641.25797614 0.20364587
641.20276484 0.18554497
641.07977917 0.16679827
640.95750964 0.14968659
640.9012946 0.13283022
640.88490133 0.11428571
640.88490133 0.00713875
644.02251808 0
642.45569766 0.00713875
642.45569766 0.11428571
642.42818372 0.13775393
642.34565349 0.15595519
642.15599799 0.18186492
642.09341161 0.19855437
642.06423739 0.22159247
642.06299858 0.22857143
642.04906964 0.25267047
642.00572426 0.27232752
641.90825409 0.30050429
641.87791784 0.31810314
641.86664904 0.34285714
641.85564696 0.37194643
641.81904611 0.39790157
641.7818387 0.42314053
641.76888356 0.45020329
641.76847427 0.45714286
641.76037979 0.49137251
641.72457635 0.54166699
641.71938688 0.57142857
641.71279149 0.6138345
641.6965628 0.66121991
641.69484319 0.68571429
641.68899034 0.74098457
641.6826346 0.79284039
641.68257134 0.8
641.68740049 0.74844811
641.69477067 0.69287328
641.69484319 0.68571429
641.70069603 0.74098457
641.70705178 0.79284039
641.70711503 0.8
641.70228589 0.74844811
641.6949157 0.69287328
641.69484319 0.68571429
641.70098433 0.64323567
641.71745991 0.59589699
641.71938688 0.57142857
641.72598227 0.6138345
641.74221096 0.66121991
641.74393057 0.68571429
641.73807773 0.74098457
641.73172199 0.79284039
641.73165873 0.8
641.73648787 0.74844811
641.74385806 0.69287328
641.74393057 0.68571429
641.74978342 0.74098457
641.75613916 0.79284039
641.75620242 0.8
641.75137327 0.74844811
641.74400309 0.69287328
641.74393057 0.68571429
641.73778943 0.64323567
641.72131385 0.59589699
641.71938688 0.57142857
641.72666489 0.53703565
641.76262377 0.48678114
641.76847427 0.45714286
641.77656875 0.49137251
641.81237218 0.54166699
641.81756165 0.57142857
641.81096626 0.6138345
641.79473758 0.66121991
641.79301796 0.68571429
641.78716511 0.74098457
641.78080937 0.79284039
641.78074611 0.8
641.78557526 0.74844811
641.79294544 0.69287328
641.79301796 0.68571429
641.79887081 0.74098457
641.80522655 0.79284039
641.80528981 0.8
641.80046066 0.74844811
641.79309048 0.69287328
641.79301796 0.68571429
641.7991591 0.64323567
641.81563468 0.59589699
641.81756165 0.57142857
641.82415704 0.6138345
641.84038573 0.66121991
641.84210534 0.68571429
641.8362525 0.74098457
641.82989676 0.79284039
641.8298335 0.8
641.83466264 0.74844811
641.84203283 0.69287328
641.84210534 0.68571429
641.84795819 0.74098457
641.85431393 0.79284039
641.85437719 0.8
641.84954804 0.74844811
641.84217786 0.69287328
641.84210534 0.68571429
641.8359642 0.64323567
641.81948862 0.59589699
641.81756165 0.57142857
641.81028364 0.53703565
641.77432476 0.48678114
641.76847427 0.45714286
641.777974 0.42769475
641.80734755 0.40441605
641.85143241 0.37638168
641.86612847 0.3497788
641.86664904 0.34285714
641.87765111 0.37194643
641.91425197 0.39790157
641.95145937 0.42314053
641.96441451 0.45020329
641.96482381 0.45714286
641.95672933 0.49137251
641.92092589 0.54166699
641.91573642 0.57142857
641.90914103 0.6138345
641.89291235 0.66121991
641.89119273 0.68571429
641.88533988 0.74098457
641.87898414 0.79284039
641.87892088 0.8
641.88375003 0.74844811
641.89112021 0.69287328
641.89119273 0.68571429
641.89704558 0.74098457
641.90340132 0.79284039
641.90346458 0.8
641.89863543 0.74844811
641.89126525 0.69287328
641.89119273 0.68571429
641.89733387 0.64323567
641.91380945 0.59589699
641.91573642 0.57142857
641.92233181 0.6138345
641.9385605 0.66121991
641.94028011 0.68571429
641.93442727 0.74098457
641.92807153 0.79284039
641.92800827 0.8
641.93283741 0.74844811
641.9402076 0.69287328
641.94028011 0.68571429
641.94613296 0.74098457
641.9524887 0.79284039
641.95255196 0.8
641.94772282 0.74844811
641.94035263 0.69287328
641.94028011 0.68571429
641.93413897 0.64323567
641.91766339 0.59589699
641.91573642 0.57142857
641.92301443 0.53703565
641.95897331 0.48678114
641.96482381 0.45714286
641.97291829 0.49137251
642.00872172 0.54166699
642.01391119 0.57142857
642.0073158 0.6138345
641.99108712 0.66121991
641.9893675 0.68571429
641.98351465 0.74098457
641.97715891 0.79284039
641.97709565 0.8
641.9819248 0.74844811
641.98929498 0.69287328
641.9893675 0.68571429
641.99522035 0.74098457
642.00157609 0.79284039
642.00163935 0.8
641.9968102 0.74844811
641.98944002 0.69287328
641.9893675 0.68571429
641.99550864 0.64323567
642.01198422 0.59589699
642.01391119 0.57142857
642.02050658 0.6138345
642.03673527 0.66121991
642.03845488 0.68571429
642.03260204 0.74098457
642.0262463 0.79284039
642.02618304 0.8
642.03101218 0.74844811
642.03838237 0.69287328
642.03845488 0.68571429
642.04430773 0.74098457
642.05066347 0.79284039
642.05072673 0.8
642.04589759 0.74844811
642.0385274 0.69287328
642.03845488 0.68571429
642.03231375 0.64323567
642.01583817 0.59589699
642.01391119 0.57142857
642.00663319 0.53703565
641.9706743 0.48678114
641.96482381 0.45714286
641.95532407 0.42769475
641.92595052 0.40441605
641.88186567 0.37638168
641.8671696 0.3497788
641.86664904 0.34285714
641.87791784 0.31810314
641.90825409 0.30050429
642.02543148 0.26543659
642.05480084 0.2475247
642.06299858 0.22857143
642.07692751 0.25267047
642.1202729 0.27232752
642.21774307 0.30050429
642.24807932 0.31810314
642.25934812 0.34285714
642.24834604 0.37194643
642.21174519 0.39790157
642.17453779 0.42314053
642.16158264 0.45020329
642.16117335 0.45714286
642.15307887 0.49137251
642.11727543 0.54166699
642.11208596 0.57142857
642.10549057 0.6138345
642.08926189 0.66121991
642.08754227 0.68571429
642.08168942 0.74098457
642.07533368 0.79284039
642.07527042 0.8
642.08009957 0.74844811
642.08746975 0.69287328
642.08754227 0.68571429
642.09339512 0.74098457
642.09975086 0.79284039
642.09981412 0.8
642.09498497 0.74844811
642.08761479 0.69287328
642.08754227 0.68571429
642.09368341 0.64323567
642.11015899 0.59589699
642.11208596 0.57142857
642.11868135 0.6138345
642.13491004 0.66121991
642.13662966 0.68571429
642.13077681 0.74098457
642.12442107 0.79284039
642.12435781 0.8
642.12918695 0.74844811
642.13655714 0.69287328
642.13662966 0.68571429
642.1424825 0.74098457
642.14883824 0.79284039
642.1489015 0.8
642.14407236 0.74844811
642.13670217 0.69287328
642.13662966 0.68571429
642.13048852 0.64323567
642.11401294 0.59589699
642.11208596 0.57142857
642.11936397 0.53703565
642.15532285 0.48678114
642.16117335 0.45714286
642.16926783 0.49137251
642.20507127 0.54166699
642.21026073 0.57142857
642.20366535 0.6138345
642.18743666 0.66121991
642.18571704 0.68571429
642.17986419 0.74098457
642.17350845 0.79284039
642.17344519 0.8
642.17827434 0.74844811
642.18564452 0.69287328
642.18571704 0.68571429
642.19156989 0.74098457
642.19792563 0.79284039
642.19798889 0.8
642.19315974 0.74844811
642.18578956 0.69287328
642.18571704 0.68571429
642.19185818 0.64323567
642.20833376 0.59589699
642.21026073 0.57142857
642.21685612 0.6138345
642.23308481 0.66121991
642.23480443 0.68571429
642.22895158 0.74098457
642.22259584 0.79284039
642.22253258 0.8
642.22736172 0.74844811
642.23473191 0.69287328
642.23480443 0.68571429
642.24065727 0.74098457
642.24701301 0.79284039
642.24707627 0.8
642.24224713 0.74844811
642.23487694 0.69287328
642.23480443 0.68571429
642.22866329 0.64323567
642.21218771 0.59589699
642.21026073 0.57142857
642.20298273 0.53703565
642.16702384 0.48678114
642.16117335 0.45714286
642.17067308 0.42769475
642.20004663 0.40441605
642.24413149 0.37638168
642.25882755 0.3497788
642.25934812 0.34285714
642.27035019 0.37194643
642.30695105 0.39790157
642.34415845 0.42314053
642.35711359 0.45020329
642.35752289 0.45714286
642.34942841 0.49137251
642.31362497 0.54166699
642.3084355 0.57142857
642.30184012 0.6138345
642.28561143 0.66121991
642.28389181 0.68571429
642.27803896 0.74098457
642.27168322 0.79284039
642.27161996 0.8
642.27644911 0.74844811
642.28381929 0.69287328
642.28389181 0.68571429
642.28974466 0.74098457
642.2961004 0.79284039
642.29616366 0.8
642.29133451 0.74844811
642.28396433 0.69287328
642.28389181 0.68571429
642.29003295 0.64323567
642.30650853 0.59589699
642.3084355 0.57142857
642.31503089 0.6138345
642.33125958 0.66121991
642.3329792 0.68571429
642.32712635 0.74098457
642.32077061 0.79284039
642.32070735 0.8
642.3255365 0.74844811
642.33290668 0.69287328
642.3329792 0.68571429
642.33883204 0.74098457
642.34518778 0.79284039
642.34525104 0.8
642.3404219 0.74844811
642.33305171 0.69287328
642.3329792 0.68571429
642.32683806 0.64323567
642.31036248 0.59589699
642.3084355 0.57142857
642.31571351 0.53703565
642.35167239 0.48678114
642.35752289 0.45714286
642.36561737 0.49137251
642.40142081 0.54166699
642.40661027 0.57142857
642.40001489 0.6138345
642.3837862 0.66121991
642.38206658 0.68571429
642.37621373 0.74098457
642.36985799 0.79284039
642.36979473 0.8
642.37462388 0.74844811
642.38199406 0.69287328
642.38206658 0.68571429
642.38791943 0.74098457
642.39427517 0.79284039
642.39433843 0.8
642.38950928 0.74844811
642.3821391 0.69287328
642.38206658 0.68571429
642.38820772 0.64323567
642.4046833 0.59589699
642.40661027 0.57142857
642.41320566 0.6138345
642.42943435 0.66121991
642.43115397 0.68571429
642.42530112 0.74098457
642.41894538 0.79284039
642.41888212 0.8
642.42371127 0.74844811
642.43108145 0.69287328
642.43115397 0.68571429
642.43700681 0.74098457
642.44336255 0.79284039
642.44342581 0.8
642.43859667 0.74844811
642.43122648 0.69287328
642.43115397 0.68571429
642.42501283 0.64323567
642.40853725 0.59589699
642.40661027 0.57142857
642.39933227 0.53703565
642.36337339 0.48678114
642.35752289 0.45714286
642.34802315 0.42769475
642.3186496 0.40441605
642.27456475 0.37638168
642.25986868 0.3497788
642.25934812 0.34285714
642.24807932 0.31810314
642.21774307 0.30050429
642.10056567 0.26543659
642.07119631 0.2475247
642.06299858 0.22857143
642.08262285 0.20364587
642.13783415 0.18554497
642.26081982 0.16679827
642.38308935 0.14968659
642.4393044 0.13283022
642.45569766 0.11428571
642.4832116 0.13775393
642.56574183 0.15595519
642.75539732 0.18186492
642.8179837 0.19855437
642.84715793 0.22159247
642.84839674 0.22857143
642.83446781 0.25267047
642.79112242 0.27232752
642.69365225 0.30050429
642.663316 0.31810314
642.6520472 0.34285714
642.64104512 0.37194643
642.60444427 0.39790157
642.56723687 0.42314053
642.55428173 0.45020329
642.55387243 0.45714286
642.54577795 0.49137251
642.50997451 0.54166699
642.50478504 0.57142857
642.49818966 0.6138345
642.48196097 0.66121991
642.48024135 0.68571429
642.47438851 0.74098457
642.46803276 0.79284039
642.46796951 0.8
642.47279865 0.74844811
642.48016884 0.69287328
642.48024135 0.68571429
642.4860942 0.74098457
642.49244994 0.79284039
642.4925132 0.8
642.48768405 0.74844811
642.48031387 0.69287328
642.48024135 0.68571429
642.48638249 0.64323567
642.50285807 0.59589699
642.50478504 0.57142857
642.51138043 0.6138345
642.52760912 0.66121991
642.52932874 0.68571429
642.52347589 0.74098457
642.51712015 0.79284039
642.51705689 0.8
642.52188604 0.74844811
642.52925622 0.69287328
642.52932874 0.68571429
642.53518158 0.74098457
642.54153733 0.79284039
642.54160058 0.8
642.53677144 0.74844811
642.52940125 0.69287328
642.52932874 0.68571429
642.5231876 0.64323567
642.50671202 0.59589699
642.50478504 0.57142857
642.51206305 0.53703565
642.54802193 0.48678114
642.55387243 0.45714286
642.56196691 0.49137251
642.59777035 0.54166699
642.60295981 0.57142857
642.59636443 0.6138345
642.58013574 0.66121991
642.57841612 0.68571429
642.57256328 0.74098457
642.56620753 0.79284039
642.56614428 0.8
642.57097342 0.74844811
642.57834361 0.69287328
642.57841612 0.68571429
642.58426897 0.74098457
642.59062471 0.79284039
642.59068797 0.8
642.58585882 0.74844811
642.57848864 0.69287328
642.57841612 0.68571429
642.58455726 0.64323567
642.60103284 0.59589699
642.60295981 0.57142857
642.6095552 0.6138345
642.62578389 0.66121991
642.62750351 0.68571429
642.62165066 0.74098457
642.61529492 0.79284039
642.61523166 0.8
642.62006081 0.74844811
642.62743099 0.69287328
642.62750351 0.68571429
642.63335635 0.74098457
642.6397121 0.79284039
642.63977535 0.8
642.63494621 0.74844811
642.62757602 0.69287328
642.62750351 0.68571429
642.62136237 0.64323567
642.60488679 0.59589699
642.60295981 0.57142857
642.59568181 0.53703565
642.55972293 0.48678114
642.55387243 0.45714286
642.56337216 0.42769475
642.59274571 0.40441605
642.63683057 0.37638168
642.65152664 0.3497788
642.6520472 0.34285714
642.66304928 0.37194643
642.69965013 0.39790157
642.73685753 0.42314053
642.74981267 0.45020329
642.75022197 0.45714286
642.74212749 0.49137251
642.70632405 0.54166699
642.70113459 0.57142857
642.6945392 0.6138345
642.67831051 0.66121991
642.67659089 0.68571429
642.67073805 0.74098457
642.6643823 0.79284039
642.66431905 0.8
642.66914819 0.74844811
642.67651838 0.69287328
642.67659089 0.68571429
642.68244374 0.74098457
642.68879948 0.79284039
642.68886274 0.8
642.68403359 0.74844811
642.67666341 0.69287328
642.67659089 0.68571429
642.68273203 0.64323567
642.69920761 0.59589699
642.70113459 0.57142857
642.70772997 0.6138345
642.72395866 0.66121991
642.72567828 0.68571429
642.71982543 0.74098457
642.71346969 0.79284039
642.71340643 0.8
642.71823558 0.74844811
642.72560576 0.69287328
642.72567828 0.68571429
642.73153112 0.74098457
642.73788687 0.79284039
642.73795012 0.8
642.73312098 0.74844811
642.72575079 0.69287328
642.72567828 0.68571429
642.71953714 0.64323567
642.70306156 0.59589699
642.70113459 0.57142857
642.70841259 0.53703565
642.74437147 0.48678114
642.75022197 0.45714286
642.75831645 0.49137251
642.79411989 0.54166699
642.79930936 0.57142857
642.79271397 0.6138345
642.77648528 0.66121991
642.77476566 0.68571429
642.76891282 0.74098457
642.76255707 0.79284039
642.76249382 0.8
642.76732296 0.74844811
642.77469315 0.69287328
642.77476566 0.68571429
642.78061851 0.74098457
642.78697425 0.79284039
642.78703751 0.8
642.78220836 0.74844811
642.77483818 0.69287328
642.77476566 0.68571429
642.7809068 0.64323567
642.79738238 0.59589699
642.79930936 0.57142857
642.80590474 0.6138345
642.82213343 0.66121991
642.82385305 0.68571429
642.8180002 0.74098457
642.81164446 0.79284039
642.8115812 0.8
642.81641035 0.74844811
642.82378053 0.69287328
642.82385305 0.68571429
642.82970589 0.74098457
642.83606164 0.79284039
642.83612489 0.8
642.83129575 0.74844811
642.82392556 0.69287328
642.82385305 0.68571429
642.81771191 0.64323567
642.80123633 0.59589699
642.79930936 0.57142857
642.79203135 0.53703565
642.75607247 0.48678114
642.75022197 0.45714286
642.74072224 0.42769475
642.71134869 0.40441605
642.66726383 0.37638168
642.65256776 0.3497788
642.6520472 0.34285714
642.663316 0.31810314
642.69365225 0.30050429
642.81082964 0.26543659
642.840199 0.2475247
642.84839674 0.22857143
642.86232567 0.25267047
642.90567106 0.27232752
643.00314123 0.30050429
643.03347748 0.31810314
643.04474628 0.34285714
643.03374421 0.37194643
642.99714335 0.39790157
642.95993595 0.42314053
642.94698081 0.45020329
642.94657151 0.45714286
642.93847703 0.49137251
642.90267359 0.54166699
642.89748413 0.57142857
642.89088874 0.6138345
642.87466005 0.66121991
642.87294043 0.68571429
642.86708759 0.74098457
642.86073185 0.79284039
642.86066859 0.8
642.86549773 0.74844811
642.87286792 0.69287328
642.87294043 0.68571429
642.87879328 0.74098457
642.88514902 0.79284039
642.88521228 0.8
642.88038313 0.74844811
642.87301295 0.69287328
642.87294043 0.68571429
642.87908157 0.64323567
642.89555715 0.59589699
642.89748413 0.57142857
642.90407951 0.6138345
642.9203082 0.66121991
642.92202782 0.68571429
642.91617497 0.74098457
642.90981923 0.79284039
642.90975597 0.8
642.91458512 0.74844811
642.9219553 0.69287328
642.92202782 0.68571429
642.92788067 0.74098457
642.93423641 0.79284039
642.93429966 0.8
642.92947052 0.74844811
642.92210034 0.69287328
642.92202782 0.68571429
642.91588668 0.64323567
642.8994111 0.59589699
642.89748413 0.57142857
642.90476213 0.53703565
642.94072101 0.48678114
642.94657151 0.45714286
642.95466599 0.49137251
642.99046943 0.54166699
642.9956589 0.57142857
642.98906351 0.6138345
642.97283482 0.66121991
642.9711152 0.68571429
642.96526236 0.74098457
642.95890662 0.79284039
642.95884336 0.8
642.9636725 0.74844811
642.97104269 0.69287328
642.9711152 0.68571429
642.97696805 0.74098457
642.98332379 0.79284039
642.98338705 0.8
642.9785579 0.74844811
642.97118772 0.69287328
642.9711152 0.68571429
642.97725634 0.64323567
642.99373192 0.59589699
642.9956589 0.57142857
643.00225428 0.6138345
643.01848297 0.66121991
643.02020259 0.68571429
643.01434974 0.74098457
643.007994 0.79284039
643.00793074 0.8
643.01275989 0.74844811
643.02013007 0.69287328
643.02020259 0.68571429
643.02605544 0.74098457
643.03241118 0.79284039
643.03247444 0.8
643.02764529 0.74844811
643.02027511 0.69287328
643.02020259 0.68571429
643.01406145 0.64323567
642.99758587 0.59589699
642.9956589 0.57142857
642.98838089 0.53703565
642.95242201 0.48678114
642.94657151 0.45714286
642.95607125 0.42769475
642.9854448 0.40441605
643.02952965 0.37638168
643.04422572 0.3497788
643.04474628 0.34285714
643.05574836 0.37194643
643.09234921 0.39790157
643.12955661 0.42314053
643.14251176 0.45020329
643.14292105 0.45714286
643.13482657 0.49137251
643.09902313 0.54166699
643.09383367 0.57142857
643.08723828 0.6138345
643.07100959 0.66121991
643.06928997 0.68571429
643.06343713 0.74098457
643.05708139 0.79284039
643.05701813 0.8
643.06184727 0.74844811
643.06921746 0.69287328
643.06928997 0.68571429
643.07514282 0.74098457
643.08149856 0.79284039
643.08156182 0.8
643.07673268 0.74844811
643.06936249 0.69287328
643.06928997 0.68571429
643.07543111 0.64323567
643.09190669 0.59589699
643.09383367 0.57142857
643.10042905 0.6138345
643.11665774 0.66121991
643.11837736 0.68571429
643.11252451 0.74098457
643.10616877 0.79284039
643.10610551 0.8
643.11093466 0.74844811
643.11830484 0.69287328
643.11837736 0.68571429
643.12423021 0.74098457
643.13058595 0.79284039
643.13064921 0.8
643.12582006 0.74844811
643.11844988 0.69287328
643.11837736 0.68571429
643.11223622 0.64323567
643.09576064 0.59589699
643.09383367 0.57142857
643.10111167 0.53703565
643.13707055 0.48678114
643.14292105 0.45714286
643.15101553 0.49137251
643.18681897 0.54166699
643.19200844 0.57142857
643.18541305 0.6138345
643.16918436 0.66121991
643.16746474 0.68571429
643.1616119 0.74098457
643.15525616 0.79284039
643.1551929 0.8
643.16002204 0.74844811
643.16739223 0.69287328
643.16746474 0.68571429
643.17331759 0.74098457
643.17967333 0.79284039
643.17973659 0.8
643.17490745 0.74844811
643.16753726 0.69287328
643.16746474 0.68571429
643.17360588 0.64323567
643.19008146 0.59589699
643.19200844 0.57142857
643.19860383 0.6138345
643.21483251 0.66121991
643.21655213 0.68571429
643.21069928 0.74098457
643.20434354 0.79284039
643.20428028 0.8
643.20910943 0.74844811
643.21647961 0.69287328
643.21655213 0.68571429
643.22240498 0.74098457
643.22876072 0.79284039
643.22882398 0.8
643.22399483 0.74844811
643.21662465 0.69287328
643.21655213 0.68571429
643.21041099 0.64323567
643.19393541 0.59589699
643.19200844 0.57142857
643.18473043 0.53703565
643.14877155 0.48678114
643.14292105 0.45714286
643.13342132 0.42769475
643.10404777 0.40441605
643.05996291 0.37638168
643.04526685 0.3497788
643.04474628 0.34285714
643.03347748 0.31810314
643.00314123 0.30050429
642.88596384 0.26543659
642.85659448 0.2475247
642.84839674 0.22857143
642.82877247 0.20364587
642.77356116 0.18554497
642.6505755 0.16679827
642.52830597 0.14968659
642.47209092 0.13283022
642.45569766 0.11428571
642.45569766 0.00713875
643.9229472 0
644.02649399 0.04767932
644.02649399 0.11428571
643.99898004 0.13775393
643.91644981 0.15595519
643.72679432 0.18186492
643.66420794 0.19855437
643.63503372 0.22159247
643.6337949 0.22857143
643.61986597 0.25267047
643.57652058 0.27232752
643.47905041 0.30050429
643.44871416 0.31810314
643.43744536 0.34285714
643.42644329 0.37194643
643.38984243 0.39790157
643.35263503 0.42314053
643.33967989 0.45020329
643.33927059 0.45714286
643.33117611 0.49137251
643.29537268 0.54166699
643.29018321 0.57142857
643.28358782 0.6138345
643.26735913 0.66121991
643.26563952 0.68571429
643.25978667 0.74098457
643.25343093 0.79284039
643.25336767 0.8
643.25819681 0.74844811
643.265567 0.69287328
643.26563952 0.68571429
643.27149236 0.74098457
643.2778481 0.79284039
643.27791136 0.8
643.27308222 0.74844811
643.26571203 0.69287328
643.26563952 0.68571429
643.27178065 0.64323567
643.28825623 0.59589699
643.29018321 0.57142857
643.2967786 0.6138345
643.31300728 0.66121991
643.3147269 0.68571429
643.30887405 0.74098457
643.30251831 0.79284039
643.30245505 0.8
643.3072842 0.74844811
643.31465438 0.69287328
643.3147269 0.68571429
643.32057975 0.74098457
643.32693549 0.79284039
643.32699875 0.8
643.3221696 0.74844811
643.31479942 0.69287328
643.3147269 0.68571429
643.30858576 0.64323567
643.29211018 0.59589699
643.29018321 0.57142857
643.29746121 0.53703565
643.3334201 0.48678114
643.33927059 0.45714286
643.34736507 0.49137251
643.38316851 0.54166699
643.38835798 0.57142857
643.38176259 0.6138345
643.3655339 0.66121991
643.36381429 0.68571429
643.35796144 0.74098457
643.3516057 0.79284039
643.35154244 0.8
643.35637158 0.74844811
643.36374177 0.69287328
643.36381429 0.68571429
643.36966713 0.74098457
643.37602287 0.79284039
643.37608613 0.8
643.37125699 0.74844811
643.3638868 0.69287328
643.36381429 0.68571429
643.36995543 0.64323567
643.38643101 0.59589699
643.38835798 0.57142857
643.39495337 0.6138345
643.41118205 0.66121991
643.41290167 0.68571429
643.40704882 0.74098457
643.40069308 0.79284039
643.40062982 0.8
643.40545897 0.74844811
643.41282915 0.69287328
643.41290167 0.68571429
643.41875452 0.74098457
643.42511026 0.79284039
643.42517352 0.8
643.42034437 0.74844811
643.41297419 0.69287328
643.41290167 0.68571429
643.40676053 0.64323567
643.39028495 0.59589699
643.38835798 0.57142857
643.38107997 0.53703565
643.34512109 0.48678114
643.33927059 0.45714286
643.34877033 0.42769475
643.37814388 0.40441605
643.42222873 0.37638168
643.4369248 0.3497788
643.43744536 0.34285714
643.44844744 0.37194643
643.48504829 0.39790157
643.5222557 0.42314053
643.53521084 0.45020329
643.53562013 0.45714286
643.52752565 0.49137251
643.49172222 0.54166699
643.48653275 0.57142857
643.47993736 0.6138345
643.46370867 0.66121991
643.46198906 0.68571429
643.45613621 0.74098457
643.44978047 0.79284039
643.44971721 0.8
643.45454635 0.74844811
643.46191654 0.69287328
643.46198906 0.68571429
643.4678419 0.74098457
643.47419764 0.79284039
643.4742609 0.8
643.46943176 0.74844811
643.46206157 0.69287328
643.46198906 0.68571429
643.4681302 0.64323567
643.48460578 0.59589699
643.48653275 0.57142857
643.49312814 0.6138345
643.50935682 0.66121991
643.51107644 0.68571429
643.50522359 0.74098457
643.49886785 0.79284039
643.49880459 0.8
643.50363374 0.74844811
643.51100392 0.69287328
643.51107644 0.68571429
643.51692929 0.74098457
643.52328503 0.79284039
643.52334829 0.8
643.51851914 0.74844811
643.51114896 0.69287328
643.51107644 0.68571429
643.5049353 0.64323567
643.48845972 0.59589699
643.48653275 0.57142857
643.49381076 0.53703565
643.52976964 0.48678114
643.53562013 0.45714286
643.54371461 0.49137251
643.57951805 0.54166699
643.58470752 0.57142857
643.57811213 0.6138345
643.56188344 0.66121991
643.56016383 0.68571429
643.55431098 0.74098457
643.54795524 0.79284039
643.54789198 0.8
643.55272113 0.74844811
643.56009131 0.69287328
643.56016383 0.68571429
643.56601667 0.74098457
643.57237241 0.79284039
643.57243567 0.8
643.56760653 0.74844811
643.56023634 0.69287328
643.56016383 0.68571429
643.56630497 0.64323567
643.58278055 0.59589699
643.58470752 0.57142857
643.59130291 0.6138345
643.6075316 0.66121991
643.60925121 0.68571429
643.60339836 0.74098457
643.59704262 0.79284039
643.59697937 0.8
643.60180851 0.74844811
643.6091787 0.69287328
643.60925121 0.68571429
643.61510406 0.74098457
643.6214598 0.79284039
643.62152306 0.8
643.61669391 0.74844811
643.60932373 0.69287328
643.60925121 0.68571429
643.60311007 0.64323567
643.58663449 0.59589699
643.58470752 0.57142857
643.57742951 0.53703565
643.54147063 0.48678114
643.53562013 0.45714286
643.5261204 0.42769475
643.49674685 0.40441605
643.45266199 0.37638168
643.43796593 0.3497788
643.43744536 0.34285714
643.44871416 0.31810314
643.47905041 0.30050429
643.59622781 0.26543659
643.62559717 0.2475247
643.6337949 0.22857143
643.64772384 0.25267047
643.69106923 0.27232752
643.78853939 0.30050429
643.81887565 0.31810314
643.83014445 0.34285714
643.81914237 0.37194643
643.78254151 0.39790157
643.74533411 0.42314053
643.73237897 0.45020329
643.73196967 0.45714286
643.72387519 0.49137251
643.68807176 0.54166699
643.68288229 0.57142857
643.6762869 0.6138345
643.66005821 0.66121991
643.6583386 0.68571429
643.65248575 0.74098457
643.64613001 0.79284039
643.64606675 0.8
643.6508959 0.74844811
643.65826608 0.69287328
643.6583386 0.68571429
643.66419144 0.74098457
643.67054719 0.79284039
643.67061044 0.8
643.6657813 0.74844811
643.65841111 0.69287328
643.6583386 0.68571429
643.66447974 0.64323567
643.68095532 0.59589699
643.68288229 0.57142857
643.68947768 0.6138345
643.70570637 0.66121991
643.70742598 0.68571429
643.70157314 0.74098457
643.69521739 0.79284039
643.69515414 0.8
643.69998328 0.74844811
643.70735347 0.69287328
643.70742598 0.68571429
643.71327883 0.74098457
643.71963457 0.79284039
643.71969783 0.8
643.71486868 0.74844811
643.7074985 0.69287328
643.70742598 0.68571429
643.70128484 0.64323567
643.68480926 0.59589699
643.68288229 0.57142857
643.6901603 0.53703565
643.72611918 0.48678114
643.73196967 0.45714286
643.74006415 0.49137251
643.77586759 0.54166699
643.78105706 0.57142857
643.77446167 0.6138345
643.75823298 0.66121991
643.75651337 0.68571429
643.75066052 0.74098457
643.74430478 0.79284039
643.74424152 0.8
643.74907067 0.74844811
643.75644085 0.69287328
643.75651337 0.68571429
643.76236621 0.74098457
643.76872196 0.79284039
643.76878521 0.8
643.76395607 0.74844811
643.75658588 0.69287328
643.75651337 0.68571429
643.76265451 0.64323567
643.77913009 0.59589699
643.78105706 0.57142857
643.78765245 0.6138345
643.80388114 0.66121991
643.80560075 0.68571429
643.79974791 0.74098457
643.79339216 0.79284039
643.79332891 0.8
643.79815805 0.74844811
643.80552824 0.69287328
643.80560075 0.68571429
643.8114536 0.74098457
643.81780934 0.79284039
643.8178726 0.8
643.81304345 0.74844811
643.80567327 0.69287328
643.80560075 0.68571429
643.79945961 0.64323567
643.78298403 0.59589699
643.78105706 0.57142857
643.77377905 0.53703565
643.73782017 0.48678114
643.73196967 0.45714286
643.74146941 0.42769475
643.77084296 0.40441605
643.81492781 0.37638168
643.82962388 0.3497788
643.83014445 0.34285714
643.84114652 0.37194643
643.87774738 0.39790157
643.91495478 0.42314053
643.92790992 0.45020329
643.92831922 0.45714286
643.92022474 0.49137251
643.8844213 0.54166699
643.87923183 0.57142857
643.87263644 0.6138345
643.85640775 0.66121991
643.85468814 0.68571429
643.84883529 0.74098457
643.84247955 0.79284039
643.84241629 0.8
643.84724544 0.74844811
643.85461562 0.69287328
643.85468814 0.68571429
643.86054098 0.74098457
643.86689673 0.79284039
643.86695998 0.8
643.86213084 0.74844811
643.85476065 0.69287328
643.85468814 0.68571429
643.86082928 0.64323567
643.87730486 0.59589699
643.87923183 0.57142857
643.88582722 0.6138345
643.90205591 0.66121991
643.90377552 0.68571429
643.89792268 0.74098457
643.89156693 0.79284039
643.89150368 0.8
643.89633282 0.74844811
643.90370301 0.69287328
643.90377552 0.68571429
643.90962837 0.74098457
643.91598411 0.79284039
643.91604737 0.8
643.91121822 0.74844811
643.90384804 0.69287328
643.90377552 0.68571429
643.89763438 0.64323567
643.8811588 0.59589699
643.87923183 0.57142857
643.88650984 0.53703565
643.92246872 0.48678114
643.92831922 0.45714286
643.9364137 0.49137251
643.97221713 0.54166699
643.9774066 0.57142857
643.97081121 0.6138345
643.95458252 0.66121991
643.95286291 0.68571429
643.94701006 0.74098457
643.94065432 0.79284039
643.94059106 0.8
643.94542021 0.74844811
643.95279039 0.69287328
643.95286291 0.68571429
643.95871575 0.74098457
643.9650715 0.79284039
643.96513475 0.8
643.96030561 0.74844811
643.95293542 0.69287328
643.95286291 0.68571429
643.95900405 0.64323567
643.97547963 0.59589699
643.9774066 0.57142857
643.98400199 0.6138345
644.00023068 0.66121991
644.00195029 0.68571429
643.99609745 0.74098457
643.9897417 0.79284039
643.98967845 0.8
643.99450759 0.74844811
644.00187778 0.69287328
644.00195029 0.68571429
644.00780314 0.74098457
644.01415888 0.79284039
644.01422214 0.8
644.00939299 0.74844811
644.00202281 0.69287328
644.00195029 0.68571429
643.99580915 0.64323567
643.97933357 0.59589699
643.9774066 0.57142857
643.97012859 0.53703565
643.93416971 0.48678114
643.92831922 0.45714286
643.91881948 0.42769475
643.88944593 0.40441605
643.84536108 0.37638168
643.83066501 0.3497788
643.83014445 0.34285714
643.81887565 0.31810314
643.78853939 0.30050429
643.671362 0.26543659
643.64199264 0.2475247
643.6337949 0.22857143
643.65341918 0.20364587
643.70863048 0.18554497
643.83161615 0.16679827
643.95388567 0.14968659
644.01010072 0.13283022
644.02649399 0.11428571
644.05400793 0.13775393
644.13653816 0.15595519
644.32619365 0.18186492
644.38878003 0.19855437
644.41795426 0.22159247
644.41919307 0.22857143
644.40526413 0.25267047
644.36191875 0.27232752
644.26444858 0.30050429
644.23411233 0.31810314
644.22284353 0.34285714
644.21184145 0.37194643
644.1752406 0.39790157
644.13803319 0.42314053
644.12507805 0.45020329
644.12466876 0.45714286
644.11657428 0.49137251
644.08077084 0.54166699
644.07558137 0.57142857
644.06898598 0.6138345
644.05275729 0.66121991
644.05103768 0.68571429
644.04518483 0.74098457
644.03882909 0.79284039
644.03876583 0.8
644.04359498 0.74844811
644.05096516 0.69287328
644.05103768 0.68571429
644.05689053 0.74098457
644.06324627 0.79284039
644.06330952 0.8
644.05848038 0.74844811
644.05111019 0.69287328
644.05103768 0.68571429
644.05717882 0.64323567
644.0736544 0.59589699
644.07558137 0.57142857
644.08217676 0.6138345
644.09840545 0.66121991
644.10012506 0.68571429
644.09427222 0.74098457
644.08791648 0.79284039
644.08785322 0.8
644.09268236 0.74844811
644.10005255 0.69287328
644.10012506 0.68571429
644.10597791 0.74098457
644.11233365 0.79284039
644.11239691 0.8
644.10756776 0.74844811
644.10019758 0.69287328
644.10012506 0.68571429
644.09398392 0.64323567
644.07750834 0.59589699
644.07558137 0.57142857
644.08285938 0.53703565
644.11881826 0.48678114
644.12466876 0.45714286
644.13276324 0.49137251
644.16856667 0.54166699
644.17375614 0.57142857
644.16716075 0.6138345
644.15093207 0.66121991
644.14921245 0.68571429
644.1433596 0.74098457
644.13700386 0.79284039
644.1369406 0.8
644.14176975 0.74844811
644.14913993 0.69287328
644.14921245 0.68571429
644.1550653 0.74098457
644.16142104 0.79284039
644.1614843 0.8
644.15665515 0.74844811
644.14928497 0.69287328
644.14921245 0.68571429
644.15535359 0.64323567
644.17182917 0.59589699
644.17375614 0.57142857
644.18035153 0.6138345
644.19658022 0.66121991
644.19829983 0.68571429
644.19244699 0.74098457
644.18609125 0.79284039
644.18602799 0.8
644.19085713 0.74844811
644.19822732 0.69287328
644.19829983 0.68571429
644.20415268 0.74098457
644.21050842 0.79284039
644.21057168 0.8
644.20574254 0.74844811
644.19837235 0.69287328
644.19829983 0.68571429
644.19215869 0.64323567
644.17568311 0.59589699
644.17375614 0.57142857
644.16647813 0.53703565
644.13051925 0.48678114
644.12466876 0.45714286
644.13416849 0.42769475
644.16354204 0.40441605
644.2076269 0.37638168
644.22232296 0.3497788
644.22284353 0.34285714
644.2338456 0.37194643
644.27044646 0.39790157
644.30765386 0.42314053
644.320609 0.45020329
644.3210183 0.45714286
644.31292382 0.49137251
644.27712038 0.54166699
644.27193091 0.57142857
644.26533552 0.6138345
644.24910684 0.66121991
644.24738722 0.68571429
644.24153437 0.74098457
644.23517863 0.79284039
644.23511537 0.8
644.23994452 0.74844811
644.2473147 0.69287328
644.24738722 0.68571429
644.25324007 0.74098457
644.25959581 0.79284039
644.25965907 0.8
644.25482992 0.74844811
644.24745974 0.69287328
644.24738722 0.68571429
644.25352836 0.64323567
644.27000394 0.59589699
644.27193091 0.57142857
644.2785263 0.6138345
644.29475499 0.66121991
644.2964746 0.68571429
644.29062176 0.74098457
644.28426602 0.79284039
644.28420276 0.8
644.2890319 0.74844811
644.29640209 0.69287328
644.2964746 0.68571429
644.30232745 0.74098457
644.30868319 0.79284039
644.30874645 0.8
644.30391731 0.74844811
644.29654712 0.69287328
644.2964746 0.68571429
644.29033346 0.64323567
644.27385789 0.59589699
644.27193091 0.57142857
644.27920892 0.53703565
644.3151678 0.48678114
644.3210183 0.45714286
644.32911278 0.49137251
644.36491621 0.54166699
644.37010568 0.57142857
644.36351029 0.6138345
644.34728161 0.66121991
644.34556199 0.68571429
644.33970914 0.74098457
644.3333534 0.79284039
644.33329014 0.8
644.33811929 0.74844811
644.34548947 0.69287328
644.34556199 0.68571429
644.35141484 0.74098457
644.35777058 0.79284039
644.35783384 0.8
644.35300469 0.74844811
644.34563451 0.69287328
644.34556199 0.68571429
644.35170313 0.64323567
644.36817871 0.59589699
644.37010568 0.57142857
644.37670107 0.6138345
644.39292976 0.66121991
644.39464938 0.68571429
644.38879653 0.74098457
644.38244079 0.79284039
644.38237753 0.8
644.38720667 0.74844811
644.39457686 0.69287328
644.39464938 0.68571429
644.40050222 0.74098457
644.40685796 0.79284039
644.40692122 0.8
644.40209208 0.74844811
644.39472189 0.69287328
644.39464938 0.68571429
644.38850824 0.64323567
644.37203266 0.59589699
644.37010568 0.57142857
644.36282768 0.53703565
644.32686879 0.48678114
644.3210183 0.45714286
644.31151856 0.42769475
644.28214501 0.40441605
644.23806016 0.37638168
644.22336409 0.3497788
644.22284353 0.34285714
644.23411233 0.31810314
644.26444858 0.30050429
644.38162597 0.26543659
644.41099533 0.2475247
644.41919307 0.22857143
644.433122 0.25267047
644.47646739 0.27232752
644.57393756 0.30050429
644.60427381 0.31810314
644.61554261 0.34285714
644.60454053 0.37194643
644.56793968 0.39790157
644.53073228 0.42314053
644.51777713 0.45020329
644.51736784 0.45714286
644.50927336 0.49137251
644.47346992 0.54166699
644.46828045 0.57142857
644.46168506 0.6138345
644.44545638 0.66121991
644.44373676 0.68571429
644.43788391 0.74098457
644.43152817 0.79284039
644.43146491 0.8
644.43629406 0.74844811
644.44366424 0.69287328
644.44373676 0.68571429
644.44958961 0.74098457
644.45594535 0.79284039
644.45600861 0.8
644.45117946 0.74844811
644.44380928 0.69287328
644.44373676 0.68571429
644.4498779 0.64323567
644.46635348 0.59589699
644.46828045 0.57142857
644.47487584 0.6138345
644.49110453 0.66121991
644.49282415 0.68571429
644.4869713 0.74098457
644.48061556 0.79284039
644.4805523 0.8
644.48538144 0.74844811
644.49275163 0.69287328
644.49282415 0.68571429
644.49867699 0.74098457
644.50503273 0.79284039
644.50509599 0.8
644.50026685 0.74844811
644.49289666 0.69287328
644.49282415 0.68571429
644.48668301 0.64323567
644.47020743 0.59589699
644.46828045 0.57142857
644.47555846 0.53703565
644.51151734 0.48678114
644.51736784 0.45714286
644.52546232 0.49137251
644.56126576 0.54166699
644.56645522 0.57142857
644.55985984 0.6138345
644.54363115 0.66121991
644.54191153 0.68571429
644.53605868 0.74098457
644.52970294 0.79284039
644.52963968 0.8
644.53446883 0.74844811
644.54183901 0.69287328
644.54191153 0.68571429
644.54776438 0.74098457
644.55412012 0.79284039
644.55418338 0.8
644.54935423 0.74844811
644.54198405 0.69287328
644.54191153 0.68571429
644.54805267 0.64323567
644.56452825 0.59589699
644.56645522 0.57142857
644.57305061 0.6138345
644.5892793 0.66121991
644.59099892 0.68571429
644.58514607 0.74098457
644.57879033 0.79284039
644.57872707 0.8
644.58355621 0.74844811
644.5909264 0.69287328
644.59099892 0.68571429
644.59685176 0.74098457
644.6032075 0.79284039
644.60327076 0.8
644.59844162 0.74844811
644.59107143 0.69287328
644.59099892 0.68571429
644.58485778 0.64323567
644.5683822 0.59589699
644.56645522 0.57142857
644.55917722 0.53703565
644.52321834 0.48678114
644.51736784 0.45714286
644.52686757 0.42769475
644.55624112 0.40441605
644.60032598 0.37638168
644.61502204 0.3497788
644.61554261 0.34285714
644.62654468 0.37194643
644.66314554 0.39790157
644.70035294 0.42314053
644.71330808 0.45020329
644.71371738 0.45714286
644.7056229 0.49137251
644.66981946 0.54166699
644.66462999 0.57142857
644.65803461 0.6138345
644.64180592 0.66121991
644.6400863 0.68571429
644.63423345 0.74098457
644.62787771 0.79284039
644.62781445 0.8
644.6326436 0.74844811
644.64001378 0.69287328
644.6400863 0.68571429
644.64593915 0.74098457
644.65229489 0.79284039
644.65235815 0.8
644.647529 0.74844811
644.64015882 0.69287328
644.6400863 0.68571429
644.64622744 0.64323567
644.66270302 0.59589699
644.66462999 0.57142857
644.67122538 0.6138345
644.68745407 0.66121991
644.68917369 0.68571429
644.68332084 0.74098457
644.6769651 0.79284039
644.67690184 0.8
644.68173099 0.74844811
644.68910117 0.69287328
644.68917369 0.68571429
644.69502653 0.74098457
644.70138227 0.79284039
644.70144553 0.8
644.69661639 0.74844811
644.6892462 0.69287328
644.68917369 0.68571429
644.68303255 0.64323567
644.66655697 0.59589699
644.66462999 0.57142857
644.671908 0.53703565
644.70786688 0.48678114
644.71371738 0.45714286
644.72181186 0.49137251
644.7576153 0.54166699
644.76280476 0.57142857
644.75620938 0.6138345
644.73998069 0.66121991
644.73826107 0.68571429
644.73240822 0.74098457
644.72605248 0.79284039
644.72598923 0.8
644.73081837 0.74844811
644.73818856 0.69287328
644.73826107 0.68571429
644.74411392 0.74098457
644.75046966 0.79284039
644.75053292 0.8
644.74570377 0.74844811
644.73833359 0.69287328
644.73826107 0.68571429
644.74440221 0.64323567
644.76087779 0.59589699
644.76280476 0.57142857
644.76940015 0.6138345
644.78562884 0.66121991
644.78734846 0.68571429
644.78149561 0.74098457
644.77513987 0.79284039
644.77507661 0.8
644.77990576 0.74844811
644.78727594 0.69287328
644.78734846 0.68571429
644.7932013 0.74098457
644.79955705 0.79284039
644.7996203 0.8
644.79479116 0.74844811
644.78742097 0.69287328
644.78734846 0.68571429
644.78120732 0.64323567
644.76473174 0.59589699
644.76280476 0.57142857
644.75552676 0.53703565
644.71956788 0.48678114
644.71371738 0.45714286
644.70421764 0.42769475
644.67484409 0.40441605
644.63075924 0.37638168
644.61606317 0.3497788
644.61554261 0.34285714
644.60427381 0.31810314
644.57393756 0.30050429
644.45676016 0.26543659
644.4273908 0.2475247
644.41919307 0.22857143
644.3995688 0.20364587
644.34435749 0.18554497
644.22137183 0.16679827
644.0991023 0.14968659
644.04288725 0.13283022
644.02649399 0.11428571
644.02649399 0.00713875
643.91825087 0
645.59729031 0.00713875
645.59729031 0.11428571
645.56977637 0.13775393
645.48724614 0.15595519
645.29759065 0.18186492
645.23500427 0.19855437
645.20583004 0.22159247
645.20459123 0.22857143
645.1906623 0.25267047
645.14731691 0.27232752
645.04984674 0.30050429
645.01951049 0.31810314
645.00824169 0.34285714
644.99723961 0.37194643
644.96063876 0.39790157
644.92343136 0.42314053
644.91047622 0.45020329
644.91006692 0.45714286
644.90197244 0.49137251
644.866169 0.54166699
644.86097953 0.57142857
644.85438415 0.6138345
644.83815546 0.66121991
644.83643584 0.68571429
644.830583 0.74098457
644.82422725 0.79284039
644.824164 0.8
644.82899314 0.74844811
644.83636333 0.69287328
644.83643584 0.68571429
644.84228869 0.74098457
644.84864443 0.79284039
644.84870769 0.8
644.84387854 0.74844811
644.83650836 0.69287328
644.83643584 0.68571429
644.84257698 0.64323567
644.85905256 0.59589699
644.86097953 0.57142857
644.86757492 0.6138345
644.88380361 0.66121991
644.88552323 0.68571429
644.87967038 0.74098457
644.87331464 0.79284039
644.87325138 0.8
644.87808053 0.74844811
644.88545071 0.69287328
644.88552323 0.68571429
644.89137607 0.74098457
644.89773182 0.79284039
644.89779507 0.8
644.89296593 0.74844811
644.88559574 0.69287328
644.88552323 0.68571429
644.87938209 0.64323567
644.86290651 0.59589699
644.86097953 0.57142857
644.86825754 0.53703565
644.90421642 0.48678114
644.91006692 0.45714286
644.9181614 0.49137251
644.95396484 0.54166699
644.9591543 0.57142857
644.95255892 0.6138345
644.93633023 0.66121991
644.93461061 0.68571429
644.92875777 0.74098457
644.92240202 0.79284039
644.92233877 0.8
644.92716791 0.74844811
644.9345381 0.69287328
644.93461061 0.68571429
644.94046346 0.74098457
644.9468192 0.79284039
644.94688246 0.8
644.94205331 0.74844811
644.93468313 0.69287328
644.93461061 0.68571429
644.94075175 0.64323567
644.95722733 0.59589699
644.9591543 0.57142857
644.96574969 0.6138345
644.98197838 0.66121991
644.983698 0.68571429
644.97784515 0.74098457
644.97148941 0.79284039
644.97142615 0.8
644.9762553 0.74844811
644.98362548 0.69287328
644.983698 0.68571429
644.98955084 0.74098457
644.99590659 0.79284039
644.99596984 0.8
644.9911407 0.74844811
644.98377051 0.69287328
644.983698 0.68571429
644.97755686 0.64323567
644.96108128 0.59589699
644.9591543 0.57142857
644.9518763 0.53703565
644.91591742 0.48678114
644.91006692 0.45714286
644.91956665 0.42769475
644.9489402 0.40441605
644.99302506 0.37638168
645.00772113 0.3497788
645.00824169 0.34285714
645.01924377 0.37194643
645.05584462 0.39790157
645.09305202 0.42314053
645.10600716 0.45020329
645.10641646 0.45714286
645.09832198 0.49137251
645.06251854 0.54166699
645.05732908 0.57142857
645.05073369 0.6138345
645.034505 0.66121991
645.03278538 0.68571429
645.02693254 0.74098457
645.02057679 0.79284039
645.02051354 0.8
645.02534268 0.74844811
645.03271287 0.69287328
645.03278538 0.68571429
645.03863823 0.74098457
645.04499397 0.79284039
645.04505723 0.8
645.04022808 0.74844811
645.0328579 0.69287328
645.03278538 0.68571429
645.03892652 0.64323567
645.0554021 0.59589699
645.05732908 0.57142857
645.06392446 0.6138345
645.08015315 0.66121991
645.08187277 0.68571429
645.07601992 0.74098457
645.06966418 0.79284039
645.06960092 0.8
645.07443007 0.74844811
645.08180025 0.69287328
645.08187277 0.68571429
645.08772561 0.74098457
645.09408136 0.79284039
645.09414461 0.8
645.08931547 0.74844811
645.08194528 0.69287328
645.08187277 0.68571429
645.07573163 0.64323567
645.05925605 0.59589699
645.05732908 0.57142857
645.06460708 0.53703565
645.10056596 0.48678114
645.10641646 0.45714286
645.11451094 0.49137251
645.15031438 0.54166699
645.15550385 0.57142857
645.14890846 0.6138345
645.13267977 0.66121991
645.13096015 0.68571429
645.12510731 0.74098457
645.11875156 0.79284039
645.11868831 0.8
645.12351745 0.74844811
645.13088764 0.69287328
645.13096015 0.68571429
645.136813 0.74098457
645.14316874 0.79284039
645.143232 0.8
645.13840285 0.74844811
645.13103267 0.69287328
645.13096015 0.68571429
645.13710129 0.64323567
645.15357687 0.59589699
645.15550385 0.57142857
645.16209923 0.6138345
645.17832792 0.66121991
645.18004754 0.68571429
645.17419469 0.74098457
645.16783895 0.79284039
645.16777569 0.8
645.17260484 0.74844811
645.17997502 0.69287328
645.18004754 0.68571429
645.18590039 0.74098457
645.19225613 0.79284039
645.19231938 0.8
645.18749024 0.74844811
645.18012005 0.69287328
645.18004754 0.68571429
645.1739064 0.64323567
645.15743082 0.59589699
645.15550385 0.57142857
645.14822584 0.53703565
645.11226696 0.48678114
645.10641646 0.45714286
645.09691673 0.42769475
645.06754318 0.40441605
645.02345832 0.37638168
645.00876225 0.3497788
645.00824169 0.34285714
645.01951049 0.31810314
645.04984674 0.30050429
645.16702413 0.26543659
645.19639349 0.2475247
645.20459123 0.22857143
645.21852016 0.25267047
645.26186555 0.27232752
645.35933572 0.30050429
645.38967197 0.31810314
645.40094077 0.34285714
645.3899387 0.37194643
645.35333784 0.39790157
645.31613044 0.42314053
645.3031753 0.45020329
645.302766 0.45714286
645.29467152 0.49137251
645.25886808 0.54166699
645.25367862 0.57142857
645.24708323 0.6138345
645.23085454 0.66121991
645.22913492 0.68571429
645.22328208 0.74098457
645.21692634 0.79284039
645.21686308 0.8
645.22169222 0.74844811
645.22906241 0.69287328
645.22913492 0.68571429
645.23498777 0.74098457
645.24134351 0.79284039
645.24140677 0.8
645.23657762 0.74844811
645.22920744 0.69287328
645.22913492 0.68571429
645.23527606 0.64323567
645.25175164 0.59589699
645.25367862 0.57142857
645.260274 0.6138345
645.27650269 0.66121991
645.27822231 0.68571429
645.27236946 0.74098457
645.26601372 0.79284039
645.26595046 0.8
645.27077961 0.74844811
645.27814979 0.69287328
645.27822231 0.68571429
645.28407516 0.74098457
645.2904309 0.79284039
645.29049416 0.8
645.28566501 0.74844811
645.27829483 0.69287328
645.27822231 0.68571429
645.27208117 0.64323567
645.25560559 0.59589699
645.25367862 0.57142857
645.26095662 0.53703565
645.2969155 0.48678114
645.302766 0.45714286
645.31086048 0.49137251
645.34666392 0.54166699
645.35185339 0.57142857
645.345258 0.6138345
645.32902931 0.66121991
645.32730969 0.68571429
645.32145685 0.74098457
645.31510111 0.79284039
645.31503785 0.8
645.31986699 0.74844811
645.32723718 0.69287328
645.32730969 0.68571429
645.33316254 0.74098457
645.33951828 0.79284039
645.33958154 0.8
645.3347524 0.74844811
645.32738221 0.69287328
645.32730969 0.68571429
645.33345083 0.64323567
645.34992641 0.59589699
645.35185339 0.57142857
645.35844877 0.6138345
645.37467746 0.66121991
645.37639708 0.68571429
645.37054423 0.74098457
645.36418849 0.79284039
645.36412523 0.8
645.36895438 0.74844811
645.37632456 0.69287328
645.37639708 0.68571429
645.38224993 0.74098457
645.38860567 0.79284039
645.38866893 0.8
645.38383978 0.74844811
645.3764696 0.69287328
645.37639708 0.68571429
645.37025594 0.64323567
645.35378036 0.59589699
645.35185339 0.57142857
645.34457538 0.53703565
645.3086165 0.48678114
645.302766 0.45714286
645.31226574 0.42769475
645.34163929 0.40441605
645.38572414 0.37638168
645.40042021 0.3497788
645.40094077 0.34285714
645.41194285 0.37194643
645.4485437 0.39790157
645.4857511 0.42314053
645.49870625 0.45020329
645.49911554 0.45714286
645.49102106 0.49137251
645.45521763 0.54166699
645.45002816 0.57142857
645.44343277 0.6138345
645.42720408 0.66121991
645.42548446 0.68571429
645.41963162 0.74098457
645.41327588 0.79284039
645.41321262 0.8
645.41804176 0.74844811
645.42541195 0.69287328
645.42548446 0.68571429
645.43133731 0.74098457
645.43769305 0.79284039
645.43775631 0.8
645.43292717 0.74844811
645.42555698 0.69287328
645.42548446 0.68571429
645.4316256 0.64323567
645.44810118 0.59589699
645.45002816 0.57142857
645.45662354 0.6138345
645.47285223 0.66121991
645.47457185 0.68571429
645.468719 0.74098457
645.46236326 0.79284039
645.4623 0.8
645.46712915 0.74844811
645.47449933 0.69287328
645.47457185 0.68571429
645.4804247 0.74098457
645.48678044 0.79284039
645.4868437 0.8
645.48201455 0.74844811
645.47464437 0.69287328
645.47457185 0.68571429
645.46843071 0.64323567
645.45195513 0.59589699
645.45002816 0.57142857
645.45730616 0.53703565
645.49326505 0.48678114
645.49911554 0.45714286
645.50721002 0.49137251
645.54301346 0.54166699
645.54820293 0.57142857
645.54160754 0.6138345
645.52537885 0.66121991
645.52365923 0.68571429
645.51780639 0.74098457
645.51145065 0.79284039
645.51138739 0.8
645.51621653 0.74844811
645.52358672 0.69287328
645.52365923 0.68571429
645.52951208 0.74098457
645.53586782 0.79284039
645.53593108 0.8
645.53110194 0.74844811
645.52373175 0.69287328
645.52365923 0.68571429
645.52980037 0.64323567
645.54627595 0.59589699
645.54820293 0.57142857
645.55479832 0.6138345
645.571027 0.66121991
645.57274662 0.68571429
645.56689377 0.74098457
645.56053803 0.79284039
645.56047477 0.8
645.56530392 0.74844811
645.5726741 0.69287328
645.57274662 0.68571429
645.57859947 0.74098457
645.58495521 0.79284039
645.58501847 0.8
645.58018932 0.74844811
645.57281914 0.69287328
645.57274662 0.68571429
645.56660548 0.64323567
645.5501299 0.59589699
645.54820293 0.57142857
645.54092492 0.53703565
645.50496604 0.48678114
645.49911554 0.45714286
645.48961581 0.42769475
645.46024226 0.40441605
645.4161574 0.37638168
645.40146134 0.3497788
645.40094077 0.34285714
645.38967197 0.31810314
645.35933572 0.30050429
645.24215833 0.26543659
645.21278897 0.2475247
645.20459123 0.22857143
645.2242155 0.20364587
645.27942681 0.18554497
645.40241247 0.16679827
645.524682 0.14968659
645.58089705 0.13283022
645.59729031 0.11428571
645.62480426 0.13775393
645.70733449 0.15595519
645.89698998 0.18186492
645.95957636 0.19855437
645.98875058 0.22159247
645.98998939 0.22857143
645.97606046 0.25267047
645.93271507 0.27232752
645.8352449 0.30050429
645.80490865 0.31810314
645.79363985 0.34285714
645.78263778 0.37194643
645.74603692 0.39790157
645.70882952 0.42314053
645.69587438 0.45020329
645.69546508 0.45714286
645.6873706 0.49137251
645.65156717 0.54166699
645.6463777 0.57142857
645.63978231 0.6138345
645.62355362 0.66121991
645.62183401 0.68571429
645.61598116 0.74098457
645.60962542 0.79284039
645.60956216 0.8
645.6143913 0.74844811
645.62176149 0.69287328
645.62183401 0.68571429
645.62768685 0.74098457
645.63404259 0.79284039
645.63410585 0.8
645.62927671 0.74844811
645.62190652 0.69287328
645.62183401 0.68571429
645.62797515 0.64323567
645.64445072 0.59589699
645.6463777 0.57142857
645.65297309 0.6138345
645.66920177 0.66121991
645.67092139 0.68571429
645.66506854 0.74098457
645.6587128 0.79284039
645.65864954 0.8
645.66347869 0.74844811
645.67084887 0.69287328
645.67092139 0.68571429
645.67677424 0.74098457
645.68312998 0.79284039
645.68319324 0.8
645.67836409 0.74844811
645.67099391 0.69287328
645.67092139 0.68571429
645.66478025 0.64323567
645.64830467 0.59589699
645.6463777 0.57142857
645.65365571 0.53703565
645.68961459 0.48678114
645.69546508 0.45714286
645.70355956 0.49137251
645.739363 0.54166699
645.74455247 0.57142857
645.73795708 0.6138345
645.72172839 0.66121991
645.72000878 0.68571429
645.71415593 0.74098457
645.70780019 0.79284039
645.70773693 0.8
645.71256607 0.74844811
645.71993626 0.69287328
645.72000878 0.68571429
645.72586162 0.74098457
645.73221736 0.79284039
645.73228062 0.8
645.72745148 0.74844811
645.72008129 0.69287328
645.72000878 0.68571429
645.72614992 0.64323567
645.7426255 0.59589699
645.74455247 0.57142857
645.75114786 0.6138345
645.76737654 0.66121991
645.76909616 0.68571429
645.76324331 0.74098457
645.75688757 0.79284039
645.75682431 0.8
645.76165346 0.74844811
645.76902364 0.69287328
645.76909616 0.68571429
645.77494901 0.74098457
645.78130475 0.79284039
645.78136801 0.8
645.77653886 0.74844811
645.76916868 0.69287328
645.76909616 0.68571429
645.76295502 0.64323567
645.74647944 0.59589699
645.74455247 0.57142857
645.73727446 0.53703565
645.70131558 0.48678114
645.69546508 0.45714286
645.70496482 0.42769475
645.73433837 0.40441605
645.77842322 0.37638168
645.79311929 0.3497788
645.79363985 0.34285714
645.80464193 0.37194643
645.84124278 0.39790157
645.87845019 0.42314053
645.89140533 0.45020329
645.89181462 0.45714286
645.88372014 0.49137251
645.84791671 0.54166699
645.84272724 0.57142857
645.83613185 0.6138345
645.81990316 0.66121991
645.81818355 0.68571429
645.8123307 0.74098457
645.80597496 0.79284039
645.8059117 0.8
645.81074085 0.74844811
645.81811103 0.69287328
645.81818355 0.68571429
645.82403639 0.74098457
645.83039213 0.79284039
645.83045539 0.8
645.82562625 0.74844811
645.81825606 0.69287328
645.81818355 0.68571429
645.82432469 0.64323567
645.84080027 0.59589699
645.84272724 0.57142857
645.84932263 0.6138345
645.86555132 0.66121991
645.86727093 0.68571429
645.86141808 0.74098457
645.85506234 0.79284039
645.85499909 0.8
645.85982823 0.74844811
645.86719841 0.69287328
645.86727093 0.68571429
645.87312378 0.74098457
645.87947952 0.79284039
645.87954278 0.8
645.87471363 0.74844811
645.86734345 0.69287328
645.86727093 0.68571429
645.86112979 0.64323567
645.84465421 0.59589699
645.84272724 0.57142857
645.85000525 0.53703565
645.88596413 0.48678114
645.89181462 0.45714286
645.8999091 0.49137251
645.93571254 0.54166699
645.94090201 0.57142857
645.93430662 0.6138345
645.91807793 0.66121991
645.91635832 0.68571429
645.91050547 0.74098457
645.90414973 0.79284039
645.90408647 0.8
645.90891562 0.74844811
645.9162858 0.69287328
645.91635832 0.68571429
645.92221116 0.74098457
645.9285669 0.79284039
645.92863016 0.8
645.92380102 0.74844811
645.91643083 0.69287328
645.91635832 0.68571429
645.92249946 0.64323567
645.93897504 0.59589699
645.94090201 0.57142857
645.9474974 0.6138345
645.96372609 0.66121991
645.9654457 0.68571429
645.95959286 0.74098457
645.95323711 0.79284039
645.95317386 0.8
645.958003 0.74844811
645.96537319 0.69287328
645.9654457 0.68571429
645.97129855 0.74098457
645.97765429 0.79284039
645.97771755 0.8
645.9728884 0.74844811
645.96551822 0.69287328
645.9654457 0.68571429
645.95930456 0.64323567
645.94282898 0.59589699
645.94090201 0.57142857
645.933624 0.53703565
645.89766512 0.48678114
645.89181462 0.45714286
645.88231489 0.42769475
645.85294134 0.40441605
645.80885648 0.37638168
645.79416042 0.3497788
645.79363985 0.34285714
645.80490865 0.31810314
645.8352449 0.30050429
645.9524223 0.26543659
645.98179166 0.2475247
645.98998939 0.22857143
646.00391833 0.25267047
646.04726372 0.27232752
646.14473388 0.30050429
646.17507014 0.31810314
646.18633894 0.34285714
646.17533686 0.37194643
646.138736 0.39790157
646.1015286 0.42314053
646.08857346 0.45020329
646.08816416 0.45714286
646.08006969 0.49137251
646.04426625 0.54166699
646.03907678 0.57142857
646.03248139 0.6138345
646.0162527 0.66121991
646.01453309 0.68571429
646.00868024 0.74098457
646.0023245 0.79284039
646.00226124 0.8
646.00709039 0.74844811
646.01446057 0.69287328
646.01453309 0.68571429
646.02038593 0.74098457
646.02674168 0.79284039
646.02680493 0.8
646.02197579 0.74844811
646.0146056 0.69287328
646.01453309 0.68571429
646.02067423 0.64323567
646.03714981 0.59589699
646.03907678 0.57142857
646.04567217 0.6138345
646.06190086 0.66121991
646.06362047 0.68571429
646.05776763 0.74098457
646.05141188 0.79284039
646.05134863 0.8
646.05617777 0.74844811
646.06354796 0.69287328
646.06362047 0.68571429
646.06947332 0.74098457
646.07582906 0.79284039
646.07589232 0.8
646.07106317 0.74844811
646.06369299 0.69287328
646.06362047 0.68571429
646.05747933 0.64323567
646.04100375 0.59589699
646.03907678 0.57142857
646.04635479 0.53703565
646.08231367 0.48678114
646.08816416 0.45714286
646.09625864 0.49137251
646.13206208 0.54166699
646.13725155 0.57142857
646.13065616 0.6138345
646.11442747 0.66121991
646.11270786 0.68571429
646.10685501 0.74098457
646.10049927 0.79284039
646.10043601 0.8
646.10526516 0.74844811
646.11263534 0.69287328
646.11270786 0.68571429
646.1185607 0.74098457
646.12491645 0.79284039
646.1249797 0.8
646.12015056 0.74844811
646.11278037 0.69287328
646.11270786 0.68571429
646.118849 0.64323567
646.13532458 0.59589699
646.13725155 0.57142857
646.14384694 0.6138345
646.16007563 0.66121991
646.16179524 0.68571429
646.1559424 0.74098457
646.14958665 0.79284039
646.1495234 0.8
646.15435254 0.74844811
646.16172273 0.69287328
646.16179524 0.68571429
646.16764809 0.74098457
646.17400383 0.79284039
646.17406709 0.8
646.16923794 0.74844811
646.16186776 0.69287328
646.16179524 0.68571429
646.1556541 0.64323567
646.13917852 0.59589699
646.13725155 0.57142857
646.12997354 0.53703565
646.09401466 0.48678114
646.08816416 0.45714286
646.0976639 0.42769475
646.12703745 0.40441605
646.1711223 0.37638168
646.18581837 0.3497788
646.18633894 0.34285714
646.19734101 0.37194643
646.23394187 0.39790157
646.27114927 0.42314053
646.28410441 0.45020329
646.28451371 0.45714286
646.27641923 0.49137251
646.24061579 0.54166699
646.23542632 0.57142857
646.22883093 0.6138345
646.21260224 0.66121991
646.21088263 0.68571429
646.20502978 0.74098457
646.19867404 0.79284039
646.19861078 0.8
646.20343993 0.74844811
646.21081011 0.69287328
646.21088263 0.68571429
646.21673547 0.74098457
646.22309122 0.79284039
646.22315447 0.8
646.21832533 0.74844811
646.21095514 0.69287328
646.21088263 0.68571429
646.21702377 0.64323567
646.23349935 0.59589699
646.23542632 0.57142857
646.24202171 0.6138345
646.2582504 0.66121991
646.25997001 0.68571429
646.25411717 0.74098457
646.24776142 0.79284039
646.24769817 0.8
646.25252731 0.74844811
646.2598975 0.69287328
646.25997001 0.68571429
646.26582286 0.74098457
646.2721786 0.79284039
646.27224186 0.8
646.26741271 0.74844811
646.26004253 0.69287328
646.25997001 0.68571429
646.25382887 0.64323567
646.23735329 0.59589699
646.23542632 0.57142857
646.24270433 0.53703565
646.27866321 0.48678114
646.28451371 0.45714286
646.29260819 0.49137251
646.32841162 0.54166699
646.33360109 0.57142857
646.3270057 0.6138345
646.31077701 0.66121991
646.3090574 0.68571429
646.30320455 0.74098457
646.29684881 0.79284039
646.29678555 0.8
646.3016147 0.74844811
646.30898488 0.69287328
646.3090574 0.68571429
646.31491024 0.74098457
646.32126599 0.79284039
646.32132924 0.8
646.3165001 0.74844811
646.30912991 0.69287328
646.3090574 0.68571429
646.31519854 0.64323567
646.33167412 0.59589699
646.33360109 0.57142857
646.34019648 0.6138345
646.35642517 0.66121991
646.35814478 0.68571429
646.35229194 0.74098457
646.3459362 0.79284039
646.34587294 0.8
646.35070208 0.74844811
646.35807227 0.69287328
646.35814478 0.68571429
646.36399763 0.74098457
646.37035337 0.79284039
646.37041663 0.8
646.36558748 0.74844811
646.3582173 0.69287328
646.35814478 0.68571429
646.35200364 0.64323567
646.33552806 0.59589699
646.33360109 0.57142857
646.32632308 0.53703565
646.2903642 0.48678114
646.28451371 0.45714286
646.27501397 0.42769475
646.24564042 0.40441605
646.20155557 0.37638168
646.1868595 0.3497788
646.18633894 0.34285714
646.17507014 0.31810314
646.14473388 0.30050429
646.02755649 0.26543659
645.99818713 0.2475247
645.98998939 0.22857143
645.97036512 0.20364587
645.91515382 0.18554497
645.79216815 0.16679827
645.66989862 0.14968659
645.61368358 0.13283022
645.59729031 0.11428571
645.59729031 0.00713875
643.97827888 0
643.97827888 0
643.97827888 0
