0 0
0 0
0 0.01
0 1
0.03141593 1
0.03141593 0.01
0.06283185 0.01
0.09605078 0.10109014
0.06562979 0.43783299
0.05775234 0.78390703
0.06226594 0.99052467
0.06283185 1
0.09424778 1
0.0889216 0.80448003
0.0953574 0.47812126
0.12324433 0.13970454
0.1142519 0.0148818
0.09424778 0.01
0.12566371 0.01
0.20685504 0.05740513
0.14292417 0.35061542
0.1199246 0.58641719
0.11441594 0.79917417
0.12032353 0.94725158
0.12566371 1
0.15707963 1
0.14720705 0.87508526
0.14614404 0.69707213
0.15978605 0.47621426
0.19575779 0.23813812
0.23385967 0.03108473
0.15707963 0.01
0.18849556 0.01
0.31305421 0.04270214
0.21239164 0.37255996
0.18145862 0.56105656
0.17015873 0.73297289
0.17312449 0.87438153
0.1847294 0.97859993
0.18849556 1
0.21991149 1
0.20597068 0.89778725
0.20033218 0.7676773
0.20746103 0.60957969
0.23201454 0.43411847
0.28396855 0.23654845
0.34279829 0.03767852
0.21991149 0.01
0.25132741 0.01
0.41027505 0.03253935
0.39622963 0.12603805
0.3007491 0.33157436
0.2548827 0.48850078
0.23120607 0.63341366
0.22418915 0.76237634
0.22949642 0.87350643
0.24364763 0.96667211
0.25132741 1
0.28274334 1
0.26472905 0.90834908
0.25520761 0.80058068
0.25720836 0.68270365
0.27380543 0.54959483
0.31168339 0.39707851
0.38447644 0.21695858
0.45538878 0.05036468
0.37145925 0.0156655
0.28274334 0.01
0.31415927 0.01
0.50125799 0.0274616
0.52560237 0.08639775
0.3753836 0.34404723
0.32164155 0.4800743
0.29125056 0.60480179
0.27877029 0.71628594
0.27980564 0.8195623
0.29222711 0.91409553
0.31238174 0.99435509
0.31415927 1
0.34557519 1
0.32321673 0.91336315
0.31026147 0.8196538
0.3086735 0.71860905
0.32058852 0.61046951
0.3502224 0.48995556
0.40543231 0.35234006
0.56551284 0.06348733
0.50767699 0.02178769
0.34557519 0.01
0.37699112 0.01
0.60418883 0.02798982
0.63850652 0.08206492
0.44257214 0.36696865
0.38264244 0.49022952
0.34915166 0.59682969
0.3329439 0.69753949
0.33141095 0.79167082
0.34210666 0.87899257
0.36276631 0.95974825
0.37699112 1
0.40840704 1
0.38204835 0.91829988
0.36604553 0.83722997
0.36038727 0.75047918
0.36740513 0.65789709
0.38953266 0.55967788
0.43185399 0.45054565
0.50649527 0.31962846
0.67312211 0.07717893
0.63618784 0.02835658
0.40840704 0.01
0.43982297 0.01
0.70699913 0.02843357
0.75137747 0.07743937
0.62580047 0.23808874
0.50714382 0.3876312
0.442463 0.49937457
0.4055831 0.5954174
0.38663699 0.6863102
0.3829157 0.77158284
0.39176143 0.85111375
0.41065515 0.92514921
0.43982297 1
0.4712389 1
0.43975822 0.91837482
0.42015414 0.83866042
0.4125292 0.75992229
0.41765294 0.67617322
0.43816609 0.58745831
0.47663533 0.49406436
0.54267735 0.38540227
0.68543246 0.21125066
0.78316524 0.07843294
0.73849024 0.02877174
0.4712389 0.01
0.50265482 0.01
0.7692092 0.022505
0.86048138 0.05424891
0.82235216 0.13808931
0.59342597 0.37644341
0.51864334 0.47800838
0.47324326 0.56478047
0.4462693 0.64702665
0.4350285 0.72428412
0.43674584 0.79631425
0.45020457 0.86876621
0.47538391 0.94219
0.50265482 1
0.53407075 1
0.49953723 0.92415855
0.47655566 0.85090719
0.4653109 0.77913325
0.46585246 0.70824494
0.47956293 0.63265471
0.50913749 0.55255953
0.56057459 0.46304413
0.64783915 0.35394916
0.87738421 0.11010835
0.87767834 0.04214
0.72227105 0.01625324
0.53407075 0.01
0.56548668 0.01
0.86665586 0.02274006
0.96883039 0.05519561
0.93565894 0.13387142
0.65299964 0.39659002
0.5761634 0.48935781
0.52675596 0.57338804
0.49918592 0.64796243
0.48702378 0.71780613
0.48793194 0.78808558
0.50040706 0.85348758
0.52402617 0.91990326
0.56203684 0.99414059
0.56548668 1
0.5969026 1
0.5575585 0.92461196
0.53257126 0.85792522
0.5186877 0.79285848
0.51626461 0.72346197
0.52693854 0.65488316
0.55290884 0.58193613
0.5969026 0.505
0.67018915 0.41440219
0.80744757 0.2846177
0.97232717 0.12925533
0.99850127 0.05579507
0.89718842 0.02293592
0.5969026 0.01
0.62831853 0.01
0.96252284 0.02284925
1.07583978 0.05575884
1.04926507 0.12883711
0.89528403 0.26137022
0.72741017 0.3983722
0.642197 0.48741717
0.58940103 0.56339362
0.55638113 0.63556832
0.54022342 0.70332122
0.53785492 0.76627949
0.54758185 0.82968577
0.56939375 0.89396156
0.60318281 0.96003541
0.62831853 1
0.65973446 1
0.61595289 0.92583199
0.58772453 0.86064246
0.57147362 0.79722366
0.56729784 0.73482037
0.57639074 0.66800528
0.59951598 0.60201114
0.63974189 0.53208883
0.70408596 0.45390297
0.80826779 0.35829032
1.05323055 0.15822715
1.10983034 0.07555092
1.07007835 0.03648047
0.89558847 0.01634674
0.65973446 0.01
0.69115038 0.01
0.952 0.01631618
1.14405772 0.03664696
1.18671944 0.08238111
1.11452637 0.16961939
0.79140633 0.40821542
0.7042184 0.49025326
0.64969363 0.55974421
0.61430029 0.62557933
0.59508379 0.6870752
0.58894916 0.74895894
0.59487484 0.80595912
0.61185966 0.86345051
0.64294604 0.92746004
0.69115038 1
0.72256631 1
0.67419841 0.92662292
0.64275485 0.86243658
0.62534378 0.80521578
0.61893907 0.74882794
0.62450861 0.68791747
0.64523749 0.6226342
0.68099169 0.55835281
0.74013626 0.48586557
0.82802795 0.40606327
1.13938517 0.1761226
1.2128342 0.08938314
1.19049355 0.04375795
1.08751691 0.02321547
0.98205847 0.01640341
0.72256631 0.01
0.75398224 0.01
1.03730548 0.01631808
1.2447404 0.03692333
1.2921117 0.0831609
1.22562518 0.16484093
1.06236502 0.27854951
0.87463917 0.40163329
0.77799842 0.48105257
0.71630767 0.54875983
0.67506355 0.61319522
0.651226 0.67350986
0.64124261 0.73418356
0.64432497 0.78992475
0.65913605 0.84590026
0.68566361 0.90262601
0.72783313 0.96658495
0.75398224 1
0.78539816 1
0.7329417 0.92808014
0.69850631 0.86536341
0.67902702 0.80943432
0.67119491 0.75420989
0.67501213 0.69937039
0.69240543 0.6399937
0.72664167 0.57651919
0.78086431 0.50969851
0.86316199 0.43579269
0.9974533 0.34196518
1.21639415 0.19740084
1.3079141 0.10865893
1.30409821 0.0509097
1.18056278 0.02328408
1.06663689 0.01639998
0.78539816 0.01
0.81681409 0.01
1.12133624 0.01629682
1.34349854 0.03711922
1.39550975 0.08376829
1.3290299 0.16528017
1.18279787 0.26294874
0.95226705 0.39970352
0.85340833 0.47225035
0.7847142 0.53834316
0.73762288 0.60155796
0.70904028 0.66087646
0.69495269 0.72053827
0.69483207 0.77520077
0.70698207 0.82981774
0.73142215 0.8847763
0.76810597 0.94098715
0.81681409 1
0.84823002 1
0.79203183 0.92976309
0.75737176 0.87364007
0.73480817 0.81895858
0.72441693 0.76485244
0.72619594 0.710949
0.7419731 0.65238526
0.7720773 0.59440405
0.82052125 0.53282557
0.89574651 0.46407817
1.00945052 0.38504795
1.29650645 0.21222221
1.40195427 0.12124695
1.41248882 0.05801189
1.33350079 0.03034714
1.14987124 0.0163744
0.84823002 0.01
0.87964594 0.01
1.20486057 0.01628888
1.44066749 0.03737882
1.49698648 0.07809578
1.44287832 0.15541657
1.31074834 0.24428824
1.01996022 0.40367516
0.91565242 0.47496738
0.84317907 0.54037019
0.79349002 0.60312473
0.76326652 0.66202467
0.74889571 0.71622237
0.74731291 0.7702145
0.75699713 0.81902625
0.77730895 0.86779861
0.81193807 0.92212261
0.86425016 0.98385715
0.87964594 1
0.91106187 1
0.85125198 0.93128798
0.8141711 0.87643791
0.78975409 0.82287492
0.77805128 0.76966798
0.77904393 0.71643186
0.79269856 0.66319732
0.82196718 0.60550018
0.87035467 0.5441281
0.94102737 0.48019644
1.04270052 0.4104526
1.38701698 0.21732689
1.49204066 0.13382448
1.51644987 0.06527094
1.42729273 0.03049054
1.2325136 0.01636307
0.91106187 0.01
0.9424778 0.01
1.28683808 0.01626267
1.49572927 0.03042186
1.5908407 0.06535692
1.56572758 0.13384459
1.45489338 0.21644713
1.25536307 0.32002409
1.07902869 0.41156212
0.97736631 0.47755341
0.90637321 0.53771252
0.85652069 0.59516889
0.82226942 0.65366225
0.80469453 0.70747577
0.80034874 0.7609462
0.80789398 0.80905512
0.8264341 0.85680605
0.85958524 0.90952928
0.91095094 0.96883298
0.9424778 1
0.97389372 1
0.9108592 0.93294802
0.87159512 0.87943318
0.84729798 0.83176971
0.83387282 0.78424538
0.83162624 0.73172238
0.84246203 0.67893742
0.86917075 0.62144374
0.91130424 0.56471737
0.97389372 0.505
1.06631999 0.43922202
1.20800136 0.36058891
1.45989922 0.23120841
1.57266772 0.15140366
1.6174347 0.07906236
1.55788772 0.03775862
1.45024901 0.02338871
1.31355026 0.01633436
0.97389372 0.01
1.00530965 0.01
1.36710503 0.01622092
1.58617462 0.03047728
1.68594337 0.0656946
1.66756841 0.12862554
1.56608326 0.20696703
1.40616069 0.28925694
1.16740724 0.40227185
1.0580318 0.46665904
0.98042527 0.52579992
0.92482923 0.58263181
0.88528192 0.64072668
0.86324584 0.69426063
0.85478409 0.74739479
0.8588636 0.79501357
0.87419894 0.8419575
0.90086968 0.88857825
0.94336581 0.9404759
1.00530965 1
1.03672558 1
0.97060205 0.93438325
0.92931829 0.88199443
0.90362626 0.83517714
0.88919357 0.78828503
0.88596732 0.74096023
0.89532148 0.68840724
0.91818569 0.63568765
0.95850371 0.57868719
1.01999115 0.51853859
1.10572585 0.45668052
1.22463847 0.39018745
1.53579036 0.24050136
1.65442106 0.16325524
1.71045531 0.09282218
1.6741258 0.04519085
1.53703066 0.02344655
1.39383056 0.01632401
1.03672558 0.01
1.0681415 0.01
1.44551521 0.01616629
1.67397617 0.03048472
1.77812203 0.06590691
1.76126774 0.12896571
1.66729288 0.20207071
1.52327862 0.27543017
1.24844549 0.39734574
1.13321827 0.46041231
1.0506809 0.5187438
0.99086298 0.57508687
0.94746582 0.63286632
0.92220941 0.68616892
0.91078343 0.73901705
0.912362 0.78622382
0.92537167 0.83250269
0.94990926 0.87809092
0.9903432 0.92828494
1.05627996 0.99002116
1.0681415 1
1.09955743 1
1.03103045 0.93615454
0.98807147 0.88513435
0.96110374 0.83938464
0.94559648 0.7933589
0.9414728 0.74668993
0.95003432 0.6946264
0.97232459 0.6421869
1.01231999 0.5853193
1.06852686 0.52976652
1.14693931 0.47210096
1.2573358 0.40958627
1.62679188 0.23973028
1.73998959 0.16865502
1.80185211 0.09305758
1.76300861 0.04525375
1.62044672 0.02340508
1.4712359 0.01626795
1.09955743 0.01
1.13097336 0.01
1.52303156 0.01613354
1.75976743 0.0305511
1.86035704 0.05931579
1.8608802 0.11777354
1.78008189 0.18809849
1.64650537 0.25872522
1.3174952 0.39802713
1.19830293 0.46054965
1.1129061 0.51872987
1.05097838 0.57510017
1.00594039 0.63295822
0.97953438 0.68628346
0.96724943 0.73902201
0.96827568 0.78595028
0.98094864 0.831728
1.00538415 0.87655149
1.04173041 0.92108815
1.10116613 0.97595401
1.13097336 1
1.16238928 1
1.09160049 0.93761617
1.04713382 0.88770629
1.01907806 0.84278972
1.00271561 0.79739766
0.99794431 0.75115676
1.00602179 0.69934233
1.0280798 0.64695741
1.0681569 0.58999595
1.12487795 0.53428504
1.20445106 0.47651227
1.31708262 0.41416281
1.50938034 0.32975769
1.70546797 0.24383423
1.82164808 0.17431089
1.8881997 0.0999143
1.86638953 0.05260689
1.7789237 0.03076354
1.5476802 0.01623455
1.16238928 0.01
1.19380521 0.01
1.59850047 0.01609206
1.84260529 0.03057514
1.94610114 0.05950869
1.94786708 0.11817363
1.86708089 0.18833328
1.7410888 0.254135
1.38547274 0.3986353
1.27050406 0.45637006
1.18131058 0.51412416
1.11620825 0.57032416
1.06834238 0.62815827
1.03961889 0.6815108
1.02523442 0.73423586
1.02450878 0.78103583
1.0355637 0.82649327
1.05852147 0.87071986
1.09356403 0.91429519
1.14623686 0.9628802
1.19380521 1
1.22522113 1
1.15258889 0.93902312
1.10687133 0.89017457
1.07788376 0.84606097
1.06075047 0.80129262
1.05534495 0.75549059
1.06160293 0.70868192
1.08198092 0.65643415
1.11658767 0.60410838
1.17061008 0.54798435
1.2478844 0.48959432
1.35108045 0.43067505
1.49779443 0.36478371
1.76390831 0.25573749
1.88571126 0.1895224
1.96365105 0.1188486
1.96133638 0.05984589
1.86009901 0.03077216
1.62204321 0.01619285
1.22522113 0.01
1.25663706 0.01
1.67181624 0.01604392
1.92234255 0.03055958
2.02846418 0.05959774
2.03148462 0.11837448
1.95098278 0.18833923
1.82418383 0.25345717
1.45235057 0.39920826
1.3349564 0.45652122
1.24387681 0.51410962
1.17735783 0.570277
1.1283397 0.62811749
1.09873863 0.68144516
1.08360303 0.73405638
1.08228002 0.78062744
1.09281123 0.82569206
1.11532788 0.86931918
1.15003916 0.91204735
1.2025308 0.95937176
1.25663706 1
1.28805299 1
1.21370002 0.94006895
1.16688488 0.89199303
1.13714561 0.84842989
1.11946146 0.80404329
1.11368278 0.75845196
1.11973561 0.71169622
1.14008916 0.65935514
1.17491106 0.60682389
1.22949876 0.55041822
1.3011455 0.4961498
1.39667652 0.44086395
1.53486689 0.37827768
1.84355602 0.25582316
1.96679453 0.19007741
2.04509229 0.11940425
2.04215291 0.06011775
1.93895448 0.03084475
1.69533694 0.01617684
1.28805299 0.01
1.31946891 0.01
1.74405121 0.01602249
1.99970546 0.0306094
2.10763591 0.05981378
2.11130104 0.11882244
2.03061544 0.18875981
1.9118847 0.2494833
1.67803108 0.33782978
1.49649465 0.40915568
1.38000768 0.46723842
1.29701205 0.52103237
1.23139948 0.5776632
1.1869225 0.63095726
1.15731783 0.68443069
1.14234937 0.73705738
1.14131063 0.78349862
1.15225375 0.82827774
1.17246649 0.86719982
1.20665652 0.90939007
1.25879453 0.95580601
1.31946891 1
1.35088484 1
1.27057957 0.93692078
1.22437195 0.88981394
1.19522492 0.84689103
1.17814089 0.80296397
1.17295756 0.75769372
1.17960138 0.71115769
1.20061302 0.65898014
1.23612624 0.60656855
1.29154503 0.55028689
1.36414678 0.49618175
1.46088864 0.44117166
1.60080893 0.37914477
1.91325706 0.25885176
2.03816126 0.19454399
2.11913004 0.12532126
2.12676564 0.06711457
2.06031633 0.03822187
1.9316353 0.0233383
1.7652828 0.01612375
1.35088484 0.01
1.38230077 0.01
1.81400689 0.01599731
2.07375665 0.03062343
2.18321176 0.05992927
2.18751947 0.1190712
2.10687174 0.1889448
1.98753887 0.24931437
1.76114146 0.33313085
1.57560648 0.40338728
1.45539319 0.46075872
1.36910467 0.51413917
1.30032094 0.57057573
1.2531149 0.62387094
1.22095304 0.67747534
1.203568 0.73030068
1.20041957 0.77691338
1.20930828 0.82177858
1.22770777 0.86063241
1.25992956 0.90249145
1.31000363 0.94810076
1.38230077 1
1.41371669 1
1.33245009 0.9377558
1.28564859 0.89121757
1.25605767 0.84871603
1.23860004 0.80510851
1.23309883 0.7600544
1.23947366 0.71363625
1.26024895 0.6614879
1.29560531 0.60902147
1.35098267 0.5526192
1.423738 0.49837879
1.52094505 0.44327644
1.65261057 0.38503393
1.98712613 0.25855964
2.10497783 0.19931552
2.18887467 0.1313821
2.2005777 0.06719819
2.13320091 0.03823896
2.00282888 0.02332149
1.83404839 0.01609893
1.41371669 0.01
1.44513262 0.01
1.8816229 0.01596957
2.14441148 0.03060316
2.25511115 0.05994571
2.26005582 0.11912246
2.17965181 0.18889724
2.06013701 0.24897614
1.85270918 0.32501805
1.65414159 0.39779304
1.53089572 0.45440552
1.44175937 0.50727539
1.37011908 0.56339311
1.3203763 0.61657344
1.28577492 0.67021129
1.26602801 0.72317427
1.26076922 0.7699478
1.26755299 0.81494084
1.28404541 0.85381389
1.31412998 0.89549582
1.35687632 0.93642656
1.43169641 0.99114358
1.44513262 1
1.47654855 1
1.39443237 0.93814202
1.34717591 0.89185044
1.31731265 0.84949707
1.29970039 0.80595525
1.29415142 0.76088608
1.30058163 0.714382
1.32154174 0.6620763
1.35722703 0.60941313
1.41315256 0.55278819
1.48667897 0.49835835
1.58497963 0.44313361
1.7181725 0.3848972
2.05613008 0.25889479
2.17482867 0.19978769
2.25916294 0.13180772
2.27091515 0.0674244
2.20321517 0.03834042
2.07196003 0.02335478
1.90161978 0.01610299
1.47654855 0.01
1.50796447 0.01
1.94805144 0.01597145
2.21247961 0.03065213
2.32359732 0.0600921
2.32855622 0.11941809
2.24787317 0.18924817
2.12776806 0.24923327
1.91891528 0.32502212
1.71870633 0.39765643
1.59441994 0.45430147
1.50456488 0.50728119
1.43238539 0.56355936
1.38229488 0.61690403
1.34746664 0.67069639
1.3275963 0.72378013
1.3223054 0.77061685
1.32913065 0.81561627
1.34572614 0.85444023
1.37240939 0.89190444
1.4141614 0.93268246
1.48139767 0.98253666
1.50796447 1
1.5393804 1
1.45683931 0.93833938
1.4093559 0.89217344
1.37935704 0.84989541
1.36288907 0.81080656
1.3561107 0.76588843
1.36136554 0.71947316
1.38108306 0.6671694
1.4155778 0.614398
1.47028755 0.55753663
1.54274603 0.50277686
1.64017572 0.44715387
1.77293359 0.38853507
2.12206155 0.25906067
2.24118325 0.20002316
2.32573498 0.13202048
2.33751155 0.06753751
2.26965113 0.03839107
2.13795516 0.02337127
1.96683266 0.01610487
1.5393804 0.01
1.57079633 0.01
2.01208597 0.01597202
2.27706139 0.03066842
2.38831792 0.0601409
2.39328154 0.11951663
2.31250591 0.18936498
2.19220425 0.24931847
1.98287542 0.32502242
1.7821173 0.39760983
1.65748298 0.45426618
1.56738794 0.50728315
1.49502873 0.56361553
1.44482249 0.61701566
1.40991888 0.67086011
1.39000756 0.72398455
1.38470601 0.77084258
1.39154502 0.81584416
1.40817473 0.85465161
1.43491517 0.89208134
1.4767617 0.93280176
1.54416155 0.98256788
1.57079633 1
1.60221225 1
1.51967117 0.93833938
1.47218776 0.89217344
1.44218889 0.84989541
1.42572092 0.81080656
1.41894255 0.76588843
1.42419739 0.71947316
1.44391491 0.6671694
1.47840966 0.614398
1.53311941 0.55753663
1.60557788 0.50277686
1.70300757 0.44715387
1.83576544 0.38853507
2.1848934 0.25906067
2.3040151 0.20002316
2.38856683 0.13202048
2.40034341 0.06753751
2.33248298 0.03839107
2.20078701 0.02337127
2.02966451 0.01610487
1.60221225 0.01
1.63362818 0.01
2.07371515 0.01597145
2.33814331 0.03065213
2.44926102 0.0600921
2.45421993 0.11941809
2.37353688 0.18924817
2.25343177 0.24923327
2.04457899 0.32502212
1.84437004 0.39765643
1.72008365 0.45430147
1.63022858 0.50728119
1.5580491 0.56355936
1.50795858 0.61690403
1.47313035 0.67069639
1.45326 0.72378013
1.44796911 0.77061685
1.45479435 0.81561627
1.47138985 0.85444023
1.4980731 0.89190444
1.53982511 0.93268246
1.60706137 0.98253666
1.63362818 1
1.66504411 1
1.58292793 0.93814202
1.53567147 0.89185044
1.50580821 0.84949707
1.48819595 0.80595525
1.48264698 0.76088608
1.48907719 0.714382
1.5100373 0.6620763
1.54572258 0.60941313
1.60164812 0.55278819
1.67517453 0.49835835
1.77347519 0.44313361
1.90666806 0.3848972
2.24462564 0.25889479
2.36332423 0.19978769
2.4476585 0.13180772
2.45941071 0.0674244
2.39171073 0.03834042
2.26045559 0.02335478
2.09011534 0.01610299
1.66504411 0.01
1.69646003 0.01
2.13295032 0.01596957
2.39573889 0.03060316
2.50643856 0.05994571
2.51138323 0.11912246
2.43097922 0.18889724
2.31146442 0.24897614
2.10403659 0.32501805
1.905469 0.39779304
1.78222313 0.45440552
1.69308678 0.50727539
1.62144649 0.56339311
1.57170372 0.61657344
1.53710233 0.67021129
1.51735543 0.72317427
1.51209663 0.7699478
1.51888041 0.81494084
1.53537282 0.85381389
1.56545739 0.89549582
1.60820374 0.93642656
1.68302382 0.99114358
1.69646003 1
1.72787596 1
1.64660936 0.9377558
1.59980786 0.89121757
1.57021693 0.84871603
1.55275931 0.80510851
1.5472581 0.7600544
1.55363292 0.71363625
1.57440822 0.6614879
1.60976457 0.60902147
1.66514194 0.5526192
1.73789726 0.49837879
1.83510432 0.44327644
1.96676984 0.38503393
2.3012854 0.25855964
2.4191371 0.19931552
2.50303394 0.1313821
2.51473697 0.06719819
2.44736017 0.03823896
2.31698815 0.02332149
2.14820766 0.01609893
1.72787596 0.01
1.75929189 0.01
2.19099801 0.01599731
2.45074777 0.03062343
2.56020288 0.05992927
2.56451059 0.1190712
2.48386286 0.1889448
2.36452999 0.24931437
2.13813258 0.33313085
1.9525976 0.40338728
1.83238431 0.46075872
1.74609578 0.51413917
1.67731206 0.57057573
1.63010602 0.62387094
1.59794416 0.67747534
1.58055911 0.73030068
1.57741069 0.77691338
1.5862994 0.82177858
1.60469889 0.86063241
1.63692068 0.90249145
1.68699475 0.94810076
1.75929189 1
1.79070781 1
1.71040254 0.93692078
1.66419492 0.88981394
1.63504789 0.84689103
1.61796386 0.80296397
1.61278054 0.75769372
1.61942435 0.71115769
1.64043599 0.65898014
1.67594921 0.60656855
1.731368 0.55028689
1.80396975 0.49618175
1.90071161 0.44117166
2.0406319 0.37914477
2.35308004 0.25885176
2.47798423 0.19454399
2.55895301 0.12532126
2.56658861 0.06711457
2.5001393 0.03822187
2.37145827 0.0233383
2.20510577 0.01612375
1.79070781 0.01
1.82212374 0.01
2.24670603 0.01602249
2.50236028 0.0306094
2.61029073 0.05981378
2.61395587 0.11882244
2.53327026 0.18875981
2.41453952 0.2494833
2.1806859 0.33782978
1.99914948 0.40915568
1.88266251 0.46723842
1.79966687 0.52103237
1.7340543 0.5776632
1.68957732 0.63095726
1.65997265 0.68443069
1.64500419 0.73705738
1.64396545 0.78349862
1.65490858 0.82827774
1.67512132 0.86719982
1.70931134 0.90939007
1.76144936 0.95580601
1.82212374 1
1.85353967 1
1.7791867 0.94006895
1.73237156 0.89199303
1.70263228 0.84842989
1.68494814 0.80404329
1.67916946 0.75845196
1.68522228 0.71169622
1.70557584 0.65935514
1.74039774 0.60682389
1.79498543 0.55041822
1.86663218 0.4961498
1.96216319 0.44086395
2.10035357 0.37827768
2.4090427 0.25582316
2.53228121 0.19007741
2.61057896 0.11940425
2.60763959 0.06011775
2.50444116 0.03084475
2.26082362 0.01617684
1.85353967 0.01
1.88495559 0.01
2.30013477 0.01604392
2.55066108 0.03055958
2.65678271 0.05959774
2.65980315 0.11837448
2.57930131 0.18833923
2.45250236 0.25345717
2.08066911 0.39920826
1.96327493 0.45652122
1.87219534 0.51410962
1.80567636 0.570277
1.75665823 0.62811749
1.72705716 0.68144516
1.71192156 0.73405638
1.71059856 0.78062744
1.72112976 0.82569206
1.74364641 0.86931918
1.77835769 0.91204735
1.83084933 0.95937176
1.88495559 1
1.91637152 1
1.84373927 0.93902312
1.79802172 0.89017457
1.76903414 0.84606097
1.75190085 0.80129262
1.74649533 0.75549059
1.75275331 0.70868192
1.77313131 0.65643415
1.80773806 0.60410838
1.86176046 0.54798435
1.93903478 0.48959432
2.04223084 0.43067505
2.18894481 0.36478371
2.4550587 0.25573749
2.57686164 0.1895224
2.65480144 0.1188486
2.65248677 0.05984589
2.55124939 0.03077216
2.3131936 0.01619285
1.91637152 0.01
1.94778745 0.01
2.35248271 0.01609206
2.59658753 0.03057514
2.70008338 0.05950869
2.70184932 0.11817363
2.62106312 0.18833328
2.49507104 0.254135
2.13945497 0.3986353
2.02448629 0.45637006
1.93529282 0.51412416
1.87019049 0.57032416
1.82232462 0.62815827
1.79360113 0.6815108
1.77921666 0.73423586
1.77849102 0.78103583
1.78954593 0.82649327
1.81250371 0.87071986
1.84754626 0.91429519
1.90021909 0.9628802
1.94778745 1
1.97920337 1
1.90841458 0.93761617
1.86394791 0.88770629
1.83589215 0.84278972
1.8195297 0.79739766
1.8147584 0.75115676
1.82283588 0.69934233
1.84489389 0.64695741
1.88497099 0.58999595
1.94169204 0.53428504
2.02126515 0.47651227
2.13389671 0.41416281
2.32619443 0.32975769
2.52228206 0.24383423
2.63846217 0.17431089
2.70501379 0.0999143
2.68320362 0.05260689
2.59573779 0.03076354
2.36449429 0.01623455
1.97920337 0.01
2.0106193 0.01
2.40267751 0.01613354
2.63941338 0.0305511
2.74000298 0.05931579
2.74052614 0.11777354
2.65972783 0.18809849
2.52615132 0.25872522
2.19714114 0.39802713
2.07794887 0.46054965
1.99255204 0.51872987
1.93062432 0.57510017
1.88558633 0.63295822
1.85918033 0.68628346
1.84689537 0.73902201
1.84792162 0.78595028
1.86059458 0.831728
1.88503009 0.87655149
1.92137636 0.92108815
1.98081207 0.97595401
2.0106193 1
2.04203522 1
1.97350825 0.93615454
1.93054926 0.88513435
1.90358154 0.83938464
1.88807428 0.7933589
1.88395059 0.74668993
1.89251211 0.6946264
1.91480239 0.6421869
1.95479779 0.5853193
2.01100465 0.52976652
2.08941711 0.47210096
2.1998136 0.40958627
2.56926968 0.23973028
2.68246739 0.16865502
2.7443299 0.09305758
2.70548641 0.04525375
2.56292451 0.02340508
2.4137137 0.01626795
2.04203522 0.01
2.07345115 0.01
2.45082486 0.01616629
2.67928582 0.03048472
2.78343168 0.06590691
2.76657739 0.12896571
2.67260253 0.20207071
2.52858827 0.27543017
2.25375514 0.39734574
2.13852792 0.46041231
2.05599055 0.5187438
1.99617263 0.57508687
1.95277547 0.63286632
1.92751905 0.68616892
1.91609308 0.73901705
1.91767165 0.78622382
1.93068132 0.83250269
1.95521891 0.87809092
1.99565285 0.92828494
2.06158961 0.99002116
2.07345115 1
2.10486708 1
2.03874355 0.93438325
1.9974598 0.88199443
1.97176777 0.83517714
1.95733507 0.78828503
1.95410882 0.74096023
1.96346298 0.68840724
1.98632719 0.63568765
2.02664521 0.57868719
2.08813265 0.51853859
2.17386735 0.45668052
2.29277997 0.39018745
2.60393187 0.24050136
2.72256256 0.16325524
2.77859681 0.09282218
2.74226731 0.04519085
2.60517217 0.02344655
2.46197207 0.01632401
2.10486708 0.01
2.136283 0.01
2.49807839 0.01622092
2.71714797 0.03047728
2.81691673 0.0656946
2.79854176 0.12862554
2.69705661 0.20696703
2.53713404 0.28925694
2.2983806 0.40227185
2.18900516 0.46665904
2.11139862 0.52579992
2.05580258 0.58263181
2.01625527 0.64072668
1.9942192 0.69426063
1.98575745 0.74739479
1.98983695 0.79501357
2.00517229 0.8419575
2.03184303 0.88857825
2.07433917 0.9404759
2.136283 1
2.16769893 1
2.10466441 0.93294802
2.06540033 0.87943318
2.04110319 0.83176971
2.02767803 0.78424538
2.02543145 0.73172238
2.03626723 0.67893742
2.06297596 0.62144374
2.10510945 0.56471737
2.16769893 0.505
2.2601252 0.43922202
2.40180657 0.36058891
2.65370443 0.23120841
2.76647293 0.15140366
2.8112399 0.07906236
2.75169292 0.03775862
2.64405422 0.02338871
2.50735547 0.01633436
2.16769893 0.01
2.19911486 0.01
2.54347514 0.01626267
2.75236633 0.03042186
2.84747776 0.06535692
2.82236464 0.13384459
2.71153044 0.21644713
2.51200013 0.32002409
2.33566575 0.41156212
2.23400337 0.47755341
2.16301027 0.53771252
2.11315775 0.59516889
2.07890648 0.65366225
2.06133159 0.70747577
2.0569858 0.7609462
2.06453104 0.80905512
2.08307116 0.85680605
2.1162223 0.90952928
2.167588 0.96883298
2.19911486 1
2.23053078 1
2.17072089 0.93128798
2.13364002 0.87643791
2.109223 0.82287492
2.09752019 0.76966798
2.09851285 0.71643186
2.11216747 0.66319732
2.14143609 0.60550018
2.18982359 0.5441281
2.26049629 0.48019644
2.36216943 0.4104526
2.7064859 0.21732689
2.81150957 0.13382448
2.83591879 0.06527094
2.74676164 0.03049054
2.55198252 0.01636307
2.23053078 0.01
2.26194671 0.01
2.58716133 0.01628888
2.82296826 0.03737882
2.87928725 0.07809578
2.82517909 0.15541657
2.6930491 0.24428824
2.40226098 0.40367516
2.29795319 0.47496738
2.22547984 0.54037019
2.17579079 0.60312473
2.14556729 0.66202467
2.13119647 0.71622237
2.12961367 0.7702145
2.1392979 0.81902625
2.15960971 0.86779861
2.19423884 0.92212261
2.24655093 0.98385715
2.26194671 1
2.29336264 1
2.23716446 0.92976309
2.20250438 0.87364007
2.17994079 0.81895858
2.16954955 0.76485244
2.17132856 0.710949
2.18710572 0.65238526
2.21720992 0.59440405
2.26565387 0.53282557
2.34087914 0.46407817
2.45458314 0.38504795
2.74163907 0.21222221
2.84708689 0.12124695
2.85762145 0.05801189
2.77863341 0.03034714
2.59500386 0.0163744
2.29336264 0.01
2.32477856 0.01
2.62930072 0.01629682
2.85146301 0.03711922
2.90347423 0.08376829
2.83699437 0.16528017
2.69076235 0.26294874
2.46023153 0.39970352
2.36137281 0.47225035
2.29267868 0.53834316
2.24558736 0.60155796
2.21700475 0.66087646
2.20291717 0.72053827
2.20279654 0.77520077
2.21494654 0.82981774
2.23938662 0.8847763
2.27607044 0.94098715
2.32477856 1
2.35619449 1
2.30373802 0.92808014
2.26930264 0.86536341
2.24982335 0.80943432
2.24199123 0.75420989
2.24580846 0.69937039
2.26320176 0.6399937
2.29743799 0.57651919
2.35166064 0.50969851
2.43395831 0.43579269
2.56824963 0.34196518
2.78719047 0.19740084
2.87871042 0.10865893
2.87489454 0.0509097
2.7513591 0.02328408
2.63743322 0.01639998
2.35619449 0.01
2.38761042 0.01
2.67093366 0.01631808
2.87836858 0.03692333
2.92573988 0.0831609
2.85925336 0.16484093
2.6959932 0.27854951
2.50826735 0.40163329
2.4116266 0.48105257
2.34993585 0.54875983
2.30869173 0.61319522
2.28485418 0.67350986
2.27487079 0.73418356
2.27795315 0.78992475
2.29276423 0.84590026
2.31929179 0.90262601
2.36146131 0.96658495
2.38761042 1
2.41902634 1
2.37065844 0.92662292
2.33921488 0.86243658
2.32180382 0.80521578
2.31539911 0.74882794
2.32096865 0.68791747
2.34169753 0.6226342
2.37745173 0.55835281
2.43659629 0.48586557
2.52448798 0.40606327
2.83584521 0.1761226
2.90929424 0.08938314
2.88695358 0.04375795
2.78397695 0.02321547
2.67851851 0.01640341
2.41902634 0.01
2.45044227 0.01
2.71129189 0.01631618
2.9033496 0.03664696
2.94601133 0.08238111
2.87381825 0.16961939
2.55069821 0.40821542
2.46351029 0.49025326
2.40898552 0.55974421
2.37359218 0.62557933
2.35437567 0.6870752
2.34824105 0.74895894
2.35416672 0.80595912
2.37115155 0.86345051
2.40223793 0.92746004
2.45044227 1
2.4818582 1
2.43807663 0.92583199
2.40984827 0.86064246
2.39359736 0.79722366
2.38942158 0.73482037
2.39851448 0.66800528
2.42163972 0.60201114
2.46186563 0.53208883
2.5262097 0.45390297
2.63039152 0.35829032
2.87535429 0.15822715
2.93195407 0.07555092
2.89220209 0.03648047
2.7177122 0.01634674
2.4818582 0.01
2.51327412 0.01
2.84747843 0.02284925
2.96079537 0.05575884
2.93422066 0.12883711
2.78023962 0.26137022
2.61236576 0.3983722
2.5271526 0.48741717
2.47435662 0.56339362
2.44133672 0.63556832
2.42517901 0.70332122
2.42281051 0.76627949
2.43253745 0.82968577
2.45434935 0.89396156
2.4881384 0.96003541
2.51327412 1
2.54469005 1
2.50534595 0.92461196
2.4803587 0.85792522
2.46647515 0.79285848
2.46405206 0.72346197
2.47472599 0.65488316
2.50069629 0.58193613
2.54469005 0.505
2.61797659 0.41440219
2.75523502 0.2846177
2.92011462 0.12925533
2.94628871 0.05579507
2.84497586 0.02293592
2.54469005 0.01
2.57610598 0.01
2.87727516 0.02274006
2.97944969 0.05519561
2.94627824 0.13387142
2.66361894 0.39659002
2.5867827 0.48935781
2.53737526 0.57338804
2.50980522 0.64796243
2.49764308 0.71780613
2.49855124 0.78808558
2.51102635 0.85348758
2.53464547 0.91990326
2.57265614 0.99414059
2.57610598 1
2.6075219 1
2.57298838 0.92415855
2.55000681 0.85090719
2.53876205 0.77913325
2.53930362 0.70824494
2.55301408 0.63265471
2.58258864 0.55255953
2.63402575 0.46304413
2.72129031 0.35394916
2.95083536 0.11010835
2.95112949 0.04214
2.7957222 0.01625324
2.6075219 0.01
2.63893783 0.01
2.90549221 0.022505
2.99676438 0.05424891
2.95863516 0.13808931
2.72970897 0.37644341
2.65492634 0.47800838
2.60952626 0.56478047
2.5825523 0.64702665
2.5713115 0.72428412
2.57302885 0.79631425
2.58648757 0.86876621
2.61166692 0.94219
2.63893783 1
2.67035376 1
2.63887308 0.91837482
2.619269 0.83866042
2.61164406 0.75992229
2.6167678 0.67617322
2.63728095 0.58745831
2.67575019 0.49406436
2.74179221 0.38540227
2.88454732 0.21125066
2.9822801 0.07843294
2.93760509 0.02877174
2.67035376 0.01
2.70176968 0.01
2.96894584 0.02843357
3.01332418 0.07743937
2.88774718 0.23808874
2.76909053 0.3876312
2.70440971 0.49937457
2.66752981 0.5954174
2.6485837 0.6863102
2.64486242 0.77158284
2.65370814 0.85111375
2.67260186 0.92514921
2.70176968 1
2.73318561 1
2.70682691 0.91829988
2.69082409 0.83722997
2.68516584 0.75047918
2.6921837 0.65789709
2.71431122 0.55967788
2.75663255 0.45054565
2.83127384 0.31962846
2.99790068 0.07717893
2.9609664 0.02835658
2.73318561 0.01
2.76460154 0.01
2.99179925 0.02798982
3.02611694 0.08206492
2.83018255 0.36696865
2.77025286 0.49022952
2.73676208 0.59682969
2.72055431 0.69753949
2.71902137 0.79167082
2.72971708 0.87899257
2.75037673 0.95974825
2.76460154 1
2.79601746 1
2.773659 0.91336315
2.76070374 0.8196538
2.75911577 0.71860905
2.77103079 0.61046951
2.80066467 0.48995556
2.85587458 0.35234006
3.01595511 0.06348733
2.95811926 0.02178769
2.79601746 0.01
2.82743339 0.01
3.01453211 0.0274616
3.03887649 0.08639775
2.88865772 0.34404723
2.83491567 0.4800743
2.80452468 0.60480179
2.79204441 0.71628594
2.79307976 0.8195623
2.80550124 0.91409553
2.82565586 0.99435509
2.82743339 1
2.85884931 1
2.84083503 0.90834908
2.83131358 0.80058068
2.83331434 0.68270365
2.84991141 0.54959483
2.88778937 0.39707851
2.96058242 0.21695858
3.03149476 0.05036468
2.94756522 0.0156655
2.85884931 0.01
2.89026524 0.01
3.04921288 0.03253935
3.03516746 0.12603805
2.93968693 0.33157436
2.89382053 0.48850078
2.8701439 0.63341366
2.86312698 0.76237634
2.86843424 0.87350643
2.88258545 0.96667211
2.89026524 1
2.92168117 1
2.90774036 0.89778725
2.90210186 0.7676773
2.90923071 0.60957969
2.93378422 0.43411847
2.98573823 0.23654845
3.04456797 0.03767852
2.92168117 0.01
2.95309709 0.01
3.07765574 0.04270214
2.97699317 0.37255996
2.94606016 0.56105656
2.93476026 0.73297289
2.93772603 0.87438153
2.94933094 0.97859993
2.95309709 1
2.98451302 1
2.97464044 0.87508526
2.97357743 0.69707213
2.98721944 0.47621426
3.02319118 0.23813812
3.06129306 0.03108473
2.98451302 0.01
3.01592895 0.01
3.09712028 0.05740513
3.03318941 0.35061542
3.01018984 0.58641719
3.00468119 0.79917417
3.01058877 0.94725158
3.01592895 1
3.04734487 1
3.0420187 0.80448003
3.04845449 0.47812126
3.07634143 0.13970454
3.067349 0.0148818
3.04734487 0.01
3.0787608 0.01
3.11197973 0.10109014
3.08155874 0.43783299
3.07368129 0.78390703
3.07819488 0.99052467
3.0787608 1
3.11017673 1
3.11017673 0.01
3.14159265 0.01
3.14159265 1
3.17300858 1
3.17776488 0.80369526
3.1708251 0.44756832
3.1427955 0.11250402
3.15401941 0.01453691
3.17300858 0.01
3.20442451 0.01
3.17120558 0.10109014
3.20162656 0.43783299
3.20950402 0.78390703
3.20499042 0.99052467
3.20442451 1
3.23584043 1
3.24467821 0.88333006
3.24540899 0.69097083
3.23080372 0.44735935
3.19412383 0.20530626
3.16689073 0.02484254
3.23584043 0.01
3.26725636 0.01
3.18606502 0.05740513
3.2499959 0.35061542
3.27299547 0.58641719
3.27850412 0.79917417
3.27259654 0.94725158
3.26725636 1
3.29867229 1
3.31119325 0.9060145
3.31651687 0.77288583
3.30947525 0.60583544
3.28514456 0.41856141
3.23625508 0.22434941
3.17829294 0.03640574
3.29867229 0.01
3.33008821 0.01
3.20552957 0.04270214
3.30619214 0.37255996
3.33712515 0.56105656
3.34842505 0.73297289
3.34545928 0.87438153
3.33385437 0.97859993
3.33008821 1
3.36150414 1
3.37774032 0.9163642
3.38666075 0.81336631
3.38477875 0.68387197
3.36718044 0.53559739
3.33032484 0.37990783
3.26104783 0.20421142
3.19340291 0.04318393
3.2750153 0.01539527
3.36150414 0.01
3.39292007 0.01
3.23397242 0.03253935
3.24801785 0.12603805
3.34349838 0.33157436
3.38936478 0.48850078
3.41304141 0.63341366
3.42005833 0.76237634
3.41475106 0.87350643
3.40059985 0.96667211
3.39292007 1
3.42433599 1
3.4445799 0.92115622
3.45669582 0.83263774
3.45879592 0.72809658
3.44766052 0.61406594
3.41890076 0.48575025
3.36666561 0.34582416
3.26616582 0.1678466
3.20772252 0.05017774
3.31322431 0.01560212
3.42433599 0.01
3.45575192 0.01
3.2686532 0.0274616
3.24430881 0.08639775
3.39452758 0.34404723
3.44826963 0.4800743
3.47866063 0.60480179
3.4911409 0.71628594
3.49010555 0.8195623
3.47768407 0.91409553
3.45752945 0.99435509
3.45575192 1
3.48716785 1
3.51099302 0.9263294
3.52667987 0.84533971
3.53220629 0.75662057
3.52535474 0.66022678
3.50363892 0.55676638
3.46163723 0.44129926
3.38989334 0.30953153
3.22203047 0.06321098
3.29188789 0.0216713
3.48716785 0.01
3.51858377 0.01
3.29138606 0.02798982
3.25706837 0.08206492
3.45300276 0.36696865
3.51293245 0.49022952
3.54642323 0.59682969
3.56263099 0.69753949
3.56416394 0.79167082
3.55346823 0.87899257
3.53280858 0.95974825
3.51858377 1
3.5499997 1
3.57878856 0.92576281
3.59716446 0.85138807
3.6053913 0.77063143
3.60098197 0.68330616
3.5812466 0.5896793
3.54333735 0.49045843
3.48075701 0.38080374
3.3645327 0.23295966
3.2394825 0.0767911
3.2828769 0.0281888
3.5499997 0.01
3.58141563 0.01
3.31423946 0.02843357
3.26986112 0.07743937
3.39543813 0.23808874
3.51409478 0.3876312
3.5787756 0.49937457
3.6156555 0.5954174
3.6346016 0.6863102
3.63832289 0.77158284
3.62947717 0.85111375
3.61058344 0.92514921
3.58141563 1
3.61283155 1
3.64646379 0.92608407
3.6684001 0.85306655
3.6786352 0.78014777
3.67661402 0.70141386
3.66111796 0.62258203
3.62702425 0.53285941
3.5720785 0.4386186
3.47964777 0.32406152
3.26300162 0.09594991
3.26798871 0.04113362
3.42564754 0.01603097
3.61283155 0.01
3.64424748 0.01
3.3776931 0.022505
3.28642092 0.05424891
3.32455014 0.13808931
3.55347634 0.37644341
3.62825897 0.47800838
3.67365904 0.56478047
3.700633 0.64702665
3.71187381 0.72428412
3.71015646 0.79631425
3.69669773 0.86876621
3.67151839 0.94219
3.64424748 1
3.6756634 1
3.71422558 0.92642144
3.73827782 0.86001578
3.7511816 0.79412124
3.75258979 0.72283365
3.74096646 0.65159434
3.71396872 0.57521519
3.6686643 0.49428015
3.59308758 0.39890858
3.46232906 0.27369425
3.28666207 0.10938687
3.27675645 0.04823917
3.3740999 0.02253556
3.6756634 0.01
3.70707933 0.01
3.40591015 0.02274006
3.30373562 0.05519561
3.33690707 0.13387142
3.61956637 0.39659002
3.69640261 0.48935781
3.74581005 0.57338804
3.77338008 0.64796243
3.78554223 0.71780613
3.78463407 0.78808558
3.77215895 0.85348758
3.74853984 0.91990326
3.71052917 0.99414059
3.70707933 1
3.73849526 1
3.77902031 0.93267277
3.80744353 0.8673516
3.82364499 0.80283849
3.82761461 0.73853334
3.81938302 0.67429206
3.79676575 0.60496577
3.7566777 0.53108847
3.69162792 0.44826816
3.59055024 0.35228338
3.32347422 0.13403253
3.28526156 0.06181104
3.35198565 0.02933806
3.50089636 0.0161911
3.73849526 0.01
3.76991118 0.01
3.43570688 0.02284925
3.32238994 0.05575884
3.34896465 0.12883711
3.50294569 0.26137022
3.67081954 0.3983722
3.75603271 0.48741717
3.80882869 0.56339362
3.84184858 0.63556832
3.85800629 0.70332122
3.8603748 0.76627949
3.85064786 0.82968577
3.82883596 0.89396156
3.79504691 0.96003541
3.76991118 1
3.80132711 1
3.84592354 0.93403645
3.8754793 0.87564393
3.89407522 0.81807897
3.9016943 0.76072788
3.89751212 0.69815845
3.87832263 0.63050178
3.84401373 0.5634215
3.79056097 0.49244704
3.70988949 0.41348109
3.57133252 0.3077599
3.36464405 0.15686318
3.30177237 0.07503333
3.34590653 0.03618237
3.54038298 0.01619099
3.80132711 0.01
3.83274304 0.01
3.57189342 0.01631618
3.3798357 0.03664696
3.33717398 0.08238111
3.40936705 0.16961939
3.73248709 0.40821542
3.81967502 0.49025326
3.87419979 0.55974421
3.90959313 0.62557933
3.92880963 0.6870752
3.93494426 0.74895894
3.92901859 0.80595912
3.91203376 0.86345051
3.88094738 0.92746004
3.83274304 1
3.86415896 1
3.91297899 0.93501623
3.94555038 0.87770788
3.96633203 0.82121858
3.97531609 0.76483723
3.97253228 0.70831529
3.95611256 0.64661191
3.92264914 0.5801971
3.86870343 0.50994705
3.79140777 0.43690723
3.66893835 0.34769
3.41192708 0.17970768
3.3268462 0.09489885
3.34862218 0.04340262
3.46241246 0.02297296
3.5792149 0.01623312
3.86415896 0.01
3.89557489 0.01
3.61225164 0.01631808
3.40481673 0.03692333
3.35744543 0.0831609
3.42393194 0.16484093
3.58719211 0.27854951
3.77491795 0.40163329
3.8715587 0.48105257
3.93324946 0.54875983
3.97449358 0.61319522
3.99833112 0.67350986
4.00831452 0.73418356
4.00523215 0.78992475
3.99042107 0.84590026
3.96389352 0.90262601
3.92172399 0.96658495
3.89557489 1
3.92699082 1
3.97952951 0.93658783
4.01486282 0.88079353
4.03779449 0.82573211
4.04833745 0.7706095
4.04653629 0.71515064
4.03052847 0.65440774
3.99990717 0.59389661
3.95042784 0.5293683
3.87891289 0.46192164
3.77654892 0.38794398
3.44783029 0.19025467
3.35478193 0.10779226
3.35895612 0.05049633
3.4946005 0.02302372
3.62007408 0.01621646
3.92699082 0.01
3.95840674 0.01
3.65388459 0.01629682
3.4317223 0.03711922
3.37971108 0.08376829
3.44619094 0.16528017
3.59242296 0.26294874
3.82295378 0.39970352
3.9218125 0.47225035
3.99050663 0.53834316
4.03759795 0.60155796
4.06618055 0.66087646
4.08026814 0.72053827
4.08038876 0.77520077
4.06823877 0.82981774
4.04379869 0.8847763
4.00711487 0.94098715
3.95840674 1
3.98982267 1
4.04971609 0.93336581
4.08641604 0.87929144
4.10857399 0.83057874
4.12009739 0.78163029
4.12055122 0.7272397
4.10823433 0.67238135
4.08023783 0.61248415
4.03283812 0.54838672
3.96811695 0.48606183
3.87359883 0.41719169
3.72185181 0.32991263
3.49384164 0.20495639
3.38644238 0.12020806
3.37498148 0.05753849
3.46111855 0.03002192
3.66232589 0.01617855
3.98982267 0.01
4.0212386 0.01
3.69602397 0.01628888
3.46021704 0.03737882
3.40389806 0.07809578
3.45800622 0.15541657
3.5901362 0.24428824
3.88092432 0.40367516
3.98523211 0.47496738
4.05770547 0.54037019
4.10739452 0.60312473
4.13761801 0.66202467
4.15198883 0.71622237
4.15357163 0.7702145
4.14388741 0.81902625
4.12357559 0.86779861
4.08894647 0.92212261
4.03663438 0.98385715
4.0212386 1
4.05265452 1
4.11605199 0.93511259
4.15508726 0.88245294
4.17890006 0.83485723
4.19166598 0.78681263
4.19345948 0.7380679
4.18279816 0.68374419
4.15605288 0.62415503
4.11352239 0.56505353
4.04987713 0.50264286
3.96205299 0.43833752
3.83293304 0.36466361
3.53641134 0.21469109
3.42217858 0.13259423
3.3924864 0.07137618
3.45200916 0.03721683
3.56358737 0.02307482
3.70513137 0.01615532
4.05265452 0.01
4.08407045 0.01
3.73971017 0.01626267
3.53081898 0.03042186
3.43570755 0.06535692
3.46082066 0.13384459
3.57165486 0.21644713
3.77118518 0.32002409
3.94751956 0.41156212
4.04918194 0.47755341
4.12017504 0.53771252
4.17002756 0.59516889
4.20427882 0.65366225
4.22185371 0.70747577
4.2261995 0.7609462
4.21865427 0.80905512
4.20011414 0.85680605
4.166963 0.90952928
4.11559731 0.96883298
4.08407045 1
4.11548638 1
4.18199231 0.93697028
4.22312012 0.88577416
4.24844997 0.83931892
4.26240522 0.79218858
4.26508722 0.74412075
4.25506575 0.69028554
4.23142048 0.63592468
4.19001055 0.57687766
4.13237917 0.51912182
4.05232006 0.45907912
3.93981199 0.3938176
3.57348543 0.21919198
3.46158435 0.14441703
3.41960534 0.07840828
3.48390886 0.03736021
3.60074628 0.02308166
3.7495879 0.01611575
4.11548638 0.01
4.1469023 0.01
3.78510692 0.01622092
3.56603734 0.03047728
3.46626858 0.0656946
3.48464354 0.12862554
3.5861287 0.20696703
3.74605127 0.28925694
3.98480471 0.40227185
4.09418015 0.46665904
4.17178668 0.52579992
4.22738273 0.58263181
4.26693004 0.64072668
4.28896611 0.69426063
4.29742786 0.74739479
4.29334835 0.79501357
4.27801301 0.8419575
4.25134227 0.88857825
4.20884614 0.9404759
4.1469023 1
4.17831823 1
4.24780569 0.93859462
4.29086298 0.88864154
4.31752593 0.84310588
4.33245834 0.79665227
4.33579175 0.74901229
4.32612231 0.69538543
4.30242899 0.64101354
4.26045056 0.58180002
4.20161718 0.5238444
4.11942627 0.46371936
4.01167401 0.40295249
3.82426526 0.31836447
3.61451451 0.22408751
3.49875205 0.15083094
3.45071106 0.08560133
3.49096337 0.04473925
3.63923678 0.02312603
3.79475916 0.01609505
4.17831823 0.01
4.20973416 0.01
3.83236044 0.01616629
3.60389949 0.03048472
3.49975363 0.06590691
3.51660792 0.12896571
3.61058278 0.20207071
3.75459704 0.27543017
4.02943017 0.39734574
4.14465739 0.46041231
4.22719476 0.5187438
4.28701267 0.57508687
4.33040984 0.63286632
4.35566625 0.68616892
4.36709223 0.73901705
4.36551366 0.78622382
4.35250399 0.83250269
4.3279664 0.87809092
4.28753246 0.92828494
4.2215957 0.99002116
4.20973416 1
4.24115008 1
4.31292065 0.94051256
4.35756304 0.89202764
4.38544359 0.84763197
4.40142442 0.80210089
4.40566767 0.75515653
4.39824031 0.70692232
4.37653757 0.65288523
4.34050269 0.59864082
4.28470016 0.5403833
4.2119035 0.48428516
4.11516095 0.42700218
3.97554388 0.36179294
3.67435596 0.23635638
3.55215562 0.16677944
3.48778586 0.09858724
3.50965388 0.05189793
3.60090651 0.03032758
3.8429354 0.01603044
4.24115008 0.01
4.27256601 0.01
3.8805078 0.01613354
3.64377193 0.0305511
3.54318233 0.05931579
3.54265917 0.11777354
3.62345747 0.18809849
3.75703399 0.25872522
4.08604417 0.39802713
4.20523644 0.46054965
4.29063327 0.51872987
4.35256099 0.57510017
4.39759897 0.63295822
4.42400498 0.68628346
4.43628994 0.73902201
4.43526369 0.78595028
4.42259073 0.831728
4.39815522 0.87655149
4.36180895 0.92108815
4.30237324 0.97595401
4.27256601 1
4.30398194 1
4.37790946 0.9421121
4.42040962 0.89912772
4.45054475 0.85572463
4.46855063 0.81102472
4.47462877 0.76469697
4.46887268 0.71684076
4.44882576 0.66294525
4.41422542 0.60858691
4.35964296 0.54998969
4.28754189 0.49345147
4.19070928 0.43577778
4.05880341 0.3744894
3.72132096 0.2402832
3.60353827 0.17730079
3.52762651 0.10527589
3.54816113 0.05209112
3.64207386 0.03036688
3.8920296 0.01598908
4.30398194 0.01
4.33539786 0.01
3.9307026 0.01609206
3.68659778 0.03057514
3.58310193 0.05950869
3.58133599 0.11817363
3.66212218 0.18833328
3.78811427 0.254135
4.14373033 0.3986353
4.25869901 0.45637006
4.34789249 0.51412416
4.41299482 0.57032416
4.46086069 0.62815827
4.48958418 0.6815108
4.50396865 0.73423586
4.50469429 0.78103583
4.49363937 0.82649327
4.4706816 0.87071986
4.43563905 0.91429519
4.38296622 0.9628802
4.33539786 1
4.36681379 1
4.44248634 0.94363122
4.48606413 0.90168643
4.51709502 0.85915665
4.53452442 0.81962173
4.54244338 0.77396407
4.5384291 0.72656077
4.52019885 0.67290084
4.48729442 0.61851742
4.43434907 0.55964815
4.36350945 0.502682
4.26735402 0.44454461
4.14434133 0.38696188
3.76194117 0.2398301
3.64343612 0.17746446
3.57135514 0.1116997
3.57784217 0.05927828
3.68629982 0.03036612
3.94324816 0.01594068
4.36681379 0.01
4.39822972 0.01
3.98305054 0.01604392
3.73252423 0.03055958
3.6264026 0.05959774
3.62338216 0.11837448
3.70388399 0.18833923
3.83068294 0.25345717
4.2025162 0.39920826
4.31991038 0.45652122
4.41098996 0.51410962
4.47750894 0.570277
4.52652707 0.62811749
4.55612815 0.68144516
4.57126375 0.73405638
4.57258675 0.78062744
4.56205555 0.82569206
4.53953889 0.86931918
4.50482762 0.91204735
4.45233598 0.95937176
4.39822972 1
4.42964564 1
4.50696008 0.94478177
4.55148771 0.90360418
4.58324336 0.86168175
4.60116556 0.82253766
4.60948165 0.7771384
4.60572044 0.72981999
4.58760002 0.6760815
4.55460308 0.62148332
4.50640999 0.56717321
4.4363064 0.50966641
4.34838431 0.45530442
4.22586611 0.3969314
4.0265786 0.32187509
3.81650684 0.24397245
3.69517474 0.18289479
3.6153228 0.11222157
3.62245044 0.05954073
3.73284485 0.03043048
3.99549147 0.01591859
4.42964564 0.01
4.46106157 0.01
4.03647927 0.01602249
3.78082502 0.0306094
3.67289458 0.05981378
3.66922944 0.11882244
3.74991505 0.18875981
3.86864578 0.2494833
4.10249941 0.33782978
4.28403583 0.40915568
4.4005228 0.46723842
4.48351844 0.52103237
4.54913101 0.5776632
4.59360799 0.63095726
4.62321265 0.68443069
4.63818111 0.73705738
4.63921985 0.78349862
4.62827673 0.82827774
4.60806399 0.86719982
4.57387396 0.90939007
4.52173595 0.95580601
4.46106157 1
4.49247749 1
4.57072614 0.94603234
4.6158853 0.90571654
4.6455636 0.86873357
4.66511626 0.8303444
4.6747625 0.79024041
4.67401676 0.74369188
4.65926687 0.69052191
4.62971999 0.63615543
4.58502869 0.581731
4.51867295 0.52374817
4.43413923 0.46866358
4.32372836 0.4134643
4.16748975 0.35209763
3.88197626 0.25091172
3.75741013 0.19203912
3.67096906 0.12410508
3.66284757 0.0664864
3.73370372 0.03775943
3.8718318 0.02297437
4.0512134 0.01586144
4.49247749 0.01
4.52389342 0.01
4.0921873 0.01599731
3.83243754 0.03062343
3.72298243 0.05992927
3.71867472 0.1190712
3.79932245 0.1889448
3.91865532 0.24931437
4.14505273 0.33313085
4.3305877 0.40338728
4.450801 0.46075872
4.53708952 0.51413917
4.60587325 0.57057573
4.65307928 0.62387094
4.68524114 0.67747534
4.70262619 0.73030068
4.70577461 0.77691338
4.69688591 0.82177858
4.67848641 0.86063241
4.64626463 0.90249145
4.59619056 0.94810076
4.52389342 1
4.55530935 1
4.6344043 0.94686568
4.68008016 0.90711171
4.71014855 0.87055349
4.73003909 0.8325035
4.73998504 0.79265044
4.73953831 0.74627943
4.72700308 0.69808633
4.6990637 0.64377058
4.65594288 0.58920509
4.59118774 0.53088494
4.50799337 0.47534529
4.39849003 0.41965764
4.25243516 0.36164893
3.93338146 0.25061412
3.8084222 0.19208699
3.72212798 0.1242547
3.71456122 0.06656495
3.7863429 0.03777174
3.92618245 0.02295319
4.10807076 0.01583322
4.55530935 0.01
4.58672527 0.01
4.15023499 0.01596957
3.88744642 0.03060316
3.77674675 0.05994571
3.77180208 0.11912246
3.85220608 0.18889724
3.97172088 0.24897614
4.17914872 0.32501805
4.3777163 0.39779304
4.50096218 0.45440552
4.59009852 0.50727539
4.66173881 0.56339311
4.71148159 0.61657344
4.74608298 0.67021129
4.76582988 0.72317427
4.77108868 0.7699478
4.7643049 0.81494084
4.74781248 0.85381389
4.71772791 0.89549582
4.67498157 0.93642656
4.60016149 0.99114358
4.58672527 1
4.6181412 1
4.69800473 0.94727468
4.74408989 0.90777858
4.77441177 0.87138462
4.79446249 0.83342608
4.8044862 0.79359157
4.80403601 0.74716283
4.79140244 0.6988433
4.76323503 0.64433195
4.71973979 0.58954108
4.66054281 0.53577343
4.5780345 0.47975345
4.46881201 0.42356339
4.32228576 0.36516899
3.98983568 0.25092612
3.86406109 0.19254238
3.77737945 0.12465861
3.76978607 0.06678667
3.84186826 0.03786954
3.98258223 0.02298312
4.16607705 0.01583453
4.6181412 0.01
4.64955713 0.01
4.20947016 0.01597145
3.945042 0.03065213
3.83392428 0.0600921
3.82896538 0.11941809
3.90964843 0.18924817
4.02975354 0.24923327
4.23860632 0.32502212
4.43881527 0.39765643
4.56310166 0.45430147
4.65295672 0.50728119
4.72513621 0.56355936
4.77522672 0.61690403
4.81005496 0.67069639
4.8299253 0.72378013
4.8352162 0.77061685
4.82839095 0.81561627
4.81179546 0.85444023
4.78511221 0.89190444
4.7433602 0.93268246
4.67612394 0.98253666
4.64955713 1
4.68097305 1
4.76122074 0.94748318
4.80750993 0.90811821
4.83795793 0.87180765
4.85808821 0.83389547
4.86815051 0.79407031
4.86769861 0.7476122
4.85501622 0.69922846
4.82673549 0.64461773
4.78305381 0.58971228
4.72358303 0.53583194
4.64066137 0.47971188
4.53996935 0.42760135
4.40411056 0.37249686
4.04946482 0.25108049
3.92328312 0.19276953
3.83640915 0.12486055
3.82880262 0.06689753
3.90103382 0.03791836
4.04218413 0.02299794
4.22648472 0.01583503
4.68097305 0.01
4.71238898 0.01
4.27229292 0.01594071
4.00699382 0.03056603
3.89518835 0.05991314
3.88961035 0.11907614
3.96966951 0.18873597
4.08915613 0.24855801
4.29731556 0.32400668
4.49742665 0.39614362
4.62203789 0.45237478
4.71238898 0.505
4.78521639 0.56095736
4.83600348 0.61405817
4.87161216 0.66766546
4.89234622 0.72062358
4.89850239 0.76738865
4.89263052 0.81233782
4.87697877 0.85110933
4.85132771 0.88847989
4.81082727 0.92904994
4.7452162 0.97839721
4.71238898 1
4.74380491 1
4.82405259 0.94748318
4.87034179 0.90811821
4.90078978 0.87180765
4.92092006 0.83389547
4.93098236 0.79407031
4.93053046 0.7476122
4.91784807 0.69922846
4.88956734 0.64461773
4.84588566 0.58971228
4.78641489 0.53583194
4.70349322 0.47971188
4.60280121 0.42760135
4.46694241 0.37249686
4.11229668 0.25108049
3.98611498 0.19276953
3.89924101 0.12486055
3.89163447 0.06689753
3.96386567 0.03791836
4.10501598 0.02299794
4.28931657 0.01583503
4.74380491 0.01
4.77522083 0.01
4.33513387 0.01597145
4.0707057 0.03065213
3.95958799 0.0600921
3.95462909 0.11941809
4.03531214 0.18924817
4.15541724 0.24923327
4.36427003 0.32502212
4.56447898 0.39765643
4.68876537 0.45430147
4.77862043 0.50728119
4.85079991 0.56355936
4.90089043 0.61690403
4.93571867 0.67069639
4.95558901 0.72378013
4.96087991 0.77061685
4.95405466 0.81561627
4.93745917 0.85444023
4.91077592 0.89190444
4.8690239 0.93268246
4.80178764 0.98253666
4.77522083 1
4.80663676 1
4.88650029 0.94727468
4.93258545 0.90777858
4.96290733 0.87138462
4.98295805 0.83342608
4.99298176 0.79359157
4.99253157 0.74716283
4.979898 0.6988433
4.95173059 0.64433195
4.90823535 0.58954108
4.84903837 0.53577343
4.76653006 0.47975345
4.65730757 0.42356339
4.51078132 0.36516899
4.17833124 0.25092612
4.05255665 0.19254238
3.96587501 0.12465861
3.95828163 0.06678667
4.03036381 0.03786954
4.17107779 0.02298312
4.35457261 0.01583453
4.80663676 0.01
4.83805269 0.01
4.4015624 0.01596957
4.13877383 0.03060316
4.02807416 0.05994571
4.02312949 0.11912246
4.10353349 0.18889724
4.2230483 0.24897614
4.43047613 0.32501805
4.62904372 0.39779304
4.75228959 0.45440552
4.84142594 0.50727539
4.91306623 0.56339311
4.962809 0.61657344
4.99741039 0.67021129
5.01715729 0.72317427
5.02241609 0.7699478
5.01563231 0.81494084
4.9991399 0.85381389
4.96905533 0.89549582
4.92630898 0.93642656
4.8514889 0.99114358
4.83805269 1
4.86946861 1
4.94856357 0.94686568
4.99423942 0.90711171
5.02430782 0.87055349
5.04419835 0.8325035
5.0541443 0.79265044
5.05369758 0.74627943
5.04116235 0.69808633
5.01322297 0.64377058
4.97010215 0.58920509
4.90534701 0.53088494
4.82215264 0.47534529
4.7126493 0.41965764
4.56659442 0.36164893
4.24754073 0.25061412
4.12258147 0.19208699
4.03628725 0.1242547
4.02872049 0.06656495
4.10050216 0.03777174
4.24034172 0.02295319
4.42223003 0.01583322
4.86946861 0.01
4.90088454 0.01
4.46917842 0.01599731
4.20942866 0.03062343
4.09997355 0.05992927
4.09566584 0.1190712
4.17631357 0.1889448
4.29564644 0.24931437
4.52204385 0.33313085
4.70757882 0.40338728
4.82779212 0.46075872
4.91408064 0.51413917
4.98286437 0.57057573
5.0300704 0.62387094
5.06223226 0.67747534
5.07961731 0.73030068
5.08276573 0.77691338
5.07387703 0.82177858
5.05547753 0.86063241
5.02325575 0.90249145
4.97318168 0.94810076
4.90088454 1
4.93230047 1
5.01054911 0.94603234
5.05570827 0.90571654
5.08538658 0.86873357
5.10493923 0.8303444
5.11458547 0.79024041
5.11383974 0.74369188
5.09908984 0.69052191
5.06954296 0.63615543
5.02485166 0.581731
4.95849592 0.52374817
4.8739622 0.46866358
4.76355133 0.4134643
4.60731272 0.35209763
4.32179923 0.25091172
4.1972331 0.19203912
4.11079203 0.12410508
4.10267054 0.0664864
4.17352669 0.03775943
4.31165477 0.02297437
4.49103637 0.01586144
4.93230047 0.01
4.96371639 0.01
4.5391341 0.01602249
4.28347985 0.0306094
4.1755494 0.05981378
4.17188427 0.11882244
4.25256987 0.18875981
4.37130061 0.2494833
4.60515423 0.33782978
4.78669065 0.40915568
4.90317762 0.46723842
4.98617326 0.52103237
5.05178583 0.5776632
5.09626281 0.63095726
5.12586748 0.68443069
5.14083594 0.73705738
5.14187468 0.78349862
5.13093155 0.82827774
5.11071881 0.86719982
5.07652879 0.90939007
5.02439077 0.95580601
4.96371639 1
4.99513232 1
5.07244676 0.94478177
5.11697439 0.90360418
5.14873004 0.86168175
5.16665223 0.82253766
5.17496833 0.7771384
5.17120711 0.72981999
5.15308669 0.6760815
5.12008976 0.62148332
5.07189667 0.56717321
5.00179308 0.50966641
4.91387099 0.45530442
4.79135278 0.3969314
4.59206528 0.32187509
4.38199351 0.24397245
4.26066142 0.18289479
4.18080948 0.11222157
4.18793712 0.05954073
4.29833153 0.03043048
4.56097815 0.01591859
4.99513232 0.01
5.02654825 0.01
4.61136907 0.01604392
4.36084276 0.03055958
4.25472113 0.05959774
4.25170069 0.11837448
4.33220252 0.18833923
4.45900147 0.25345717
4.83083473 0.39920826
4.94822891 0.45652122
5.03930849 0.51410962
5.10582747 0.570277
5.1548456 0.62811749
5.18444668 0.68144516
5.19958228 0.73405638
5.20090528 0.78062744
5.19037408 0.82569206
5.16785742 0.86931918
5.13314615 0.91204735
5.08065451 0.95937176
5.02654825 1
5.05796417 1
5.13363672 0.94363122
5.17721451 0.90168643
5.20824541 0.85915665
5.2256748 0.81962173
5.23359376 0.77396407
5.22957948 0.72656077
5.21134923 0.67290084
5.17844481 0.61851742
5.12549945 0.55964815
5.05465983 0.502682
4.9585044 0.44454461
4.83549172 0.38696188
4.45309155 0.2398301
4.3345865 0.17746446
4.26250552 0.1116997
4.26899256 0.05927828
4.3774502 0.03036612
4.63439854 0.01594068
5.05796417 0.01
5.0893801 0.01
4.68468484 0.01609206
4.44058002 0.03057514
4.33708417 0.05950869
4.33531822 0.11817363
4.41610442 0.18833328
4.54209651 0.254135
4.89771257 0.3986353
5.01268125 0.45637006
5.10187472 0.51412416
5.16697705 0.57032416
5.21484292 0.62815827
5.24356642 0.6815108
5.25795088 0.73423586
5.25867653 0.78103583
5.24762161 0.82649327
5.22466383 0.87071986
5.18962128 0.91429519
5.13694845 0.9628802
5.0893801 1
5.12079603 1
5.19472355 0.9421121
5.23722371 0.89912772
5.26735884 0.85572463
5.28536472 0.81102472
5.29144286 0.76469697
5.28568677 0.71684076
5.26563985 0.66294525
5.23103951 0.60858691
5.17645705 0.54998969
5.10435598 0.49345147
5.00752337 0.43577778
4.8756175 0.3744894
4.53813505 0.2402832
4.42035236 0.17730079
4.3444406 0.10527589
4.36497522 0.05209112
4.45888795 0.03036688
4.70884369 0.01598908
5.12079603 0.01
5.15221195 0.01
4.76015374 0.01613354
4.52341787 0.0305511
4.42282827 0.05931579
4.42230511 0.11777354
4.50310342 0.18809849
4.63667993 0.25872522
4.96569011 0.39802713
5.08488238 0.46054965
5.17027921 0.51872987
5.23220693 0.57510017
5.27724492 0.63295822
5.30365092 0.68628346
5.31593588 0.73902201
5.31490963 0.78595028
5.30223667 0.831728
5.27780116 0.87655149
5.24145489 0.92108815
5.18201918 0.97595401
5.15221195 1
5.18362788 1
5.25539845 0.94051256
5.30004083 0.89202764
5.32792138 0.84763197
5.34390222 0.80210089
5.34814546 0.75515653
5.34071811 0.70692232
5.31901536 0.65288523
5.28298048 0.59864082
5.22717796 0.5403833
5.1543813 0.48428516
5.05763874 0.42700218
4.91802168 0.36179294
4.61683376 0.23635638
4.49463341 0.16677944
4.43026366 0.09858724
4.45213167 0.05189793
4.54338431 0.03032758
4.7854132 0.01603044
5.18362788 0.01
5.2150438 0.01
4.83767009 0.01616629
4.60920914 0.03048472
4.50506328 0.06590691
4.52191757 0.12896571
4.61589243 0.20207071
4.75990669 0.27543017
5.03473982 0.39734574
5.14996704 0.46041231
5.23250441 0.5187438
5.29232232 0.57508687
5.33571949 0.63286632
5.3609759 0.68616892
5.37240188 0.73901705
5.37082331 0.78622382
5.35781364 0.83250269
5.33327605 0.87809092
5.29284211 0.92828494
5.22690535 0.99002116
5.2150438 1
5.24645973 1
5.31594719 0.93859462
5.35900448 0.88864154
5.38566743 0.84310588
5.40059984 0.79665227
5.40393325 0.74901229
5.39426381 0.69538543
5.3705705 0.64101354
5.32859206 0.58180002
5.26975868 0.5238444
5.18756777 0.46371936
5.07981551 0.40295249
4.89240676 0.31836447
4.68265601 0.22408751
4.56689355 0.15083094
4.51885256 0.08560133
4.55910487 0.04473925
4.70737828 0.02312603
4.86290066 0.01609505
5.24645973 0.01
5.27787566 0.01
4.91608027 0.01622092
4.69701069 0.03047728
4.59724194 0.0656946
4.6156169 0.12862554
4.71710205 0.20696703
4.87702462 0.28925694
5.11577807 0.40227185
5.2251535 0.46665904
5.30276004 0.52579992
5.35835608 0.58263181
5.39790339 0.64072668
5.41993947 0.69426063
5.42840122 0.74739479
5.42432171 0.79501357
5.40898637 0.8419575
5.38231563 0.88857825
5.3398195 0.9404759
5.27787566 1
5.30929158 1
5.37579752 0.93697028
5.41692533 0.88577416
5.44225517 0.83931892
5.45621043 0.79218858
5.45889243 0.74412075
5.44887096 0.69028554
5.42522569 0.63592468
5.38381576 0.57687766
5.32618437 0.51912182
5.24612527 0.45907912
5.13361719 0.3938176
4.76729064 0.21919198
4.65538956 0.14441703
4.61341055 0.07840828
4.67771407 0.03736021
4.79455149 0.02308166
4.94339311 0.01611575
5.30929158 0.01
5.34070751 0.01
4.99634723 0.01626267
4.78745604 0.03042186
4.69234461 0.06535692
4.71745772 0.13384459
4.82829193 0.21644713
5.02782224 0.32002409
5.20415662 0.41156212
5.305819 0.47755341
5.3768121 0.53771252
5.42666462 0.59516889
5.46091589 0.65366225
5.47849078 0.70747577
5.48283656 0.7609462
5.47529133 0.80905512
5.4567512 0.85680605
5.42360007 0.90952928
5.37223437 0.96883298
5.34070751 1
5.37212344 1
5.4355209 0.93511259
5.47455618 0.88245294
5.49836898 0.83485723
5.51113489 0.78681263
5.5129284 0.7380679
5.50226708 0.68374419
5.47552179 0.62415503
5.43299131 0.56505353
5.36934605 0.50264286
5.28152191 0.43833752
5.15240195 0.36466361
4.85588025 0.21469109
4.7416475 0.13259423
4.71195531 0.07137618
4.77147807 0.03721683
4.88305628 0.02307482
5.02460028 0.01615532
5.37212344 0.01
5.40353936 0.01
5.07832474 0.01628888
4.84251781 0.03737882
4.78619882 0.07809578
4.84030699 0.15541657
4.97243697 0.24428824
5.26322509 0.40367516
5.36753288 0.47496738
5.44000623 0.54037019
5.48969529 0.60312473
5.51991878 0.66202467
5.5342896 0.71622237
5.5358724 0.7702145
5.52618818 0.81902625
5.50587636 0.86779861
5.47124724 0.92212261
5.41893515 0.98385715
5.40353936 1
5.43495529 1
5.49484871 0.93336581
5.53154866 0.87929144
5.55370661 0.83057874
5.56523001 0.78163029
5.56568384 0.7272397
5.55336695 0.67238135
5.52537045 0.61248415
5.47797074 0.54838672
5.41324957 0.48606183
5.31873145 0.41719169
5.16698443 0.32991263
4.93897427 0.20495639
4.831575 0.12020806
4.8201141 0.05753849
4.90625117 0.03002192
5.10745851 0.01617855
5.43495529 0.01
5.46637122 0.01
5.16184906 0.01629682
4.93968677 0.03711922
4.88767555 0.08376829
4.95415541 0.16528017
5.10038743 0.26294874
5.33091825 0.39970352
5.42977697 0.47225035
5.4984711 0.53834316
5.54556243 0.60155796
5.57414503 0.66087646
5.58823261 0.72053827
5.58835324 0.77520077
5.57620324 0.82981774
5.55176316 0.8847763
5.51507934 0.94098715
5.46637122 1
5.49778714 1
5.55032583 0.93658783
5.58565915 0.88079353
5.60859082 0.82573211
5.61913378 0.7706095
5.61733262 0.71515064
5.6013248 0.65440774
5.5707035 0.59389661
5.52122416 0.5293683
5.44970922 0.46192164
5.34734524 0.38794398
5.01862662 0.19025467
4.92557826 0.10779226
4.92975245 0.05049633
5.06539682 0.02302372
5.19087041 0.01621646
5.49778714 0.01
5.52920307 0.01
5.24587982 0.01631808
5.03844491 0.03692333
4.99107361 0.0831609
5.05756012 0.16484093
5.22082029 0.27854951
5.40854613 0.40163329
5.50518688 0.48105257
5.56687764 0.54875983
5.60812176 0.61319522
5.6319593 0.67350986
5.6419427 0.73418356
5.63886033 0.78992475
5.62404925 0.84590026
5.5975217 0.90262601
5.55535217 0.96658495
5.52920307 1
5.560619 1
5.60943902 0.93501623
5.64201041 0.87770788
5.66279206 0.82121858
5.67177612 0.76483723
5.66899231 0.70831529
5.65257259 0.64661191
5.61910918 0.5801971
5.56516347 0.50994705
5.48786781 0.43690723
5.36539838 0.34769
5.10838711 0.17970768
5.02330623 0.09489885
5.04508221 0.04340262
5.1588725 0.02297296
5.27567493 0.01623312
5.560619 0.01
5.59203492 0.01
5.33118531 0.01631618
5.13912759 0.03664696
5.09646587 0.08238111
5.16865894 0.16961939
5.49177898 0.40821542
5.57896691 0.49025326
5.63349168 0.55974421
5.66888502 0.62557933
5.68810152 0.6870752
5.69423615 0.74895894
5.68831047 0.80595912
5.67132564 0.86345051
5.64023926 0.92746004
5.59203492 1
5.62345085 1
5.66804728 0.93403645
5.69760304 0.87564393
5.71619896 0.81807897
5.72381804 0.76072788
5.71963586 0.69815845
5.70044637 0.63050178
5.66613747 0.5634215
5.61268471 0.49244704
5.53201323 0.41348109
5.39345626 0.3077599
5.18676779 0.15686318
5.12389611 0.07503333
5.16803027 0.03618237
5.36250672 0.01619099
5.62345085 0.01
5.65486678 0.01
5.32066247 0.02284925
5.20734553 0.05575884
5.23392024 0.12883711
5.38790128 0.26137022
5.55577514 0.3983722
5.6409883 0.48741717
5.69378428 0.56339362
5.72680418 0.63556832
5.74296189 0.70332122
5.74533039 0.76627949
5.73560345 0.82968577
5.71379155 0.89396156
5.6800025 0.96003541
5.65486678 1
5.6862827 1
5.72680775 0.93267277
5.75523097 0.8673516
5.77143243 0.80283849
5.77540206 0.73853334
5.76717047 0.67429206
5.7445532 0.60496577
5.70446515 0.53108847
5.63941536 0.44826816
5.53833769 0.35228338
5.27126166 0.13403253
5.23304901 0.06181104
5.2997731 0.02933806
5.44868381 0.0161911
5.6862827 0.01
5.71769863 0.01
5.41652945 0.02274006
5.31435492 0.05519561
5.34752637 0.13387142
5.63018567 0.39659002
5.70702191 0.48935781
5.75642935 0.57338804
5.78399938 0.64796243
5.79616152 0.71780613
5.79525337 0.78808558
5.78277825 0.85348758
5.75915914 0.91990326
5.72114847 0.99414059
5.71769863 1
5.74911456 1
5.78767673 0.92642144
5.81172898 0.86001578
5.82463275 0.79412124
5.82604094 0.72283365
5.81441761 0.65159434
5.78741987 0.57521519
5.74211545 0.49428015
5.66653873 0.39890858
5.53578021 0.27369425
5.36011322 0.10938687
5.3502076 0.04823917
5.44755105 0.02253556
5.74911456 0.01
5.78053048 0.01
5.51397611 0.022505
5.42270393 0.05424891
5.46083315 0.13808931
5.68975934 0.37644341
5.76454197 0.47800838
5.80994205 0.56478047
5.83691601 0.64702665
5.84815681 0.72428412
5.84643947 0.79631425
5.83298074 0.86876621
5.80780139 0.94219
5.78053048 1
5.81194641 1
5.84557865 0.92608407
5.86751496 0.85306655
5.87775006 0.78014777
5.87572888 0.70141386
5.86023282 0.62258203
5.82613911 0.53285941
5.77119336 0.4386186
5.67876263 0.32406152
5.46211648 0.09594991
5.46710357 0.04113362
5.6247624 0.01603097
5.81194641 0.01
5.84336234 0.01
5.57618617 0.02843357
5.53180784 0.07743937
5.65738484 0.23808874
5.77604149 0.3876312
5.84072231 0.49937457
5.87760221 0.5954174
5.89654831 0.6863102
5.9002696 0.77158284
5.89142388 0.85111375
5.87253015 0.92514921
5.84336234 1
5.87477826 1
5.90356713 0.92576281
5.92194302 0.85138807
5.93016986 0.77063143
5.92576053 0.68330616
5.90602517 0.5896793
5.86811591 0.49045843
5.80553557 0.38080374
5.68931127 0.23295966
5.56426106 0.0767911
5.60765547 0.0281888
5.87477826 0.01
5.90619419 0.01
5.67899648 0.02798982
5.64467879 0.08206492
5.84061317 0.36696865
5.90054286 0.49022952
5.93403365 0.59682969
5.95024141 0.69753949
5.95177436 0.79167082
5.94107864 0.87899257
5.920419 0.95974825
5.90619419 1
5.93761012 1
5.96143529 0.9263294
5.97712214 0.84533971
5.98264856 0.75662057
5.97579701 0.66022678
5.95408119 0.55676638
5.9120795 0.44129926
5.84033561 0.30953153
5.67247274 0.06321098
5.74233016 0.0216713
5.93761012 0.01
5.96902604 0.01
5.78192732 0.0274616
5.75758294 0.08639775
5.90780171 0.34404723
5.96154376 0.4800743
5.99193475 0.60480179
6.00441502 0.71628594
6.00337967 0.8195623
5.99095819 0.91409553
5.97080357 0.99435509
5.96902604 1
6.00044197 1
6.02068588 0.92115622
6.03280179 0.83263774
6.03490189 0.72809658
6.02376649 0.61406594
5.99500674 0.48575025
5.94277159 0.34582416
5.8422718 0.1678466
5.7838285 0.05017774
5.88933029 0.01560212
6.00044197 0.01
6.03185789 0.01
5.87291025 0.03253935
5.88695568 0.12603805
5.98243621 0.33157436
6.02830261 0.48850078
6.05197924 0.63341366
6.05899616 0.76237634
6.05368889 0.87350643
6.03953768 0.96667211
6.03185789 1
6.06327382 1
6.07951 0.9163642
6.08843043 0.81336631
6.08654843 0.68387197
6.06895013 0.53559739
6.03209452 0.37990783
5.96281751 0.20421142
5.89517259 0.04318393
5.97678499 0.01539527
6.06327382 0.01
6.09468975 0.01
5.9701311 0.04270214
6.07079367 0.37255996
6.10172668 0.56105656
6.11302658 0.73297289
6.11006082 0.87438153
6.09845591 0.97859993
6.09468975 1
6.12610567 1
6.13862663 0.9060145
6.14395026 0.77288583
6.13690863 0.60583544
6.11257795 0.41856141
6.06368847 0.22434941
6.00572633 0.03640574
6.12610567 0.01
6.1575216 0.01
6.07633026 0.05740513
6.14026114 0.35061542
6.16326071 0.58641719
6.16876936 0.79917417
6.16286178 0.94725158
6.1575216 1
6.18893753 1
6.19777531 0.88333006
6.19850609 0.69097083
6.18390082 0.44735935
6.14722092 0.20530626
6.11998783 0.02484254
6.18893753 0.01
6.22035345 0.01
6.18713453 0.10109014
6.21755551 0.43783299
6.22543296 0.78390703
6.22091937 0.99052467
6.22035345 1
6.25176938 1
6.25652568 0.80369526
6.2495859 0.44756832
6.2215563 0.11250402
6.23278021 0.01453691
6.25176938 0.01
6.28318531 0.01
6.28318531 0
6.28318531 0
