0 0
0 0
0 0.01
0.01407651 0.73320289
0.01178049 1
0.03926603 1
0.04703989 0.70020359
0.03903281 0.50499863
0.00516232 0.03939454
0.01570796 0.01
0.03141593 0.01
0.07287609 0.63504197
0.07061109 0.88299474
0.06674576 1
0.09421678 1
0.10633054 0.74336459
0.10233449 0.58737799
0.06989539 0.34537882
0.03848847 0.02484682
0.04712389 0.01
0.06283185 0.01
0.11314271 0.44558208
0.13133713 0.62292954
0.13176334 0.79526663
0.12167617 1
0.14912105 1
0.16500659 0.7690309
0.16388284 0.63132953
0.14641381 0.49391854
0.07627512 0.11427353
0.07853982 0.01
0.09424778 0.01
0.15185247 0.3829495
0.1858387 0.57594468
0.1927613 0.70990517
0.1851014 0.88961558
0.17654851 1
0.20395567 1
0.22304731 0.79054557
0.22451954 0.66104773
0.21141135 0.54583642
0.11309211 0.12697057
0.10995574 0.01
0.12566371 0.01
0.1909216 0.34937871
0.23970756 0.55331936
0.25145285 0.66964394
0.24876258 0.80684839
0.23133963 1
0.25869752 1
0.28060575 0.80735498
0.28450352 0.68339737
0.27444809 0.58020396
0.24205551 0.4527665
0.15630034 0.16356892
0.14137167 0.01
0.15707963 0.01
0.22856285 0.32287538
0.29382315 0.54216689
0.30930526 0.64858368
0.30993953 0.76463584
0.29489002 0.92926577
0.28602646 1
0.31332358 1
0.33794033 0.81901596
0.34395288 0.70208948
0.33602809 0.6040235
0.31074124 0.50123083
0.19611267 0.17519479
0.1727876 0.01
0.18849556 0.01
0.26633447 0.30443062
0.347784 0.53477242
0.3663845 0.63231013
0.37004075 0.73515954
0.35943955 0.86567731
0.34058603 1
0.36781095 1
0.39535229 0.82523122
0.40291947 0.71202556
0.3964995 0.6205517
0.37398745 0.5273863
0.23314423 0.17507027
0.20420352 0.01
0.21991149 0.01
0.30389616 0.29012974
0.40089763 0.5273599
0.42294953 0.62045695
0.42925804 0.71189614
0.42188802 0.82512028
0.39499551 1
0.42213686 1
0.45156301 0.83727653
0.46130296 0.7318082
0.45747002 0.64179606
0.43816286 0.55403299
0.3912849 0.44073816
0.27860388 0.19761938
0.23561945 0.01
0.25132741 0.01
0.34200594 0.28029395
0.4545178 0.52367304
0.47933609 0.6128077
0.48775254 0.69869003
0.4828416 0.79810328
0.46153293 0.93672004
0.4492322 1
0.47627871 1
0.50801281 0.84371865
0.5195408 0.73748576
0.51657667 0.65092766
0.49915604 0.56972874
0.45982235 0.47472587
0.31887547 0.20294857
0.26703538 0.01
0.28274334 0.01
0.37666354 0.26538733
0.50601321 0.51618695
0.53410604 0.60120487
0.54538998 0.68134122
0.54337814 0.77245601
0.5259794 0.89174114
0.50327358 1
0.53021405 1
0.5639875 0.85023918
0.57713396 0.74821689
0.57592102 0.66463496
0.56034257 0.58582276
0.52605467 0.50107928
0.35694392 0.20272341
0.29278813 0.01745925
0.2984513 0.01
0.31415927 0.01
0.41499045 0.26011416
0.55833993 0.51242914
0.58993827 0.59768044
0.60306823 0.67767967
0.60207889 0.76307549
0.58696088 0.86783011
0.55709733 1
0.58392067 1
0.61945609 0.85682802
0.63414758 0.75917184
0.63481922 0.67873119
0.6214941 0.60236939
0.59121544 0.52393282
0.51969626 0.40453364
0.39493424 0.20247948
0.32429656 0.01745884
0.32986723 0.01
0.34557519 0.01
0.44987153 0.24977502
0.61007585 0.50863416
0.6440429 0.59016071
0.65947356 0.66527814
0.66110064 0.74403237
0.64896858 0.83931284
0.61643532 0.9786078
0.61068132 1
0.63737657 1
0.67438908 0.86347472
0.69051671 0.77033879
0.69313828 0.69321894
0.68238144 0.61941303
0.65489928 0.54336924
0.59827009 0.44723063
0.44215356 0.21837136
0.35580342 0.0174584
0.36128316 0.01
0.37699112 0.01
0.48678126 0.24436549
0.66119971 0.50479745
0.69867195 0.58664653
0.71554283 0.65741296
0.71892133 0.73527824
0.70854591 0.823303
0.67987046 0.94466742
0.66400369 1
0.69056 1
0.73020952 0.86428327
0.74746059 0.77142269
0.75026178 0.69424974
0.73983569 0.62431816
0.71318637 0.5514434
0.65967513 0.4623824
0.4806723 0.21805305
0.38701589 0.0248335
0.39269908 0.01
0.40840704 0.01
0.51977571 0.23378327
0.71169146 0.50091507
0.75118856 0.57911247
0.77088245 0.64962796
0.77632751 0.72194979
0.76869574 0.80250554
0.74514112 0.90646643
0.71704281 1
0.74344948 1
0.784131 0.87099168
0.80265705 0.78283065
0.80751343 0.70921229
0.7990375 0.63784161
0.77521172 0.56766674
0.72998306 0.48923554
0.51193187 0.20705399
0.41881197 0.01745743
0.42411501 0.01
0.43982297 0.01
0.55527917 0.22825214
0.76406875 0.50085701
0.80616906 0.57959419
0.82712897 0.65052635
0.8329199 0.72306473
0.82480284 0.8035642
0.80153658 0.90089301
0.76977735 1
0.79602381 1
0.83912679 0.87185302
0.85872488 0.78400937
0.86385788 0.71038096
0.8558852 0.64304495
0.83343694 0.57618621
0.79002873 0.50080715
0.69365481 0.38226567
0.54976928 0.20673043
0.45031345 0.01745691
0.45553093 0.01
0.4712389 0.01
0.59020098 0.22268243
0.8134361 0.49689714
0.85715554 0.57199674
0.88018616 0.63849269
0.88893131 0.70541262
0.88474542 0.7785588
0.86629692 0.8657986
0.82725916 0.98605153
0.82218626 1
0.84826212 1
0.89194544 0.87859226
0.91351109 0.79040596
0.91982895 0.71629704
0.91235082 0.64835148
0.88962157 0.58078788
0.8475532 0.50862062
0.76250934 0.4060103
0.59555701 0.21699579
0.48198278 0.02482729
0.48694686 0.01
0.50265482 0.01
0.62454496 0.21707714
0.86211913 0.49288409
0.9091695 0.56839891
0.93433378 0.63509231
0.94444008 0.70194439
0.94094162 0.77466291
0.92402099 0.85523989
0.88729972 0.96589194
0.87424883 1
0.90014385 1
0.94410782 0.88534231
0.96668066 0.80208999
0.97509896 0.73185385
0.97092256 0.66706625
0.95269032 0.60217343
0.91600051 0.53254996
0.85076662 0.44929977
0.63360469 0.21661389
0.51560036 0.03210855
0.51836279 0.01
0.53407075 0.01
0.65831638 0.21143898
0.82499819 0.39343445
0.91921299 0.50066727
0.96473053 0.57294191
0.99020036 0.6403395
0.99985478 0.7078069
0.99598615 0.77591734
0.97823788 0.85623653
0.94226546 0.95958561
0.92594467 1
0.95164881 1
0.99766275 0.8862252
1.0212499 0.80335711
1.03003867 0.73317769
1.02567742 0.66819645
1.00663018 0.60290382
0.97096356 0.53677604
0.90721502 0.4568499
0.67151759 0.21621969
0.54740231 0.03210339
0.54977871 0.01
0.56548668 0.01
0.69152196 0.20577039
0.85464514 0.37643319
0.96064657 0.48866447
1.01115222 0.56109368
1.04071701 0.62827881
1.05333841 0.69052025
1.05301744 0.75716783
1.03976695 0.82963382
1.00953202 0.92198201
0.97725379 1
1.00275717 1
1.05075673 0.88712943
1.07532109 0.80465412
1.08446578 0.73453243
1.07992699 0.66935315
1.06188506 0.6079221
1.02568701 0.54108116
0.96383687 0.464478
0.7045926 0.21058771
0.57919355 0.0320981
0.58119464 0.01
0.5969026 0.01
0.72880326 0.20540721
0.8954276 0.37163924
1.00738191 0.4845091
1.06108249 0.5573762
1.09139456 0.62052854
1.10642886 0.68257632
1.10803144 0.74866205
1.09613799 0.82007842
1.06897138 0.90451311
1.02815654 1
1.05344951 1
1.1011274 0.89384134
1.12637285 0.81645196
1.13751723 0.75048621
1.13644334 0.68880586
1.12167276 0.62606654
1.09082381 0.56208574
1.03885725 0.49237326
0.9410486 0.39548006
0.74691384 0.21540068
0.61418613 0.03927953
0.61261057 0.01
0.62831853 0.01
0.7611011 0.19971939
0.92615159 0.35844034
1.0497101 0.47627573
1.10760774 0.54947124
1.14105229 0.61273848
1.15861265 0.67466225
1.16248778 0.73544949
1.15425464 0.800342
1.13216429 0.8762738
1.08817839 0.98002788
1.0786337 1
1.10370678 1
1.15315679 0.89473732
1.17929787 0.8177595
1.19082701 0.75189744
1.18971546 0.69008226
1.17443079 0.62699704
1.14247416 0.56251913
1.08854608 0.49223942
0.9914905 0.39892081
0.78438517 0.21497906
0.64990204 0.04636481
0.64402649 0.01
0.65973446 0.01
0.79285523 0.19400716
0.96014748 0.34930803
1.09084682 0.4679405
1.15299829 0.54147491
1.18965613 0.60489383
1.20984587 0.66675648
1.21578109 0.72720835
1.20918227 0.79139073
1.18830046 0.86602324
1.14795195 0.96095454
1.12866645 1
1.15351041 1
1.20219754 0.90139488
1.23021893 0.8243299
1.24310978 0.75823246
1.24296917 0.69602333
1.22980289 0.63681918
1.20150531 0.57574028
1.15254955 0.50857109
1.07025248 0.42685707
0.82169771 0.21455155
0.6819724 0.04634968
0.67544242 0.01
0.69115038 0.01
0.82929779 0.1936599
0.99814411 0.34435483
1.1349359 0.46357096
1.20036017 0.53755162
1.23928572 0.60131228
1.26116799 0.66336712
1.26828516 0.72379295
1.26246822 0.78766453
1.24388589 0.85606792
1.20733592 0.94271979
1.17823642 1
1.20284225 1
1.25309474 0.90226474
1.28040159 0.83089905
1.29469472 0.76459938
1.29558568 0.70202431
1.28305266 0.64231592
1.25494379 0.58060533
1.20550022 0.51272864
1.12614042 0.43449212
0.85332616 0.20896323
0.71402051 0.04633442
0.70685835 0.01
0.72256631 0.01
0.86018037 0.18793914
1.03005959 0.33510007
1.17825376 0.45914999
1.24694516 0.53357082
1.2881527 0.59768241
1.3117592 0.65995209
1.32010699 0.72038511
1.31514174 0.7839891
1.29699843 0.85177208
1.26332223 0.93120403
1.2273257 1
1.2516846 1
1.30343994 0.90313705
1.33151905 0.83219102
1.34620262 0.76603648
1.34753805 0.70807704
1.33571618 0.64788561
1.30790453 0.58555306
1.26176002 0.52117657
1.18677732 0.44632233
0.88441058 0.20335887
0.74179615 0.03924027
0.73827427 0.01
0.75398224 0.01
0.89613648 0.18760508
1.06643662 0.33008833
1.2207922 0.45468017
1.29274092 0.52953155
1.33624117 0.59399982
1.36159974 0.65650389
1.37122255 0.71697514
1.36797071 0.77535706
1.35138571 0.84223067
1.3188405 0.92007526
1.27591683 1
1.30002029 1
1.35044783 0.90967238
1.38029565 0.83872499
1.395683 0.77739075
1.39906471 0.71893717
1.38911111 0.65810794
1.36522993 0.59943365
1.32118195 0.53407185
1.25202785 0.46246712
1.12179322 0.35881224
0.92083827 0.20296017
0.77804854 0.04630376
0.7696902 0.01
0.78539816 0.01
0.92617675 0.18188098
1.09631012 0.32073498
1.26254402 0.45016453
1.33773613 0.52543355
1.38353644 0.59026075
1.40925479 0.64845375
1.42126404 0.70881041
1.41992346 0.76682459
1.40667598 0.82767673
1.37921406 0.89797586
1.33155256 0.98724003
1.32399289 1
1.3478326 1
1.39956818 0.91049617
1.43014364 0.8399855
1.44589128 0.77881157
1.44935038 0.72030352
1.44046025 0.66384256
1.41708944 0.6046271
1.37657353 0.54291821
1.31243205 0.47469968
1.19901528 0.38317046
0.96316918 0.20771387
0.81483329 0.05326479
0.80110613 0.01
0.81681409 0.01
0.96165327 0.18156564
1.13710024 0.32002841
1.30350307 0.44560656
1.3819205 0.52127716
1.43002496 0.58646217
1.45742339 0.64490466
1.4708081 0.70536884
1.47045631 0.76327897
1.45790725 0.82376121
1.43083468 0.89329108
1.38307484 0.98112876
1.37153741 1
1.39510536 1
1.44808938 0.91131277
1.47935556 0.84123425
1.49544402 0.78021869
1.4989762 0.72165658
1.48989543 0.66496777
1.46600864 0.60537045
1.42454793 0.54317988
1.35879348 0.47444525
1.2480611 0.38665323
0.99943378 0.20730009
0.85205595 0.06012197
0.83252205 0.01
0.84823002 0.01
0.99088717 0.17584165
1.16519931 0.31063197
1.34366427 0.44101012
1.42132145 0.51277193
1.47288085 0.57816124
1.50305178 0.63672156
1.51895879 0.6971636
1.52068261 0.75483582
1.50992969 0.81477156
1.48688939 0.877813
1.44509446 0.95711917
1.41853449 1
1.44182291 1
1.49599591 0.9121191
1.52791633 0.84246658
1.54432649 0.78160686
1.54792755 0.72299133
1.538667 0.66607794
1.51429246 0.60610418
1.4719346 0.54343834
1.40463884 0.47419362
1.29697791 0.39016079
1.03551679 0.20689032
0.88425069 0.06009324
0.86393798 0.01
0.87964594 0.01
1.02589537 0.17554962
1.19862667 0.30557775
1.38302361 0.43637942
1.46369169 0.50847988
1.51757697 0.57421467
1.5494769 0.63304404
1.56683946 0.69364702
1.56965906 0.7512961
1.55974906 0.81097114
1.53726899 0.87344883
1.49920595 0.94581483
1.46496875 1
1.48797017 1
1.5432729 0.91291215
1.57383595 0.84885594
1.59162837 0.7879419
1.59638575 0.72912899
1.58804492 0.67187711
1.56436831 0.61140985
1.52235073 0.54813627
1.45959382 0.48253163
1.35765045 0.40207786
1.07141452 0.20648613
0.91641012 0.06006495
0.89535391 0.01
0.91106187 0.01
1.05436507 0.16982735
1.22481027 0.29612172
1.4215782 0.43171896
1.50522716 0.50413525
1.56143199 0.570204
1.59506962 0.62930396
1.61299669 0.68534796
1.6180288 0.7428697
1.61009294 0.80215339
1.58930439 0.8638697
1.55267833 0.93487207
1.51082536 1
1.53353258 1
1.58673974 0.91917398
1.61891729 0.85519535
1.63811068 0.79425208
1.64406983 0.74012686
1.63780554 0.68245647
1.61830043 0.62604868
1.58254985 0.56642777
1.52336711 0.49974152
1.43568174 0.42676693
1.09365419 0.19587832
0.94302268 0.05318019
0.92676983 0.01
0.9424778 0.01
1.08892031 0.16956221
1.2634915 0.29548203
1.45932631 0.42703348
1.54592177 0.49974086
1.60443676 0.56612921
1.63981814 0.62549829
1.65913721 0.68172077
1.66535174 0.73928605
1.65837978 0.79840768
1.63831257 0.85968705
1.60214597 0.92983605
1.55609008 1
1.57849619 1
1.63266151 0.91989078
1.66537553 0.85630685
1.68375957 0.80052927
1.69084221 0.74628063
1.6856075 0.68833955
1.66690755 0.63153632
1.63173022 0.5713925
1.57724626 0.50849116
1.4959151 0.43905014
1.34479602 0.33759296
1.12886646 0.19552423
0.97499618 0.05316003
0.95818576 0.01
0.97389372 0.01
1.12332708 0.16930333
1.30185645 0.29485708
1.50205892 0.42655995
1.59038924 0.49967392
1.6499675 0.56651948
1.68594164 0.62627764
1.70556705 0.68278925
1.71187742 0.74052304
1.70589829 0.79465782
1.68661358 0.85554828
1.65426596 0.9194032
1.60074924 1
1.62284763 1
1.67791649 0.92058704
1.71113388 0.85738596
1.72978569 0.80177588
1.73696831 0.7475301
1.73165925 0.68943233
1.71268725 0.63234748
1.67696811 0.571817
1.62157258 0.50848287
1.53873831 0.43863194
1.39143224 0.34116805
1.17091892 0.20027598
1.01267537 0.05998372
0.98960169 0.01
1.00530965 0.01
1.15079496 0.16360577
1.32578039 0.28542367
1.53836766 0.42185061
1.62954821 0.49520753
1.68786397 0.55779039
1.72674076 0.61768164
1.7488866 0.67428148
1.75754705 0.73199411
1.75355726 0.78593237
1.73819047 0.84120158
1.70863045 0.90386171
1.66203533 0.97632357
1.64478977 1
1.66657413 1
1.72249244 0.92126029
1.7561808 0.85842888
1.77508231 0.80298034
1.78235799 0.74873718
1.77795823 0.69530928
1.75988169 0.63787351
1.72487311 0.57685877
1.66986104 0.51295804
1.58684741 0.44254053
1.45188844 0.35322816
1.20590403 0.19992542
1.05068488 0.06669992
1.02101761 0.01
1.03672558 0.01
1.18477132 0.16337779
1.36320778 0.28485182
1.57386822 0.4171299
1.66785226 0.49070099
1.728273 0.55352948
1.7688965 0.6136682
1.79247201 0.67046115
1.80238974 0.72827187
1.79939916 0.78215896
1.78487301 0.83718592
1.75601961 0.8993019
1.70988486 0.9707787
1.68819921 1
1.70966355 1
1.76637783 0.92190815
1.80050541 0.85943199
1.81963906 0.80413849
1.82700111 0.74989774
1.82254885 0.69634159
1.80425143 0.63865257
1.76878866 0.57728276
1.71299659 0.51297794
1.62867154 0.44216974
1.49132302 0.35260568
1.24069596 0.19958724
1.08276578 0.06666817
1.05243354 0.01
1.0681415 0.01
1.2186015 0.16315839
1.40031298 0.2843012
1.61480416 0.41667046
1.71031249 0.49058989
1.77161417 0.55379612
1.81277838 0.61429149
1.83664697 0.6713631
1.84668323 0.72935555
1.84365721 0.78328896
1.82895521 0.83822195
1.79973488 0.9000588
1.75296721 0.97102616
1.73096572 1
1.75210436 1
1.80956177 0.92252837
1.84409756 0.86039186
1.86344626 0.80524643
1.87088818 0.75100784
1.86638736 0.6973291
1.8478854 0.63939799
1.81200066 0.57768864
1.75548054 0.51299699
1.67586824 0.44617702
1.54463229 0.36048182
1.27529259 0.19926272
1.11480518 0.06663774
1.08384947 0.01
1.09955743 0.01
1.25228445 0.16294842
1.42961281 0.27935402
1.64885985 0.41194941
1.74705431 0.48602878
1.81040478 0.54943857
1.85329152 0.61015439
1.87859005 0.66741117
1.88990646 0.72551496
1.8879228 0.77943067
1.87412891 0.83417612
1.84861473 0.8903416
1.80768285 0.95451581
1.77307811 1
1.79388568 1
1.84849343 0.92840305
1.88457692 0.86636667
1.90521416 0.81126099
1.9138255 0.75697405
1.91037634 0.70314235
1.8928771 0.64492707
1.85787393 0.58279872
1.8065873 0.5221761
1.72844946 0.454654
1.61193597 0.37690083
1.30969197 0.19895309
1.1532018 0.07323455
1.11526539 0.01
1.13097336 0.01
1.2785918 0.15729754
1.45833185 0.27442644
1.68211544 0.40723116
1.78293535 0.48143981
1.84830959 0.54502792
1.89291102 0.60594745
1.91964344 0.66338404
1.93225458 0.72160677
1.93133715 0.77552506
1.91848731 0.83011686
1.89377583 0.88591783
1.85351865 0.94939282
1.81452581 1
1.83499729 1
1.89020765 0.92892872
1.92416036 0.87226599
1.94609141 0.8172106
1.95588596 0.76289482
1.95351198 0.70893515
1.93705475 0.65046498
1.9062094 0.59271248
1.85686347 0.53149877
1.786123 0.46773147
1.67874014 0.39347366
1.33624794 0.19363807
1.17875992 0.06658126
1.14668132 0.01
1.16238928 0.01
1.31187826 0.1571214
1.48649004 0.26951913
1.72122521 0.40681142
1.82333771 0.4813023
1.88945816 0.54520822
1.9345191 0.60643534
1.96150582 0.66411943
1.97423117 0.72251333
1.97330557 0.77649095
1.96033903 0.83102595
1.93539239 0.88663964
1.89472307 0.94975745
1.85529893 1
1.87542961 1
1.93119482 0.9294227
1.96545802 0.87304068
1.9875763 0.81813343
1.99745087 0.76384045
1.99505744 0.70979481
1.97846303 0.65113419
1.94734468 0.5931256
1.89752074 0.53160676
1.82601474 0.46753652
1.71732115 0.39302708
1.37014523 0.1933745
1.21067556 0.06655542
1.17809725 0.01
1.19380521 0.01
1.34502235 0.15695617
1.52193876 0.26909648
1.75977832 0.4064177
1.85764521 0.47668001
1.92571979 0.54071451
1.97246138 0.6021077
2.00087316 0.65995193
2.01490525 0.7184656
2.01507648 0.77246844
2.00310608 0.82689546
1.97903936 0.88221339
1.93916206 0.94473031
1.89538823 1
1.91517375 1
1.97144665 0.92988334
2.00599294 0.87376284
2.02828149 0.81899348
2.03822871 0.76472164
2.03581762 0.71059593
2.01909859 0.65175793
1.98773165 0.59351076
1.93747095 0.53170748
1.8652625 0.46735456
1.75536068 0.39260996
1.40384819 0.19312826
1.24255028 0.0665313
1.20951317 0.01
1.22522113 0.01
1.37802361 0.15680246
1.55706469 0.26870311
1.79096062 0.40174031
1.89109492 0.47204395
1.96108936 0.53617845
2.00949708 0.59771533
2.03933212 0.65570755
2.05467908 0.71434088
2.05596381 0.76838194
2.04501662 0.82272812
2.02186977 0.8777921
1.98284591 0.93976934
1.93478515 1
1.95422149 1
2.01095554 0.93030911
2.04575813 0.87443011
2.06820043 0.81978799
2.07821316 0.76553561
2.07578615 0.71133594
2.06092216 0.6572379
2.03055642 0.59870482
1.9811979 0.53651177
1.9096571 0.47171389
1.8070217 0.40086513
1.58287016 0.27658107
1.39821154 0.16715879
1.24404171 0.03199378
1.2409291 0.01
1.25663706 0.01
1.41088164 0.15666086
1.59186439 0.26834055
1.82830708 0.40139377
1.92940874 0.471901
2.00000313 0.53628467
2.04878175 0.59806887
2.07882564 0.65626569
2.09427386 0.71504775
2.09556687 0.76915129
2.08454815 0.82347028
2.06124294 0.87840451
2.02193113 0.94011746
1.97348182 1
1.99256529 1
2.04971457 0.93069861
2.08474719 0.87504036
2.10732719 0.82051445
2.11739851 0.7662798
2.11495725 0.71201252
2.10000467 0.6577797
2.06944651 0.5990484
2.01974375 0.53661538
1.94764093 0.47157519
1.84409021 0.40052782
1.62589679 0.28058342
1.43896966 0.17225453
1.28097898 0.0391001
1.27234502 0.01
1.28805299 0.01
1.44359611 0.15653188
1.6263347 0.26801017
1.86508071 0.40107814
1.96705403 0.47177086
2.03818706 0.53638131
2.08729753 0.59839043
2.11752779 0.65677321
2.13233394 0.7107711
2.13476012 0.76492393
2.12480313 0.81919685
2.10247865 0.87393701
2.06786671 0.92999601
2.01147105 1
2.03019832 1
2.08771745 0.93105055
2.12295439 0.87559161
2.14565644 0.82117057
2.15577961 0.76695187
2.15332575 0.71262356
2.13829471 0.65826907
2.10756585 0.59935881
2.05755689 0.53670902
1.98495248 0.47144977
1.88058195 0.40022266
1.66871911 0.28459278
1.47180578 0.17210259
1.31253711 0.03909528
1.30376095 0.01
1.31946891 0.01
1.46849442 0.15096223
1.64413781 0.25881622
1.89421434 0.39646871
1.99821894 0.4671254
2.07113879 0.53175559
2.12184235 0.59383943
2.15346388 0.65232343
2.17031527 0.71133977
2.17275356 0.76554949
2.16274633 0.81980749
2.14030401 0.87444991
2.10549562 0.9303233
2.04874635 1
2.06711445 1
2.12495858 0.93136379
2.1603746 0.87608214
2.18318342 0.82175431
2.19335189 0.76754977
2.19088703 0.71316716
2.17578741 0.65870447
2.1449091 0.59963504
2.09463139 0.53679238
2.02158544 0.47133807
1.9164909 0.39995076
1.71130557 0.28861472
1.51247489 0.17714347
1.35007528 0.0460883
1.33517688 0.01
1.35088484 0.01
1.50086713 0.15086714
1.6778153 0.25856469
1.92977448 0.39621201
2.03447187 0.46701081
2.10782024 0.53181847
2.15878825 0.59408059
2.19055935 0.65271395
2.20664295 0.70690758
2.21022805 0.76117054
2.20131359 0.81541008
2.17990368 0.86991187
2.14604926 0.92546606
2.09028009 0.99445469
2.08530195 1
2.10330824 1
2.16143301 0.93163732
2.19700331 0.87651039
2.21990396 0.82226388
2.23011136 0.76807165
2.22763705 0.71364165
2.21247848 0.65908456
2.18147154 0.59987622
2.13096203 0.53686518
2.0575342 0.47124048
1.95181171 0.3997131
1.75362443 0.29265445
1.54503072 0.17701792
1.381635 0.04608249
1.3665928 0.01
1.38230077 0.01
1.53310328 0.15078498
1.71117339 0.25834728
1.96475184 0.3959902
2.07004358 0.46691183
2.14375865 0.53187278
2.1949524 0.59428877
2.22685094 0.653051
2.24299494 0.70733412
2.24659312 0.76164479
2.23764587 0.8158784
2.21615371 0.87031186
2.18215939 0.92573094
2.12613509 0.99447672
2.12113276 1
2.13877499 1
2.19713645 0.93187026
2.23283663 0.87687502
2.25425216 0.82761499
2.26513932 0.77838647
2.26496973 0.72396969
2.25207663 0.66933952
2.22348623 0.60992183
2.17548204 0.54653267
2.11020389 0.48501643
2.015072 0.41707722
1.86212822 0.33083211
1.60193041 0.19206107
1.43987076 0.07300724
1.39800873 0.01
1.41371669 0.01
1.56520281 0.15071605
1.74421037 0.25816483
1.99914219 0.39580411
2.10492958 0.46682881
2.17894979 0.53191831
2.230331 0.59446328
2.26233517 0.6533335
2.2785292 0.70769161
2.2821382 0.76204225
2.27316381 0.81627092
2.25160351 0.87064715
2.21749316 0.925953
2.16125688 0.99449519
2.15623444 1
2.17351068 1
2.23206529 0.93206186
2.26787126 0.87717491
2.28934545 0.82796863
2.30026099 0.77875357
2.30009089 0.72431062
2.28716391 0.66961964
2.2584937 0.61010817
2.21034144 0.5466019
2.14483574 0.48497177
2.0493257 0.41692979
1.8956906 0.3306301
1.63424828 0.19195772
1.47149157 0.07299463
1.42942466 0.01
1.44513262 0.01
1.59716566 0.15066061
1.77692485 0.25801803
2.02565636 0.39131972
2.13311749 0.46221181
2.20871705 0.5272113
2.26157209 0.58972915
2.29490766 0.64862338
2.31228865 0.70302904
2.31705292 0.75742488
2.30920386 0.81165979
2.2887363 0.86595692
2.25567397 0.9210432
2.20542389 0.98364891
2.19060334 1
2.20751206 1
2.26621656 0.93221152
2.30210452 0.87740912
2.32362412 0.82824481
2.33456162 0.77904024
2.33439113 0.72457685
2.32143793 0.6698384
2.29270592 0.61025371
2.24443884 0.54665598
2.17875644 0.48493688
2.08295227 0.41681458
1.92877861 0.3304722
1.66636607 0.19187693
1.5030667 0.07298477
1.46084058 0.01
1.47654855 0.01
1.6289918 0.15061884
1.80931567 0.25790743
2.05884096 0.39120437
2.16660573 0.46215662
2.24239298 0.52723291
2.29536382 0.58982887
2.3287652 0.64878937
2.34617816 0.70324196
2.35095092 0.75766417
2.34308782 0.81189878
2.32258209 0.86616432
2.28945346 0.92118523
2.23909217 0.98368178
2.22423655 1
2.24077656 1
2.29958794 0.93231876
2.33553431 0.87757692
2.35708625 0.82844267
2.36803936 0.77924562
2.36786859 0.72476758
2.35489674 0.66999512
2.32612074 0.61035798
2.27777183 0.54669474
2.21196337 0.48491187
2.1159491 0.416732
1.96139029 0.33035899
1.69828352 0.19181902
1.53459628 0.07297771
1.49225651 0.01
1.50796447 0.01
1.66068122 0.15059091
1.841382 0.25783347
2.09143719 0.39112723
2.19940446 0.46211972
2.27531676 0.52724736
2.32836468 0.58989553
2.36180983 0.64890032
2.37924405 0.70338427
2.38402243 0.7578241
2.37615001 0.81205852
2.35561891 0.86630295
2.32244618 0.92128017
2.27201085 0.98370376
2.25713188 1
2.27330236 1
2.3321778 0.93238324
2.36815915 0.87767781
2.38973045 0.82856163
2.40069291 0.77936909
2.40052197 0.72488225
2.38753895 0.67008935
2.35873661 0.61042067
2.31033869 0.54671804
2.24445464 0.48489684
2.14831432 0.41668233
1.99352422 0.3302909
1.73000044 0.19178419
1.56608036 0.07297347
1.52367244 0.01
1.5393804 0.01
1.69223389 0.15057692
1.87312327 0.25779642
2.12344362 0.39108859
2.23151217 0.46210123
2.30748697 0.5272546
2.36057339 0.58992891
2.3940404 0.64895588
2.41148522 0.70345553
2.41626642 0.75790419
2.40838934 0.81213851
2.38784558 0.86637238
2.35465082 0.92132771
2.30417852 0.98371477
2.28928787 1
2.30508836 1
2.36398515 0.93240476
2.39997815 0.87771148
2.42155589 0.82860132
2.43252146 0.77941029
2.43235047 0.72492051
2.41936374 0.67012079
2.39055262 0.61044159
2.34649236 0.5515711
2.28189977 0.48956413
2.18706887 0.42110648
2.0416754 0.33877537
1.76151671 0.19177256
1.597519 0.07297205
1.55508836 0.01
1.57079633 0.01
1.72364982 0.15057692
1.9045392 0.25779642
2.15485955 0.39108859
2.2629281 0.46210123
2.3389029 0.5272546
2.39198932 0.58992891
2.42545633 0.64895588
2.44290115 0.70345553
2.44768234 0.75790419
2.43980527 0.81213851
2.41926151 0.86637238
2.38606675 0.92132771
2.33559444 0.98371477
2.3207038 1
2.33613421 1
2.39500965 0.93238324
2.430991 0.87767781
2.4525623 0.82856163
2.46352476 0.77936909
2.46335382 0.72488225
2.45037081 0.67008935
2.42156846 0.61042067
2.37317054 0.54671804
2.3072865 0.48489684
2.21114617 0.41668233
2.05635608 0.3302909
1.79283229 0.19178419
1.62891222 0.07297347
1.58650429 0.01
1.60221225 0.01
1.754929 0.15059091
1.93562978 0.25783347
2.18568497 0.39112723
2.29365224 0.46211972
2.36956454 0.52724736
2.42261246 0.58989553
2.45605761 0.64890032
2.47349183 0.70338427
2.47827021 0.7578241
2.47039779 0.81205852
2.44986669 0.86630295
2.41669396 0.92128017
2.36625863 0.98370376
2.35137966 1
2.36644026 1
2.42525165 0.93231876
2.46119802 0.87757692
2.48274995 0.82844267
2.49370307 0.77924562
2.4935323 0.72476758
2.48056045 0.66999512
2.45178444 0.61035798
2.40343554 0.54669474
2.33762707 0.48491187
2.24161281 0.416732
2.08705399 0.33035899
1.82394723 0.19181902
1.66025999 0.07297771
1.61792022 0.01
1.63362818 0.01
1.78607144 0.15061884
1.9663953 0.25790743
2.21592059 0.39120437
2.32368536 0.46215662
2.39947261 0.52723291
2.45244345 0.58982887
2.48584484 0.64878937
2.5032578 0.70324196
2.50803055 0.75766417
2.50016745 0.81189878
2.47966172 0.86616432
2.44653309 0.92118523
2.3961718 0.98368178
2.38131618 1
2.39600762 1
2.45471211 0.93221152
2.49060008 0.87740912
2.51211968 0.82824481
2.52305718 0.77904024
2.52288669 0.72457685
2.50993349 0.6698384
2.48120148 0.61025371
2.4329344 0.54665598
2.367252 0.48493688
2.27144783 0.41681458
2.11727417 0.3304722
1.85486163 0.19187693
1.69156226 0.07298477
1.64933614 0.01
1.66504411 0.01
1.81707715 0.15066061
1.99683633 0.25801803
2.24556785 0.39131972
2.35302897 0.46221181
2.42862853 0.5272113
2.48148357 0.58972915
2.51481915 0.64862338
2.53220014 0.70302904
2.53696441 0.75742488
2.52911534 0.81165979
2.50864778 0.86595692
2.47558546 0.9210432
2.42533538 0.98364891
2.41051482 1
2.4248381 1
2.4833927 0.93206186
2.51919867 0.87717491
2.54067286 0.82796863
2.5515884 0.77875357
2.5514183 0.72431062
2.53849132 0.66961964
2.50982112 0.61010817
2.46166885 0.5466019
2.39616316 0.48497177
2.30065311 0.41692979
2.14701802 0.3306301
1.88557569 0.19195772
1.72281898 0.07299463
1.68075207 0.01
1.69646003 0.01
1.84794615 0.15071605
2.02695371 0.25816483
2.28188553 0.39580411
2.38767292 0.46682881
2.46169312 0.53191831
2.51307434 0.59446328
2.54507851 0.6533335
2.56127253 0.70769161
2.56488154 0.76204225
2.55590715 0.81627092
2.53434685 0.87064715
2.5002365 0.925953
2.44400021 0.99449519
2.43897778 1
2.45293425 1
2.51129572 0.93187026
2.5469959 0.87687502
2.56841142 0.82761499
2.57929859 0.77838647
2.579129 0.72396969
2.56623589 0.66933952
2.53764549 0.60992183
2.4896413 0.54653267
2.42436315 0.48501643
2.32923126 0.41707722
2.17628748 0.33083211
1.91608968 0.19206107
1.75403002 0.07300724
1.712168 0.01
1.72787596 0.01
1.87867847 0.15078498
2.05674858 0.25834728
2.31032703 0.3959902
2.41561877 0.46691183
2.48933384 0.53187278
2.5405276 0.59428877
2.57242613 0.653051
2.58857013 0.70733412
2.59216831 0.76164479
2.58322106 0.8158784
2.5617289 0.87031186
2.52773458 0.92573094
2.47171028 0.99447672
2.46670795 1
2.48029936 1
2.53842413 0.93163732
2.57399443 0.87651039
2.59689508 0.82226388
2.60710248 0.76807165
2.60462816 0.71364165
2.5894696 0.65908456
2.55846266 0.59987622
2.50795315 0.53686518
2.43452532 0.47124048
2.32880283 0.3997131
2.13061555 0.29265445
1.92202184 0.17701792
1.75862612 0.04608249
1.74358392 0.01
1.75929189 0.01
1.90927417 0.15086714
2.08622234 0.25856469
2.33818152 0.39621201
2.44287891 0.46701081
2.51622729 0.53181847
2.56719529 0.59408059
2.5989664 0.65271395
2.61504999 0.70690758
2.61863509 0.76117054
2.60972063 0.81541008
2.58831073 0.86991187
2.5544563 0.92546606
2.49868714 0.99445469
2.49370899 1
2.50693742 1
2.56478155 0.93136379
2.60019757 0.87608214
2.62300639 0.82175431
2.63317486 0.76754977
2.63071001 0.71316716
2.61561038 0.65870447
2.58473207 0.59963504
2.53445436 0.53679238
2.46140841 0.47133807
2.35631387 0.39995076
2.15112855 0.28861472
1.95229787 0.17714347
1.78989826 0.0460883
1.77499985 0.01
1.79070781 0.01
1.93973332 0.15096223
2.11537671 0.25881622
2.36545324 0.39646871
2.46945784 0.4671254
2.54237769 0.53175559
2.59308125 0.59383943
2.62470278 0.65232343
2.64155417 0.71133977
2.64399246 0.76554949
2.63398523 0.81980749
2.6115429 0.87444991
2.57673452 0.9303233
2.51998525 1
2.53285315 1
2.59037227 0.93105055
2.62560921 0.87559161
2.64831126 0.82117057
2.65843443 0.76695187
2.65598058 0.71262356
2.64094954 0.65826907
2.61022068 0.59935881
2.56021171 0.53670902
2.48760731 0.47144977
2.38323678 0.40022266
2.17137393 0.28459278
1.9744606 0.17210259
1.81519194 0.03909528
1.80641578 0.01
1.82212374 0.01
1.97766686 0.15653188
2.16040545 0.26801017
2.39915146 0.40107814
2.50112478 0.47177086
2.57225781 0.53638131
2.62136828 0.59839043
2.65159854 0.65677321
2.66640469 0.7107711
2.66883088 0.76492393
2.65887388 0.81919685
2.6365494 0.87393701
2.60193746 0.92999601
2.5455418 1
2.55805197 1
2.61520124 0.93069861
2.65023387 0.87504036
2.67281387 0.82051445
2.68288519 0.7662798
2.68044393 0.71201252
2.66549135 0.6577797
2.63493319 0.5990484
2.58523043 0.53661538
2.51312761 0.47157519
2.40957689 0.40052782
2.19138347 0.28058342
2.00445634 0.17225453
1.84646565 0.0391001
1.8378317 0.01
1.85353967 0.01
2.00778424 0.15666086
2.188767 0.26834055
2.42520968 0.40139377
2.52631135 0.471901
2.59690574 0.53628467
2.64568435 0.59806887
2.67572824 0.65626569
2.69117647 0.71504775
2.69246948 0.76915129
2.68145075 0.82347028
2.65814554 0.87840451
2.61883373 0.94011746
2.57038443 1
2.58254002 1
2.63927407 0.93030911
2.67407666 0.87443011
2.69651896 0.81978799
2.70653169 0.76553561
2.70410468 0.71133594
2.68924069 0.6572379
2.65887496 0.59870482
2.60951643 0.53651177
2.53797563 0.47171389
2.43534023 0.40086513
2.21118869 0.27658107
2.02653007 0.16715879
1.87236024 0.03199378
1.86924763 0.01
1.88495559 0.01
2.03775807 0.15680246
2.21679915 0.26870311
2.45069508 0.40174031
2.55082937 0.47204395
2.62082382 0.53617845
2.66923154 0.59771533
2.69906657 0.65570755
2.71441354 0.71434088
2.71569826 0.76838194
2.70475108 0.82272812
2.68160422 0.8777921
2.64258037 0.93976934
2.59451961 1
2.60632413 1
2.66259703 0.92988334
2.69714333 0.87376284
2.71943187 0.81899348
2.7293791 0.76472164
2.726968 0.71059593
2.71024897 0.65175793
2.67888203 0.59351076
2.62862133 0.53170748
2.55641289 0.46735456
2.44651106 0.39260996
2.09499858 0.19312826
1.93370066 0.0665313
1.90066356 0.01
1.91637152 0.01
2.06758866 0.15695617
2.24450507 0.26909648
2.48234463 0.4064177
2.58021152 0.47668001
2.6482861 0.54071451
2.69502769 0.6021077
2.72343947 0.65995193
2.73747156 0.7184656
2.73764279 0.77246844
2.72567239 0.82689546
2.70160567 0.88221339
2.66172837 0.94473031
2.61795454 1
2.62941185 1
2.68517705 0.9294227
2.71944026 0.87304068
2.74155854 0.81813343
2.75143311 0.76384045
2.74903968 0.70979481
2.73244527 0.65113419
2.70132692 0.5931256
2.65150298 0.53160676
2.57999697 0.46753652
2.47130338 0.39302708
2.12412747 0.1933745
1.9646578 0.06655542
1.93207948 0.01
1.94778745 0.01
2.09727642 0.1571214
2.27188821 0.26951913
2.50662337 0.40681142
2.60873587 0.4813023
2.67485632 0.54520822
2.71991726 0.60643534
2.74690399 0.66411943
2.75962934 0.72251333
2.75870373 0.77649095
2.7457372 0.83102595
2.72079055 0.88663964
2.68012123 0.94975745
2.64069709 1
2.65181138 1
2.70702174 0.92892872
2.74097445 0.87226599
2.7629055 0.8172106
2.77270005 0.76289482
2.77032607 0.70893515
2.75386884 0.65046498
2.72302349 0.59271248
2.67367756 0.53149877
2.60293709 0.46773147
2.49555423 0.39347366
2.15306203 0.19363807
1.99557401 0.06658126
1.96349541 0.01
1.97920337 0.01
2.12682182 0.15729754
2.30656187 0.27442644
2.53034545 0.40723116
2.63116537 0.48143981
2.6965396 0.54502792
2.74114104 0.60594745
2.76787346 0.66338404
2.78048459 0.72160677
2.77956717 0.77552506
2.76671732 0.83011686
2.74200584 0.88591783
2.70174867 0.94939282
2.66275583 1
2.67353162 1
2.72813937 0.92840305
2.76422286 0.86636667
2.7848601 0.81126099
2.79347144 0.75697405
2.79002228 0.70314235
2.77252304 0.64492707
2.73751987 0.58279872
2.68623324 0.5221761
2.6080954 0.454654
2.49158191 0.37690083
2.18933791 0.19895309
2.03284775 0.07323455
1.99491134 0.01
2.0106193 0.01
2.16334632 0.16294842
2.34067468 0.27935402
2.55992172 0.41194941
2.65811618 0.48602878
2.72146665 0.54943857
2.76435339 0.61015439
2.78965192 0.66741117
2.80096833 0.72551496
2.79898467 0.77943067
2.78519077 0.83417612
2.7596766 0.8903416
2.71874472 0.95451581
2.68413998 1
2.69458215 1
2.75203957 0.92252837
2.78657535 0.86039186
2.80592406 0.80524643
2.81336598 0.75100784
2.80886516 0.6973291
2.7903632 0.63939799
2.75447846 0.57768864
2.69795834 0.51299699
2.61834604 0.44617702
2.48711009 0.36048182
2.21777039 0.19926272
2.05728297 0.06663774
2.02632726 0.01
2.04203522 0.01
2.19249522 0.16315839
2.37420671 0.2843012
2.58869788 0.41667046
2.68420622 0.49058989
2.74550789 0.55379612
2.7866721 0.61429149
2.81054069 0.6713631
2.82057695 0.72935555
2.81755093 0.78328896
2.80284894 0.83822195
2.7736286 0.9000588
2.72686094 0.97102616
2.70485945 1
2.7149732 1
2.77168748 0.92190815
2.80581506 0.85943199
2.82494871 0.80413849
2.83231076 0.74989774
2.82785849 0.69634159
2.80956108 0.63865257
2.77409831 0.57728276
2.71830624 0.51297794
2.63398119 0.44216974
2.49663267 0.35260568
2.24600561 0.19958724
2.08807543 0.06666817
2.05774319 0.01
2.07345115 0.01
2.22149689 0.16337779
2.39993336 0.28485182
2.61059379 0.4171299
2.70457783 0.49070099
2.76499858 0.55352948
2.80562208 0.6136682
2.82919759 0.67046115
2.83911531 0.72827187
2.83612473 0.78215896
2.82159858 0.83718592
2.79274519 0.8993019
2.74661044 0.9707787
2.72492479 1
2.73471563 1
2.79063394 0.92126029
2.8243223 0.85842888
2.84322381 0.80298034
2.85049949 0.74873718
2.84609974 0.69530928
2.82802319 0.63787351
2.79301462 0.57685877
2.73800254 0.51295804
2.65498891 0.44254053
2.52002994 0.35322816
2.27404553 0.19992542
2.11882638 0.06669992
2.08915911 0.01
2.10486708 0.01
2.25035239 0.16360577
2.42533781 0.28542367
2.63792509 0.42185061
2.72910564 0.49520753
2.7874214 0.55779039
2.82629819 0.61768164
2.84844403 0.67428148
2.85710448 0.73199411
2.85311469 0.78593237
2.8377479 0.84120158
2.80818788 0.90386171
2.76159276 0.97632357
2.7443472 1
2.75382099 1
2.80888984 0.92058704
2.84210723 0.85738596
2.86075905 0.80177588
2.86794167 0.7475301
2.86263261 0.68943233
2.8436606 0.63234748
2.80794147 0.571817
2.75254593 0.50848287
2.66971166 0.43863194
2.52240559 0.34116805
2.30189227 0.20027598
2.14364873 0.05998372
2.12057504 0.01
2.136283 0.01
2.28571636 0.16930333
2.46424573 0.29485708
2.6644482 0.42655995
2.75277852 0.49967392
2.81235678 0.56651948
2.84833092 0.62627764
2.86795633 0.68278925
2.8742667 0.74052304
2.86828757 0.79465782
2.84900286 0.85554828
2.81665525 0.9194032
2.76313853 1
2.7723014 1
2.82646672 0.91989078
2.85918074 0.85630685
2.87756478 0.80052927
2.88464742 0.74628063
2.87941271 0.68833955
2.86071276 0.63153632
2.82553543 0.5713925
2.77105147 0.50849116
2.68972031 0.43905014
2.53860123 0.33759296
2.32267167 0.19552423
2.16880139 0.05316003
2.15199097 0.01
2.16769893 0.01
2.31414145 0.16956221
2.48871264 0.29548203
2.68454745 0.42703348
2.77114291 0.49974086
2.8296579 0.56612921
2.86503928 0.62549829
2.88435835 0.68172077
2.89057288 0.73928605
2.88360092 0.79840768
2.8635337 0.85968705
2.8273671 0.92983605
2.78131122 1
2.79016964 1
2.8433768 0.91917398
2.87555435 0.85519535
2.89474774 0.79425208
2.90070689 0.74012686
2.8944426 0.68245647
2.87493749 0.62604868
2.83918691 0.56642777
2.78000418 0.49974152
2.6923188 0.42676693
2.35029125 0.19587832
2.19965974 0.05318019
2.18340689 0.01
2.19911486 0.01
2.34241806 0.16982735
2.51286326 0.29612172
2.70963119 0.43171896
2.79328015 0.50413525
2.84948498 0.570204
2.88312261 0.62930396
2.90104968 0.68534796
2.90608179 0.7428697
2.89814593 0.80215339
2.87735738 0.8638697
2.84073132 0.93487207
2.79887835 1
2.80743908 1
2.86274182 0.91291215
2.89330486 0.84885594
2.91109728 0.7879419
2.91585466 0.72912899
2.90751384 0.67187711
2.88383722 0.61140985
2.84181964 0.54813627
2.77906273 0.48253163
2.67711937 0.40207786
2.39088344 0.20648613
2.23587903 0.06006495
2.21482282 0.01
2.23053078 0.01
2.37678021 0.17554962
2.54951151 0.30557775
2.73390845 0.43637942
2.81457653 0.50847988
2.86846181 0.57421467
2.90036175 0.63304404
2.9177243 0.69364702
2.9205439 0.7512961
2.9106339 0.81097114
2.88815383 0.87344883
2.85009079 0.94581483
2.81585359 1
2.82412368 1
2.87829667 0.9121191
2.9102171 0.84246658
2.92662726 0.78160686
2.93022832 0.72299133
2.92096777 0.66607794
2.89659323 0.60610418
2.85423536 0.54343834
2.7869396 0.47419362
2.67927868 0.39016079
2.41781755 0.20689032
2.26655146 0.06009324
2.24623875 0.01
2.26194671 0.01
2.40460386 0.17584165
2.578916 0.31063197
2.75738097 0.44101012
2.83503815 0.51277193
2.88659754 0.57816124
2.91676847 0.63672156
2.93267548 0.6971636
2.9343993 0.75483582
2.92364639 0.81477156
2.90060608 0.877813
2.85881116 0.95711917
2.83225118 1
2.84023798 1
2.893222 0.91131277
2.92448818 0.84123425
2.94057664 0.78021869
2.94410882 0.72165658
2.93502805 0.66496777
2.91114126 0.60537045
2.86968056 0.54317988
2.8039261 0.47444525
2.69319372 0.38665323
2.4445664 0.20730009
2.29718857 0.06012197
2.27765467 0.01
2.29336264 0.01
2.43820182 0.18156564
2.61364879 0.32002841
2.78005162 0.44560656
2.85846904 0.52127716
2.90657351 0.58646217
2.93397194 0.64490466
2.94735665 0.70536884
2.94700486 0.76327897
2.9344558 0.82376121
2.90738323 0.89329108
2.85962339 0.98112876
2.84808596 1
2.85579707 1
2.90753265 0.91049617
2.93810811 0.8399855
2.95385576 0.77881157
2.95731485 0.72030352
2.94842472 0.66384256
2.92505392 0.6046271
2.88453801 0.54291821
2.82039653 0.47469968
2.70697975 0.38317046
2.47113365 0.20771387
2.32279777 0.05326479
2.3090706 0.01
2.32477856 0.01
2.46555715 0.18188098
2.63569052 0.32073498
2.80192442 0.45016453
2.87711653 0.52543355
2.92291684 0.59026075
2.94863519 0.64845375
2.96064444 0.70881041
2.95930386 0.76682459
2.94605638 0.82767673
2.91859446 0.89797586
2.87093296 0.98724003
2.86337329 1
2.87081661 1
2.92124416 0.90967238
2.95109198 0.83872499
2.96647933 0.77739075
2.96986104 0.71893717
2.95990744 0.65810794
2.93602626 0.59943365
2.89197827 0.53407185
2.82282417 0.46246712
2.69258954 0.35881224
2.49163459 0.20296017
2.34884487 0.04630376
2.34048653 0.01
2.35619449 0.01
2.49834873 0.18760508
2.66864888 0.33008833
2.82300445 0.45468017
2.89495318 0.52953155
2.93845342 0.59399982
2.96381199 0.65650389
2.9734348 0.71697514
2.97018297 0.77535706
2.95359796 0.84223067
2.92105275 0.92007526
2.87812909 1
2.88531278 1
2.93706812 0.90313705
2.96514723 0.83219102
2.9798308 0.76603648
2.98116623 0.70807704
2.96934436 0.64788561
2.94153271 0.58555306
2.8953882 0.52117657
2.8204055 0.44632233
2.51803876 0.20335887
2.37542433 0.03924027
2.37190245 0.01
2.38761042 0.01
2.52522448 0.18793914
2.69510369 0.33510007
2.84329787 0.45914999
2.91198927 0.53357082
2.9531968 0.59768241
2.97680331 0.65995209
2.9851511 0.72038511
2.98018585 0.7839891
2.96204253 0.85177208
2.92836633 0.93120403
2.8923698 1
2.89930228 1
2.94955477 0.90226474
2.97686163 0.83089905
2.99115476 0.76459938
2.99204571 0.70202431
2.97951269 0.64231592
2.95140382 0.58060533
2.90196025 0.51272864
2.82260045 0.43449212
2.54978619 0.20896323
2.41048054 0.04633442
2.40331838 0.01
2.41902634 0.01
2.55717375 0.1936599
2.72602007 0.34435483
2.86281185 0.46357096
2.92823613 0.53755162
2.96716168 0.60131228
2.98904395 0.66336712
2.99616112 0.72379295
2.99034418 0.78766453
2.97176185 0.85606792
2.93521188 0.94271979
2.90611238 1
2.9128023 1
2.96148943 0.90139488
2.98951081 0.8243299
3.00240166 0.75823246
3.00226105 0.69602333
2.98909478 0.63681918
2.96079719 0.57574028
2.91184143 0.50857109
2.82954437 0.42685707
2.58098959 0.21455155
2.44126429 0.04634968
2.43473431 0.01
2.45044227 0.01
2.58356305 0.19400716
2.75085529 0.34930803
2.88155463 0.4679405
2.9437061 0.54147491
2.98036394 0.60489383
3.00055368 0.66675648
3.0064889 0.72720835
2.99989008 0.79139073
2.97900827 0.86602324
2.93865976 0.96095454
2.91937426 1
2.92583052 1
2.97528053 0.89473732
3.00142161 0.8177595
3.01295075 0.75189744
3.0118392 0.69008226
2.99655453 0.62699704
2.9645979 0.56251913
2.91066982 0.49223942
2.81361424 0.39892081
2.60650891 0.21497906
2.47202578 0.04636481
2.46615023 0.01
2.4818582 0.01
2.61464077 0.19971939
2.77969126 0.35844034
2.90324976 0.47627573
2.96114741 0.54947124
2.99459196 0.61273848
3.01215232 0.67466225
3.01602745 0.73544949
3.0077943 0.800342
2.98570396 0.8762738
2.94171805 0.98002788
2.93217337 1
2.9384051 1
2.986083 0.89384134
3.01132845 0.81645196
3.02247282 0.75048621
3.02139893 0.68880586
3.00662835 0.62606654
2.9757794 0.56208574
2.92381284 0.49237326
2.82600419 0.39548006
2.63186943 0.21540068
2.49914173 0.03927953
2.49756616 0.01
2.51327412 0.01
2.64517478 0.20540721
2.81179912 0.37163924
2.92375343 0.4845091
2.97745401 0.5573762
3.00776608 0.62052854
3.02280038 0.68257632
3.02440296 0.74866205
3.0125095 0.82007842
2.98534289 0.90451311
2.94452806 1
2.95054462 1
2.99854417 0.88712943
3.02310854 0.80465412
3.03225323 0.73453243
3.02771444 0.66935315
3.0096725 0.6079221
2.97347445 0.54108116
2.91162431 0.464478
2.65238005 0.21058771
2.526981 0.0320981
2.52898209 0.01
2.54469005 0.01
2.67072533 0.20577039
2.83384851 0.37643319
2.93984994 0.48866447
2.9903556 0.56109368
3.01992038 0.62827881
3.03254178 0.69052025
3.03222081 0.75716783
3.01897032 0.82963382
2.98873539 0.92198201
2.95645716 1
2.96226811 1
3.00828205 0.8862252
3.0318692 0.80335711
3.04065797 0.73317769
3.03629672 0.66819645
3.01724947 0.60290382
2.98158286 0.53677604
2.91783432 0.4568499
2.68213689 0.21621969
2.55802161 0.03210339
2.56039801 0.01
2.57610598 0.01
2.70035161 0.21143898
2.86703342 0.39343445
2.96124822 0.50066727
3.00676576 0.57294191
3.03223558 0.6403395
3.04189 0.7078069
3.03802138 0.77591734
3.0202731 0.85623653
2.98430068 0.95958561
2.9679799 1
2.973595 1
3.01755897 0.88534231
3.04013181 0.80208999
3.04855011 0.73185385
3.04437371 0.66706625
3.02614147 0.60217343
2.98945166 0.53254996
2.92421777 0.44929977
2.70705585 0.21661389
2.58905151 0.03210855
2.59181394 0.01
2.6075219 0.01
2.72941204 0.21707714
2.9669862 0.49288409
3.01403658 0.56839891
3.03920086 0.63509231
3.04930716 0.70194439
3.0458087 0.77466291
3.02888806 0.85523989
2.9921668 0.96589194
2.9791159 1
2.98454512 1
3.02822844 0.87859226
3.0497941 0.79040596
3.05611195 0.71629704
3.04863383 0.64835148
3.02590457 0.58078788
2.9838362 0.50862062
2.89879234 0.4060103
2.73184002 0.21699579
2.61826579 0.02482729
2.62322987 0.01
2.63893783 0.01
2.75789991 0.22268243
2.98113503 0.49689714
3.02485448 0.57199674
3.04788509 0.63849269
3.05663024 0.70541262
3.05244435 0.7785588
3.03399585 0.8657986
2.99495809 0.98605153
2.98988519 1
2.99513867 1
3.03824165 0.87185302
3.05783974 0.78400937
3.06297274 0.71038096
3.05500006 0.64304495
3.0325518 0.57618621
2.98914359 0.50080715
2.89276967 0.38226567
2.74888414 0.20673043
2.6494283 0.01745691
2.65464579 0.01
2.67035376 0.01
2.78580995 0.22825214
2.99459953 0.50085701
3.03669984 0.57959419
3.05765975 0.65052635
3.06345068 0.72306473
3.05533362 0.8035642
3.03206736 0.90089301
3.00030813 1
3.00539619 1
3.04607771 0.87099168
3.06460376 0.78283065
3.06946014 0.70921229
3.06098421 0.63784161
3.03715843 0.56766674
2.99192977 0.48923554
2.77387858 0.20705399
2.68075868 0.01745743
2.68606172 0.01
2.70176968 0.01
2.81313834 0.23378327
3.0050541 0.50091507
3.0445512 0.57911247
3.06424509 0.64962796
3.06969015 0.72194979
3.06205838 0.80250554
3.03850376 0.90646643
3.01040545 1
3.01533856 1
3.05498809 0.86428327
3.07223916 0.77142269
3.07504035 0.69424974
3.06461425 0.62431816
3.03796493 0.5514434
2.98445369 0.4623824
2.80545086 0.21805305
2.71179446 0.0248335
2.71747765 0.01
2.73318561 0.01
2.84297575 0.24436549
3.0173942 0.50479745
3.05486644 0.58664653
3.07173732 0.65741296
3.07511582 0.73527824
3.0647404 0.823303
3.03606495 0.94466742
3.02019818 1
3.02498699 1
3.0619995 0.86347472
3.07812713 0.77033879
3.0807487 0.69321894
3.06999186 0.61941303
3.0425097 0.54336924
2.9858805 0.44723063
2.82976398 0.21837136
2.74341384 0.0174584
2.74889357 0.01
2.76460154 0.01
2.86889787 0.24977502
3.0291022 0.50863416
3.06306924 0.59016071
3.0784999 0.66527814
3.08012698 0.74403237
3.06799493 0.83931284
3.03546167 0.9786078
3.02970767 1
3.03436294 1
3.06989836 0.85682802
3.08458985 0.75917184
3.08526149 0.67873119
3.07193637 0.60236939
3.04165771 0.52393282
2.97013853 0.40453364
2.84537651 0.20247948
2.77473883 0.01745884
2.7803095 0.01
2.79601746 0.01
2.89684864 0.26011416
3.04019813 0.51242914
3.07179647 0.59768044
3.08492643 0.67767967
3.08393708 0.76307549
3.06881907 0.86783011
3.03895553 1
3.04348817 1
3.07726162 0.85023918
3.09040808 0.74821689
3.08919515 0.66463496
3.07361669 0.58582276
3.03932879 0.50107928
2.87021804 0.20272341
2.80606226 0.01745925
2.81172542 0.01
2.82743339 0.01
2.92135359 0.26538733
3.05070326 0.51618695
3.07879609 0.60120487
3.09008003 0.68134122
3.08806819 0.77245601
3.07066944 0.89174114
3.04796363 1
3.05238468 1
3.08411879 0.84371865
3.09564677 0.73748576
3.09268265 0.65092766
3.07526202 0.56972874
3.03592833 0.47472587
2.89498144 0.20294857
2.84314135 0.01
2.85884931 0.01
2.94952784 0.28029395
3.06203971 0.52367304
3.08685799 0.6128077
3.09527444 0.69869003
3.0903635 0.79810328
3.06905483 0.93672004
3.0567541 1
3.06107469 1
3.09050084 0.83727653
3.10024079 0.7318082
3.09640785 0.64179606
3.07710069 0.55403299
3.03022273 0.44073816
2.91754171 0.19761938
2.87455728 0.01
2.89026524 0.01
2.97424992 0.29012974
3.07125138 0.5273599
3.09330329 0.62045695
3.0996118 0.71189614
3.09224177 0.82512028
3.06534926 1
3.06958064 1
3.09712197 0.82523122
3.10468915 0.71202556
3.09826918 0.6205517
3.07575713 0.5273863
2.93491391 0.17507027
2.9059732 0.01
2.92168117 0.01
2.99952008 0.30443062
3.0809696 0.53477242
3.09957011 0.63231013
3.10322636 0.73515954
3.09262516 0.86567731
3.07377164 1
3.07792512 1
3.10254187 0.81901596
3.10855441 0.70208948
3.10062963 0.6040235
3.07534277 0.50123083
2.96071421 0.17519479
2.93738913 0.01
2.95309709 0.01
3.02458031 0.32287538
3.08984062 0.54216689
3.10532272 0.64858368
3.10595699 0.76463584
3.09090748 0.92926577
3.08204392 1
3.08613091 1
3.10803914 0.80735498
3.1119369 0.68339737
3.10188148 0.58020396
3.0694889 0.4527665
2.98373373 0.16356892
2.96880506 0.01
2.98451302 0.01
3.04977091 0.34937871
3.09855687 0.55331936
3.11030217 0.66964394
3.1076119 0.80684839
3.09018894 1
3.09422091 1
3.11331255 0.79054557
3.11478478 0.66104773
3.10167659 0.54583642
3.00335736 0.12697057
3.00022098 0.01
3.01592895 0.01
3.07353364 0.3829495
3.10751987 0.57594468
3.11444247 0.70990517
3.10678256 0.88961558
3.09822968 1
3.10221815 1
3.11810369 0.7690309
3.11697993 0.63132953
3.09951091 0.49391854
3.02937221 0.11427353
3.03163691 0.01
3.04734487 0.01
3.09765573 0.44558208
3.11585015 0.62292954
3.11627636 0.79526663
3.1061892 1
3.11014573 1
3.12225948 0.74336459
3.11826343 0.58737799
3.08582434 0.34537882
3.05441742 0.02484682
3.06305284 0.01
3.0787608 0.01
3.12022096 0.63504197
3.11795596 0.88299474
3.11409064 1
3.11802683 1
3.1258007 0.70020359
3.11779361 0.50499863
3.08392312 0.03939454
3.09446876 0.01
3.11017673 0.01
3.12425324 0.73320289
3.12195722 1
3.12588469 1
3.12816526 0.59740564
3.1166674 0.02492113
3.12588469 0.01
3.14159265 0.01
3.12751614 0.73320289
3.12981217 1
3.13374255 1
3.13410458 0.49764735
3.15055398 0.01746134
3.15730062 0.01
3.17300858 0.01
3.13154842 0.63504197
3.13381342 0.88299474
3.13767874 1
3.14162365 1
3.13556 0.6820702
3.14581552 0.45317207
3.18871654 0.01
3.20442451 0.01
3.15411365 0.44558208
3.13591923 0.62292954
3.13549302 0.79526663
3.14558018 1
3.14955123 1
3.13889136 0.73344659
3.14403935 0.56819391
3.21318471 0.0174612
3.22013247 0.01
3.23584043 0.01
3.17823574 0.3829495
3.14424951 0.57594468
3.13732691 0.70990517
3.14498682 0.88961558
3.1535397 1
3.15754847 1
3.14300728 0.76375182
3.14504092 0.61904208
3.16490563 0.46799607
3.2515484 0.01
3.26725636 0.01
3.20199847 0.34937871
3.15321251 0.55331936
3.14146721 0.66964394
3.14415748 0.80684839
3.16158044 1
3.16563847 1
3.14770166 0.78504735
3.14708891 0.65237165
3.16163395 0.53087697
3.28296432 0.01
3.29867229 0.01
3.22718907 0.32287538
3.16192876 0.54216689
3.14644666 0.64858368
3.14581239 0.76463584
3.1608619 0.92926577
3.16972546 1
3.17384426 1
3.15290289 0.80168408
3.1498309 0.67877309
3.16053463 0.57241635
3.19562589 0.43380583
3.31438025 0.01
3.33008821 0.01
3.2522493 0.30443062
3.17079978 0.53477242
3.15219927 0.63231013
3.14854302 0.73515954
3.15914422 0.86567731
3.17799774 1
3.18218875 1
3.15837538 0.81322305
3.15330034 0.69728137
3.16209946 0.59596558
3.18965577 0.48634666
3.29639729 0.16939161
3.34579618 0.01
3.36150414 0.01
3.27751946 0.29012974
3.180518 0.5273599
3.15846609 0.62045695
3.15215759 0.71189614
3.15952761 0.82512028
3.18642012 1
3.19069469 1
3.16445826 0.82501078
3.15728744 0.71176828
3.16408845 0.61630216
3.18747444 0.51984727
3.32247686 0.1692799
3.3772121 0.01
3.39292007 0.01
3.30224154 0.28029395
3.18972967 0.52367304
3.16491139 0.6128077
3.15649494 0.69869003
3.16140588 0.79810328
3.18271455 0.93672004
3.19501528 1
3.1993847 1
3.17045114 0.83129769
3.16170097 0.72190714
3.16674176 0.63319602
3.1866266 0.54630883
3.23848089 0.42150432
3.34445211 0.18073049
3.40862803 0.01
3.42433599 0.01
3.33041579 0.26538733
3.20106612 0.51618695
3.17297329 0.60120487
3.16168935 0.68134122
3.16370119 0.77245601
3.18109994 0.89174114
3.20380575 1
3.20828121 1
3.17690375 0.83767564
3.16655894 0.73228518
3.17015979 0.64638552
3.18888743 0.56183548
3.23191663 0.45961927
3.36319619 0.19748449
3.44004396 0.01
3.45575192 0.01
3.35492074 0.26011416
3.21157125 0.51242914
3.17997291 0.59768044
3.16684295 0.67767967
3.1678323 0.76307549
3.18295031 0.86783011
3.21281386 1
3.21740644 1
3.18384841 0.84413521
3.17193277 0.74289639
3.17387667 0.6599476
3.1896994 0.58166571
3.22544471 0.49350204
3.3882628 0.19727853
3.47145988 0.01
3.48716785 0.01
3.38287151 0.24977502
3.22266718 0.50863416
3.18870014 0.59016071
3.17326948 0.66527814
3.1716424 0.74403237
3.18377445 0.83931284
3.21630771 0.9786078
3.22206171 1
3.22678239 1
3.19131597 0.85066656
3.17789081 0.75373225
3.17802944 0.67389251
3.19173831 0.59806634
3.22369837 0.51622894
3.3049895 0.38047702
3.42179732 0.18020673
3.50287581 0.01
3.51858377 0.01
3.40879363 0.24436549
3.23437518 0.50479745
3.19690294 0.58664653
3.18003206 0.65741296
3.17665356 0.73527824
3.18702898 0.823303
3.21570443 0.94466742
3.2315712 1
3.23643082 1
3.19933574 0.85725955
3.18403585 0.7597308
3.18338193 0.67922791
3.1961997 0.60674036
3.22713428 0.52778646
3.2931231 0.4200713
3.43257289 0.20775146
3.53429174 0.01
3.5499997 0.01
3.43863104 0.23378327
3.24671528 0.50091507
3.20721818 0.57911247
3.18752429 0.64962796
3.18207923 0.72194979
3.189711 0.80250554
3.21326562 0.90646643
3.24136393 1
3.24637319 1
3.20793553 0.86390382
3.19122117 0.770908
3.18854153 0.69375028
3.19871629 0.62394125
3.22465443 0.55127156
3.27667549 0.46245928
3.45416792 0.21284716
3.56570766 0.01
3.58141563 0.01
3.46595943 0.22825214
3.25716985 0.50085701
3.21506954 0.57959419
3.19410963 0.65052635
3.1883187 0.72306473
3.19643576 0.8035642
3.21970202 0.90089301
3.25146125 1
3.25663071 1
3.21714163 0.87058894
3.19847769 0.77711703
3.19476637 0.69937974
3.20475092 0.62890523
3.22963167 0.55946753
3.27794523 0.47765698
3.4789161 0.2125374
3.59712359 0.01
3.61283155 0.01
3.49386947 0.22268243
3.27063435 0.49689714
3.2269149 0.57199674
3.20388429 0.63849269
3.19513914 0.70541262
3.19932503 0.7785588
3.21777353 0.8657986
3.25681129 0.98605153
3.26188419 1
3.26722426 1
3.22533978 0.87141222
3.20629852 0.78340015
3.20133758 0.70976715
3.20914299 0.64254779
3.23104573 0.57589578
3.27334327 0.50078485
3.37067506 0.37840359
3.51123561 0.20146302
3.62853951 0.01
3.64424748 0.01
3.52235734 0.21707714
3.28478318 0.49288409
3.2377328 0.56839891
3.21256852 0.63509231
3.20246223 0.70194439
3.20596068 0.77466291
3.22288132 0.85523989
3.25960258 0.96589194
3.27265348 1
3.27817438 1
3.23568837 0.87812936
3.21471297 0.78974812
3.20859186 0.71562452
3.21592175 0.64779895
3.23811763 0.5804571
3.27914326 0.50856923
3.36558537 0.40222388
3.52877134 0.21187389
3.65995544 0.01
3.6756634 0.01
3.55141777 0.21143898
3.38473596 0.39343445
3.29052116 0.50066727
3.24500362 0.57294191
3.2195338 0.6403395
3.20987938 0.7078069
3.213748 0.77591734
3.23149628 0.85623653
3.2674687 0.95958561
3.28378948 1
3.28950127 1
3.24483927 0.87898229
3.2237488 0.79615142
3.21644291 0.72632613
3.2214311 0.66197526
3.24015777 0.59755561
3.27688965 0.52840793
3.34488085 0.44155635
3.54971521 0.21679093
3.69137137 0.01
3.70707933 0.01
3.58104405 0.20577039
3.41792087 0.37643319
3.31191944 0.48866447
3.26141378 0.56109368
3.231849 0.62827881
3.2192276 0.69052025
3.21954857 0.75716783
3.23279906 0.82963382
3.26303399 0.92198201
3.29531222 1
3.30122476 1
3.2564115 0.88570195
3.23343221 0.80260031
3.22488653 0.73237758
3.22918016 0.66749861
3.24781185 0.60242852
3.28529863 0.53256637
3.35200437 0.44906869
3.57475648 0.21641343
3.72278729 0.01
3.73849526 0.01
3.6065946 0.20540721
3.43997026 0.37163924
3.32801595 0.4845091
3.27431537 0.5573762
3.2440033 0.62052854
3.228969 0.68257632
3.22736642 0.74866205
3.23925988 0.82007842
3.26642649 0.90451311
3.30724132 1
3.31336428 1
3.26659313 0.88656423
3.24264692 0.80383732
3.23374816 0.73366944
3.23821723 0.66860092
3.25762474 0.60313994
3.29395916 0.53679892
3.35894794 0.45664235
3.60454782 0.21078977
3.75420322 0.01
3.76991118 0.01
3.63712861 0.19971939
3.47207812 0.35844034
3.34851962 0.47627573
3.29062197 0.54947124
3.25717742 0.61273848
3.23961706 0.67466225
3.23574193 0.73544949
3.24397508 0.800342
3.26606542 0.8762738
3.31005133 0.98002788
3.31959602 1
3.32593886 1
3.27946231 0.8932586
3.25483886 0.81559556
3.24363629 0.74467128
3.24563983 0.68336264
3.26108075 0.62107941
3.29222096 0.55759998
3.34744996 0.48434998
3.45825169 0.37530036
3.63009575 0.21041064
3.78561915 0.01
3.80132711 0.01
3.66820633 0.19400716
3.50091409 0.34930803
3.37021475 0.4679405
3.30806328 0.54147491
3.27140544 0.60489383
3.2512157 0.66675648
3.24528048 0.72720835
3.2518793 0.79139073
3.27276111 0.86602324
3.31310962 0.96095454
3.33239512 1
3.33896708 1
3.29074631 0.89411115
3.26523791 0.81684
3.25399685 0.750896
3.25511505 0.68916261
3.2700933 0.62630413
3.30135523 0.56215816
3.35403583 0.49226149
3.45328431 0.39520687
3.65078411 0.21522849
3.81703507 0.01
3.83274304 0.01
3.69459563 0.1936599
3.52574931 0.34435483
3.38895753 0.46357096
3.32353325 0.53755162
3.2846077 0.60131228
3.26272544 0.66336712
3.25560826 0.72379295
3.2614252 0.78766453
3.28000753 0.85606792
3.3165575 0.94271979
3.345657 1
3.3524671 1
3.30256727 0.89497182
3.27621142 0.8180956
3.26460634 0.75225075
3.26575967 0.69038747
3.27963804 0.63160925
3.31089536 0.56679759
3.36438691 0.49621551
3.45689031 0.4068429
3.67644698 0.21482143
3.848451 0.01
3.86415896 0.01
3.7265449 0.18793914
3.55666569 0.33510007
3.40847151 0.45914999
3.33978011 0.53357082
3.29857258 0.59768241
3.27496607 0.65995209
3.26661828 0.72038511
3.27158353 0.7839891
3.28972685 0.85177208
3.32340305 0.93120403
3.35939958 1
3.3664566 1
3.31743008 0.90158019
3.28923414 0.82460311
3.27628075 0.75852243
3.27645331 0.69627466
3.28974778 0.63698998
3.31829673 0.57579771
3.36769322 0.50849546
3.4507798 0.42665842
3.7022789 0.21441107
3.87986693 0.01
3.89557489 0.01
3.75342065 0.18760508
3.5831205 0.33008833
3.42876493 0.45468017
3.3568162 0.52953155
3.31331596 0.59399982
3.28795739 0.65650389
3.27833458 0.71697514
3.28158641 0.77535706
3.29817142 0.84223067
3.33071663 0.92007526
3.37364029 1
3.38095277 1
3.33045154 0.90240657
3.30302635 0.83110369
3.28868748 0.76481777
3.28782221 0.70221271
3.30045391 0.64244093
3.32875593 0.58064043
3.37854016 0.51265733
3.45848192 0.43432465
3.7338778 0.20884689
3.91128285 0.01
3.92699082 0.01
3.78621223 0.18188098
3.61607886 0.32073498
3.44984496 0.45016453
3.37465285 0.52543355
3.32885254 0.59026075
3.30313419 0.64845375
3.29112494 0.70881041
3.29246552 0.76682459
3.305713 0.82767673
3.33317492 0.89797586
3.38083642 0.98724003
3.38839609 1
3.39597231 1
3.34405957 0.90323058
3.31590947 0.83232388
3.30184718 0.77112762
3.29954875 0.71293086
3.31038412 0.65250638
3.33723482 0.58993927
3.38252001 0.52533982
3.45679906 0.45030768
3.63235937 0.31230013
3.79463035 0.17655031
3.94269878 0.01
3.95840674 0.01
3.81356756 0.18156564
3.63812059 0.32002841
3.47171776 0.44560656
3.39330034 0.52127716
3.34519587 0.58646217
3.31779745 0.64490466
3.30441273 0.70536884
3.30476452 0.76327897
3.31731359 0.82376121
3.34438615 0.89329108
3.39214599 0.98112876
3.40368342 1
3.4115314 1
3.36104123 0.9097111
3.33116751 0.83877877
3.31577904 0.77744288
3.31241819 0.71897442
3.32242055 0.65811766
3.34638072 0.59940886
3.39056314 0.53400601
3.45993502 0.46236368
3.59063995 0.35869039
3.79273116 0.20289145
3.97411471 0.01
3.98982267 0.01
3.84716552 0.17584165
3.67285338 0.31063197
3.49438841 0.44101012
3.41673123 0.51277193
3.36517184 0.57816124
3.33500091 0.63672156
3.3190939 0.6971636
3.31737008 0.75483582
3.32812299 0.81477156
3.3511633 0.877813
3.39295822 0.95711917
3.4195182 1
3.4276457 1
3.37593505 0.91048017
3.34538233 0.8399554
3.32965748 0.77876896
3.32622405 0.72024936
3.33514416 0.66377827
3.35855443 0.60455389
3.39912417 0.5428383
3.46334745 0.47461654
3.57693155 0.38309175
3.81351724 0.20766897
4.00553063 0.01
4.0212386 0.01
3.87498917 0.17554962
3.70225787 0.30557775
3.51786093 0.43637942
3.43719285 0.50847988
3.38330757 0.57421467
3.35140764 0.63304404
3.33404508 0.69364702
3.33122548 0.7512961
3.34113548 0.81097114
3.36361555 0.87344883
3.40167859 0.94581483
3.43591579 1
3.4443303 1
3.39145897 0.91123781
3.36026377 0.84111391
3.34422166 0.78007422
3.34071987 0.72150421
3.34981686 0.66482138
3.3737065 0.60524228
3.41515426 0.54307937
3.48087664 0.4743784
3.59155731 0.38662078
3.84042949 0.2072838
4.00876815 0.03920635
4.03694656 0.01
4.05265452 0.01
3.90935132 0.16982735
3.73890612 0.29612172
3.54213819 0.43171896
3.45848923 0.50413525
3.40228441 0.570204
3.36864677 0.62930396
3.3507197 0.68534796
3.34568759 0.7428697
3.35362345 0.80215339
3.374412 0.8638697
3.41103807 0.93487207
3.45289103 1
3.46159974 1
3.40762729 0.91198108
3.37582564 0.84224985
3.35948501 0.78135368
3.35591898 0.72273418
3.36518222 0.66584398
3.38952349 0.60591744
3.43180195 0.54331599
3.4989509 0.4741445
3.60635969 0.39017672
3.86753069 0.20690494
4.03383071 0.04625386
4.06836249 0.01
4.08407045 0.01
3.93762793 0.16956221
3.76305674 0.29548203
3.56722193 0.42703348
3.48062647 0.49974086
3.42211148 0.56612921
3.3867301 0.62549829
3.36741103 0.68172077
3.3611965 0.73928605
3.36816846 0.79840768
3.38823568 0.85968705
3.42440228 0.92983605
3.47045816 1
3.47946798 1
3.42445363 0.91270716
3.39404641 0.84854345
3.37635092 0.7875756
3.37163737 0.72875906
3.3799718 0.6715456
3.40358423 0.61115422
3.44546181 0.54798329
3.50798187 0.48248834
3.60950412 0.40213669
3.89482412 0.2065339
4.05873899 0.05319732
4.09977841 0.01
4.11548638 0.01
3.96605302 0.16930333
3.78752365 0.29485708
3.58732118 0.42655995
3.49899086 0.49967392
3.4394126 0.56651948
3.40343846 0.62627764
3.38381305 0.68278925
3.37750268 0.74052304
3.38348181 0.79465782
3.40276652 0.85554828
3.43511413 0.9194032
3.48863086 1
3.4979484 1
3.44509684 0.91891344
3.41312618 0.85478605
3.39405991 0.7937677
3.38816954 0.73478019
3.39553023 0.67727011
3.41604856 0.62106311
3.45277437 0.56169832
3.51286566 0.49532092
3.60696851 0.41840969
3.92904522 0.20108754
4.09578224 0.0462269
4.13119434 0.01
4.1469023 0.01
4.00141699 0.16360577
3.82643157 0.28542367
3.61384429 0.42185061
3.52266374 0.49520753
3.46434798 0.55779039
3.42547119 0.61768164
3.40332535 0.67428148
3.3946649 0.73199411
3.3986547 0.78593237
3.41402148 0.84120158
3.4435815 0.90386171
3.49017662 0.97632357
3.50742218 1
3.51705375 1
3.463327 0.91955997
3.43086524 0.85578872
3.41262427 0.79992267
3.40560896 0.74566078
3.41083564 0.68777884
3.42944155 0.63109297
3.46441209 0.57111555
3.51853776 0.5084041
3.60491424 0.43489139
3.76274585 0.32929345
3.96372383 0.19563242
4.13951411 0.03203061
4.16261027 0.01
4.17831823 0.01
4.03027249 0.16337779
3.85183602 0.28485182
3.64117559 0.4171299
3.54719155 0.49070099
3.4867708 0.55352948
3.4461473 0.6136682
3.42257179 0.67046115
3.41265407 0.72827187
3.41564465 0.78215896
3.4301708 0.83718592
3.45902419 0.8993019
3.50515894 0.9707787
3.52684459 1
3.53679618 1
3.48224874 0.92018279
3.44932849 0.85675418
3.43084307 0.80103804
3.42373621 0.74677862
3.4290304 0.68875618
3.44788409 0.63181792
3.48334759 0.57149413
3.53830088 0.50839524
3.62040007 0.43877139
3.76627792 0.34145867
3.98489043 0.2004279
4.15146733 0.0531424
4.19402619 0.01
4.20973416 0.01
4.05927416 0.16315839
3.87756268 0.2843012
3.6630715 0.41667046
3.56756316 0.49058989
3.50626149 0.55379612
3.46509728 0.61429149
3.44122869 0.6713631
3.43119243 0.72935555
3.43421845 0.78328896
3.44892044 0.83822195
3.47814078 0.9000588
3.52490845 0.97102616
3.54690993 1
3.55718723 1
3.50187302 0.92077961
3.46852623 0.85767893
3.44981406 0.80210613
3.44262241 0.74784896
3.44797912 0.68969206
3.4670626 0.6325123
3.50298468 0.57185693
3.55871126 0.50838677
3.64208882 0.43841109
3.79049985 0.34088037
4.01310596 0.2001167
4.1824364 0.05312545
4.22544212 0.01
4.24115008 0.01
4.08842306 0.16294842
3.9110947 0.27935402
3.69184766 0.41194941
3.5936532 0.48602878
3.53030273 0.54943857
3.48741599 0.61015439
3.46211746 0.66741117
3.45080105 0.72551496
3.45278471 0.77943067
3.46657861 0.83417612
3.49209278 0.8903416
3.53302466 0.95451581
3.5676294 1
3.57823776 1
3.52221012 0.92134829
3.4884681 0.8585597
3.46954641 0.80312316
3.46227652 0.74886804
3.46670815 0.69540809
3.48485178 0.63792062
3.51997739 0.57683922
3.57517787 0.51286669
3.6585018 0.44238405
3.79404287 0.35303874
4.04151956 0.19981954
4.21343518 0.05310929
4.25685805 0.01
4.27256601 0.01
4.12494756 0.15729754
3.94520751 0.27442644
3.72142393 0.40723116
3.62060401 0.48143981
3.55522978 0.54502792
3.51062834 0.60594745
3.48389592 0.66338404
3.47128479 0.72160677
3.47220221 0.77552506
3.48505206 0.83011686
3.50976354 0.88591783
3.55002071 0.94939282
3.58901355 1
3.599958 1
3.54326965 0.92188678
3.50916305 0.85939339
3.49004861 0.80408561
3.48270685 0.74983233
3.48718175 0.69626563
3.50550828 0.63856748
3.5410104 0.57719073
3.59685801 0.51288207
3.68127079 0.44207445
3.8187973 0.35251983
4.07013306 0.19953759
4.2378527 0.05992261
4.28827397 0.01
4.30398194 0.01
4.15449296 0.1571214
3.97988117 0.26951913
3.74514601 0.40681142
3.64303351 0.4813023
3.57691306 0.54520822
3.53185212 0.60643534
3.50486539 0.66411943
3.49214004 0.72251333
3.49306565 0.77649095
3.50603218 0.83102595
3.53097883 0.88663964
3.57164815 0.94975745
3.61107229 1
3.62235753 1
3.56506057 0.92239318
3.5306194 0.8601771
3.51132852 0.80499015
3.50392107 0.75073854
3.5084355 0.69707157
3.52692938 0.63917553
3.56277693 0.57752129
3.61922052 0.51289655
3.69870691 0.44614197
3.82972321 0.36050156
4.09894813 0.19927194
4.26883609 0.05990323
4.3196899 0.01
4.33539786 0.01
4.18418072 0.15695617
4.00726431 0.26909648
3.76942476 0.4064177
3.67155786 0.47668001
3.60348328 0.54071451
3.55674169 0.6021077
3.52832991 0.65995193
3.51429782 0.7184656
3.51412659 0.77246844
3.52609699 0.82689546
3.55016371 0.88221339
3.59004101 0.94473031
3.63381484 1
3.64544525 1
3.5911145 0.92816513
3.55520428 0.86597883
3.53466743 0.8107982
3.52610853 0.75649292
3.52956641 0.70269211
3.54702553 0.64455444
3.58192149 0.5825436
3.63302468 0.52205132
3.71084425 0.45466625
3.82683142 0.37701979
4.12796626 0.19902361
4.29985484 0.05988513
4.35110583 0.01
4.36681379 0.01
4.21401131 0.15680246
4.03497023 0.26870311
3.8010743 0.40174031
3.70094001 0.47204395
3.63094556 0.53617845
3.58253784 0.59771533
3.55270281 0.65570755
3.53735584 0.71434088
3.53607112 0.76838194
3.5470183 0.82272812
3.57016516 0.8777921
3.60918901 0.93976934
3.65724977 1
3.66922936 1
3.61442154 0.92857634
3.57822377 0.86663983
3.55753305 0.81157293
3.54891229 0.75727777
3.55239473 0.7033978
3.56998211 0.64509532
3.60185745 0.58759059
3.65216442 0.52670915
3.72943104 0.45888008
3.84544742 0.38087658
4.15718878 0.19879356
4.32407665 0.06658545
4.38252175 0.01
4.39822972 0.01
4.24398514 0.15666086
4.06300238 0.26834055
3.8265597 0.40139377
3.72545803 0.471901
3.65486364 0.53628467
3.60608503 0.59806887
3.57604114 0.65626569
3.56059291 0.71504775
3.5592999 0.76915129
3.57031863 0.82347028
3.59362384 0.87840451
3.63293565 0.94011746
3.68138495 1
3.69371741 1
3.63847983 0.92895272
3.60451726 0.87229885
3.58258734 0.8172418
3.57280456 0.7629148
3.57520155 0.70893604
3.59169869 0.65043871
3.62260297 0.59265574
3.6720401 0.53140966
3.74291921 0.46761376
3.85054097 0.39333773
4.19431291 0.1935639
4.36887045 0.05304223
4.41393768 0.01
4.42964564 0.01
4.27410252 0.15653188
4.09136393 0.26801017
3.85261792 0.40107814
3.7506446 0.47177086
3.67951157 0.53638131
3.6304011 0.59839043
3.60017084 0.65677321
3.58536469 0.7107711
3.58293851 0.76492393
3.5928955 0.81919685
3.61521998 0.87393701
3.64983192 0.92999601
3.70622758 1
3.71891623 1
3.66329567 0.92929298
3.62911866 0.87283245
3.60705932 0.8178774
3.59722113 0.76356603
3.59963137 0.70952796
3.61622303 0.6508993
3.64731561 0.59293978
3.69708251 0.53148336
3.76848976 0.46747868
3.8770157 0.39302927
4.22401833 0.19338189
4.3931218 0.05983915
4.4453536 0.01
4.46106157 0.01
4.31203606 0.15096223
4.13639267 0.25881622
3.88631614 0.39646871
3.78231154 0.4671254
3.70939169 0.53175559
3.65868813 0.59383943
3.6270666 0.65232343
3.61021521 0.71133977
3.60777692 0.76554949
3.61778415 0.81980749
3.64022648 0.87444991
3.67503486 0.9303233
3.73178413 1
3.74483196 1
3.68887472 0.92959595
3.65450964 0.87330747
3.63233701 0.81844313
3.62245035 0.76414563
3.62487219 0.71005479
3.64154654 0.65130929
3.6728041 0.59319267
3.72286061 0.53154901
3.79473302 0.46735832
3.90405781 0.3927543
4.2539232 0.19321962
4.42428052 0.05982679
4.47676953 0.01
4.49247749 0.01
4.34249521 0.15086714
4.16554704 0.25856469
3.91358786 0.39621201
3.80889047 0.46701081
3.7355421 0.53181847
3.68457409 0.59408059
3.65280298 0.65271395
3.63671939 0.70690758
3.63313429 0.76117054
3.64204875 0.81541008
3.66345865 0.86991187
3.69731308 0.92546606
3.75308224 0.99445469
3.75806039 1
3.77147002 1
3.71522196 0.92986061
3.68069477 0.87372234
3.65842464 0.81893716
3.6484963 0.76465174
3.6509281 0.71051482
3.66767357 0.65166734
3.69907323 0.59341356
3.7493797 0.53160636
3.82165459 0.46725313
3.93167247 0.39251388
4.28402821 0.19307771
4.45547385 0.05981598
4.50818546 0.01
4.52389342 0.01
4.37309091 0.15078498
4.1950208 0.25834728
3.94144235 0.3959902
3.83615061 0.46691183
3.76243554 0.53187278
3.71124178 0.59428877
3.67934325 0.653051
3.66319925 0.70733412
3.65960107 0.76164479
3.66854832 0.8158784
3.69004048 0.87031186
3.7240348 0.92573094
3.7800591 0.99447672
3.78506143 1
3.79883513 1
3.74234169 0.93008607
3.70767799 0.8740757
3.68532585 0.81935788
3.6753625 0.76508274
3.67780267 0.71090658
3.69460792 0.65197227
3.72612716 0.59360172
3.77664437 0.53165523
3.84925932 0.46716348
3.95986421 0.3923089
4.31433395 0.19295671
4.48670167 0.05980677
4.53960138 0.01
4.55530935 0.01
4.40382323 0.15071605
4.22481567 0.25816483
3.96988386 0.39580411
3.86409646 0.46682881
3.79007626 0.53191831
3.73869504 0.59446328
3.70669087 0.6533335
3.69049685 0.70769161
3.68688784 0.76204225
3.69586223 0.81627092
3.71742253 0.87064715
3.75153288 0.925953
3.80776917 0.99449519
3.8127916 1
3.82693128 1
3.77023758 0.93027157
3.73546263 0.87436638
3.71304374 0.81970395
3.70305191 0.76543724
3.70549888 0.71122882
3.72038335 0.65712696
3.75077372 0.5985944
3.80016393 0.53640612
3.87174847 0.47161667
3.9744549 0.40077984
4.19887447 0.27652001
4.38422699 0.16712145
4.57101731 0.01
4.58672527 0.01
4.43469223 0.15066061
4.25493305 0.25801803
4.00620153 0.39131972
3.89874041 0.46221181
3.82314085 0.5272113
3.77028581 0.58972915
3.73695023 0.64862338
3.71956925 0.70302904
3.71480497 0.75742488
3.72265404 0.81165979
3.7431216 0.86595692
3.77618392 0.9210432
3.826434 0.98364891
3.84125456 1
3.85576176 1
3.79891261 0.9304165
3.76405141 0.87459345
3.74158082 0.81997427
3.73156693 0.76571413
3.73401918 0.71148051
3.74893681 0.65732844
3.77939924 0.59872204
3.8289183 0.5364444
3.90071303 0.47156475
4.00376139 0.40065403
4.22084134 0.28075515
4.41507901 0.1670626
4.60243324 0.01
4.6181412 0.01
4.46569794 0.15061884
4.28537408 0.25790743
4.03584879 0.39120437
3.92808402 0.46215662
3.85229677 0.52723291
3.79932593 0.58982887
3.76592454 0.64878937
3.74851158 0.70324196
3.74373883 0.75766417
3.75160193 0.81189878
3.77210766 0.86616432
3.80523629 0.92118523
3.85559758 0.98368178
3.8704532 1
3.88532912 1
3.82836909 0.93052036
3.79344643 0.87475617
3.77093904 0.82016797
3.76090946 0.76591253
3.76336545 0.71166085
3.77830668 0.65747281
3.80882044 0.59881351
3.85843136 0.53647183
3.93037609 0.47152753
4.03366878 0.40056382
4.25133064 0.28065559
4.44609206 0.1670204
4.63384916 0.01
4.64955713 0.01
4.49684038 0.15059091
4.3161396 0.25783347
4.06608441 0.39112723
3.95811714 0.46211972
3.88220484 0.52724736
3.82915692 0.58989553
3.79571177 0.64890032
3.77827755 0.70338427
3.77349917 0.7578241
3.78137159 0.81205852
3.80190269 0.86630295
3.83507542 0.92128017
3.88551075 0.98370376
3.90038972 1
3.91563517 1
3.85860868 0.93058281
3.82364922 0.87485402
3.80111978 0.82028443
3.79108081 0.76603182
3.79353904 0.71176929
3.80849441 0.65755961
3.8390389 0.59886852
3.88870486 0.53648833
3.96073954 0.47150514
4.06417885 0.40050956
4.28219022 0.2805957
4.47726623 0.16699502
4.66526509 0.01
4.68097305 0.01
4.52811956 0.15057692
4.34723018 0.25779642
4.09690983 0.39108859
3.98884128 0.46210123
3.91286648 0.5272546
3.85978006 0.58992891
3.82631305 0.64895588
3.80886823 0.70345553
3.80408704 0.75790419
3.81196411 0.81213851
3.83250787 0.86637238
3.86570263 0.92132771
3.91617494 0.98371477
3.93106558 1
3.94668102 1
3.88963239 0.93060365
3.85466066 0.87488666
3.83212389 0.82032329
3.82208179 0.76607163
3.82454077 0.71180547
3.83950084 0.65758858
3.87005557 0.59888687
3.91973986 0.53649384
3.99180452 0.47149767
4.09529271 0.40049146
4.31342064 0.28057571
4.50860157 0.16698655
4.69668102 0.01
4.71238898 0.01
4.55953549 0.15057692
4.37864611 0.25779642
4.12832576 0.39108859
4.02025721 0.46210123
3.94428241 0.5272546
3.89119599 0.58992891
3.85772898 0.64895588
3.84028416 0.70345553
3.83550296 0.75790419
3.84338004 0.81213851
3.8639238 0.86637238
3.89711856 0.92132771
3.94759086 0.98371477
3.96248151 1
3.97846702 1
3.92144054 0.93058281
3.88648107 0.87485402
3.86395163 0.82028443
3.85391266 0.76603182
3.8563709 0.71176929
3.87132626 0.65755961
3.90187076 0.59886852
3.95153671 0.53648833
4.02357139 0.47150514
4.12701071 0.40050956
4.34502207 0.2805957
4.54009809 0.16699502
4.72809694 0.01
4.74380491 0.01
4.59108816 0.15059091
4.41038738 0.25783347
4.16033219 0.39112723
4.05236492 0.46211972
3.97645262 0.52724736
3.9234047 0.58989553
3.88995955 0.64890032
3.87252533 0.70338427
3.86774695 0.7578241
3.87561937 0.81205852
3.89615047 0.86630295
3.9293232 0.92128017
3.97975853 0.98370376
3.9946375 1
4.01099282 1
3.95403279 0.93052036
3.91911014 0.87475617
3.89660274 0.82016797
3.88657316 0.76591253
3.88902915 0.71166085
3.90397039 0.65747281
3.93448415 0.59881351
3.98409506 0.53647183
4.05603979 0.47152753
4.15933248 0.40056382
4.37699435 0.28065559
4.57175577 0.1670204
4.75951287 0.01
4.77522083 0.01
4.62277758 0.15061884
4.44245371 0.25790743
4.19292842 0.39120437
4.08516365 0.46215662
4.0093764 0.52723291
3.95640556 0.58982887
3.92300418 0.64878937
3.90559122 0.70324196
3.90081846 0.75766417
3.90868156 0.81189878
3.92918729 0.86616432
3.96231592 0.92118523
4.01267721 0.98368178
4.02753283 1
4.04425732 1
3.98740816 0.9304165
3.95254696 0.87459345
3.93007638 0.81997427
3.92006249 0.76571413
3.92251474 0.71148051
3.93743237 0.65732844
3.9678948 0.59872204
4.01741386 0.5364444
4.08920859 0.47156475
4.19225695 0.40065403
4.4093369 0.28075515
4.60357457 0.1670626
4.7909288 0.01
4.80663676 0.01
4.65460372 0.15066061
4.47484453 0.25801803
4.22611302 0.39131972
4.11865189 0.46221181
4.04305233 0.5272113
3.99019729 0.58972915
3.95686172 0.64862338
3.93948073 0.70302904
3.93471646 0.75742488
3.94256552 0.81165979
3.96303309 0.86595692
3.99609541 0.9210432
4.04634549 0.98364891
4.06116604 1
4.0782587 1
4.02156499 0.93027157
3.98679004 0.87436638
3.96437115 0.81970395
3.95437932 0.76543724
3.95682629 0.71122882
3.97171076 0.65712696
4.00210114 0.5985944
4.05149134 0.53640612
4.12307589 0.47161667
4.22578231 0.40077984
4.45020188 0.27652001
4.6355544 0.16712145
4.82234472 0.01
4.83805269 0.01
4.68656657 0.15071605
4.50755901 0.25816483
4.25262719 0.39580411
4.1468398 0.46682881
4.07281959 0.53191831
4.02143838 0.59446328
3.98943421 0.6533335
3.97324018 0.70769161
3.96963118 0.76204225
3.97860557 0.81627092
4.00016587 0.87064715
4.03427622 0.925953
4.09051251 0.99449519
4.09553494 1
4.11299439 1
4.05650096 0.93008607
4.02183726 0.8740757
3.99948512 0.81935788
3.98952177 0.76508274
3.99196193 0.71090658
4.00876719 0.65197227
4.04028643 0.59360172
4.09080364 0.53165523
4.16341858 0.46716348
4.27402348 0.3923089
4.62849322 0.19295671
4.80086093 0.05980677
4.85376065 0.01
4.86946861 0.01
4.7186661 0.15078498
4.540596 0.25834728
4.28701754 0.3959902
4.1817258 0.46691183
4.10801073 0.53187278
4.05681698 0.59428877
4.02491844 0.653051
4.00877444 0.70733412
4.00517626 0.76164479
4.01412351 0.8158784
4.03561567 0.87031186
4.06960999 0.92573094
4.12563429 0.99447672
4.13063662 1
4.14846114 1
4.09221308 0.92986061
4.05768589 0.87372234
4.03541576 0.81893716
4.02548742 0.76465174
4.02791922 0.71051482
4.04466469 0.65166734
4.07606435 0.59341356
4.12637082 0.53160636
4.19864571 0.46725313
4.30866359 0.39251388
4.66101933 0.19307771
4.83246497 0.05981598
4.88517658 0.01
4.90088454 0.01
4.75090225 0.15086714
4.57395408 0.25856469
4.3219949 0.39621201
4.21729752 0.46701081
4.14394914 0.53181847
4.09298113 0.59408059
4.06121003 0.65271395
4.04512643 0.70690758
4.04154134 0.76117054
4.0504558 0.81541008
4.0718657 0.86991187
4.10572012 0.92546606
4.16148929 0.99445469
4.16646743 1
4.18465493 1
4.12869769 0.92959595
4.09433262 0.87330747
4.07215998 0.81844313
4.06227332 0.76414563
4.06469516 0.71005479
4.08136951 0.65130929
4.11262707 0.59319267
4.16268358 0.53154901
4.23455599 0.46735832
4.34388078 0.3927543
4.69374617 0.19321962
4.86410349 0.05982679
4.9165925 0.01
4.93230047 0.01
4.78327496 0.15096223
4.60763157 0.25881622
4.35755504 0.39646871
4.25355044 0.4671254
4.18063059 0.53175559
4.12992703 0.59383943
4.0983055 0.65232343
4.08145411 0.71133977
4.07901582 0.76554949
4.08902305 0.81980749
4.11146537 0.87444991
4.14627376 0.9303233
4.20302303 1
4.22157106 1
4.1659505 0.92929298
4.13177349 0.87283245
4.10971415 0.8178774
4.09987595 0.76356603
4.1022862 0.70952796
4.11887786 0.6508993
4.14997043 0.59293978
4.19973733 0.53148336
4.27114458 0.46747868
4.37967053 0.39302927
4.72667316 0.19338189
4.89577663 0.05983915
4.94800843 0.01
4.96371639 0.01
4.80817328 0.15653188
4.62543468 0.26801017
4.38668868 0.40107814
4.28471535 0.47177086
4.21358232 0.53638131
4.16447185 0.59839043
4.13424159 0.65677321
4.11943544 0.7107711
4.11700926 0.76492393
4.12696625 0.81919685
4.14929073 0.87393701
4.18390267 0.92999601
4.24029833 1
4.25920409 1
4.20396651 0.92895272
4.17000394 0.87229885
4.14807401 0.8172418
4.13829124 0.7629148
4.14068822 0.70893604
4.15718536 0.65043871
4.18808965 0.59265574
4.23752678 0.53140966
4.30840589 0.46761376
4.41602764 0.39333773
4.75979958 0.1935639
4.93435713 0.05304223
4.97942436 0.01
4.99513232 0.01
4.84088775 0.15666086
4.65990499 0.26834055
4.4234623 0.40139377
4.32236064 0.471901
4.25176625 0.53628467
4.20298763 0.59806887
4.17294374 0.65626569
4.15749552 0.71504775
4.15620251 0.76915129
4.16722123 0.82347028
4.19052645 0.87840451
4.22983826 0.94011746
4.27828756 1
4.2975479 1
4.24274008 0.92857634
4.2065423 0.86663983
4.18585158 0.81157293
4.17723082 0.75727777
4.18071326 0.7033978
4.19830064 0.64509532
4.23017598 0.58759059
4.28048295 0.52670915
4.35774957 0.45888008
4.47376595 0.38087658
4.78550732 0.19879356
4.95239519 0.06658545
5.01084028 0.01
5.02654825 0.01
4.87374577 0.15680246
4.69470469 0.26870311
4.46080876 0.40174031
4.36067446 0.47204395
4.29068002 0.53617845
4.2422723 0.59771533
4.21243727 0.65570755
4.1970903 0.71434088
4.19580557 0.76838194
4.20675276 0.82272812
4.22989961 0.8777921
4.26892347 0.93976934
4.31698423 1
4.33659563 1
4.28226488 0.92816513
4.24635467 0.86597883
4.22581782 0.8107982
4.21725892 0.75649292
4.22071679 0.70269211
4.23817592 0.64455444
4.27307187 0.5825436
4.32417507 0.52205132
4.40199463 0.45466625
4.51798181 0.37701979
4.81911664 0.19902361
4.99100522 0.05988513
5.04225621 0.01
5.05796417 0.01
4.90674703 0.15695617
4.72983062 0.26909648
4.49199107 0.4064177
4.39412417 0.47668001
4.32604959 0.54071451
4.279308 0.6021077
4.25089622 0.65995193
4.23686413 0.7184656
4.2366929 0.77246844
4.2486633 0.82689546
4.27273002 0.88221339
4.31260732 0.94473031
4.35638115 1
4.37633977 1
4.3190428 0.92239318
4.28460164 0.8601771
4.26531076 0.80499015
4.2579033 0.75073854
4.26241774 0.69707157
4.28091162 0.63917553
4.31675917 0.57752129
4.37320275 0.51289655
4.45268915 0.44614197
4.58370545 0.36050156
4.85293036 0.19927194
5.02281832 0.05990323
5.07367214 0.01
5.0893801 0.01
4.93989112 0.1571214
4.76527934 0.26951913
4.53054417 0.40681142
4.42843167 0.4813023
4.36231123 0.54520822
4.31725028 0.60643534
4.29026356 0.66411943
4.27753821 0.72251333
4.27846382 0.77649095
4.29143035 0.83102595
4.31637699 0.88663964
4.35704632 0.94975745
4.39647045 1
4.41677209 1
4.36008374 0.92188678
4.32597714 0.85939339
4.3068627 0.80408561
4.29952094 0.74983233
4.30399584 0.69626563
4.32232237 0.63856748
4.35782449 0.57719073
4.4136721 0.51288207
4.49808488 0.44207445
4.63561139 0.35251983
4.88694715 0.19953759
5.05466679 0.05992261
5.10508806 0.01
5.12079603 0.01
4.97317758 0.15729754
4.79343753 0.27442644
4.56965394 0.40723116
4.46883403 0.48143981
4.4034598 0.54502792
4.35885836 0.60594745
4.33212594 0.66338404
4.3195148 0.72160677
4.32043223 0.77552506
4.33328208 0.83011686
4.35799355 0.88591783
4.39825073 0.94939282
4.43724357 1
4.4578837 1
4.40185606 0.92134829
4.36811404 0.8585597
4.34919235 0.80312316
4.34192247 0.74886804
4.34635409 0.69540809
4.36449773 0.63792062
4.39962333 0.57683922
4.45482381 0.51286669
4.53814774 0.44238405
4.67368881 0.35303874
4.9211655 0.19981954
5.09308112 0.05310929
5.13650399 0.01
5.15221195 0.01
4.99948493 0.16294842
4.82215657 0.27935402
4.60290953 0.41194941
4.50471507 0.48602878
4.4413646 0.54943857
4.39847786 0.61015439
4.37317933 0.66741117
4.36186292 0.72551496
4.36384658 0.77943067
4.37764048 0.83417612
4.40315465 0.8903416
4.44408653 0.95451581
4.47869127 1
4.49966502 1
4.44435082 0.92077961
4.41100402 0.85767893
4.39229186 0.80210613
4.38510021 0.74784896
4.39045691 0.68969206
4.40954039 0.6325123
4.44546247 0.57185693
4.50118906 0.50838677
4.58456662 0.43841109
4.73297764 0.34088037
4.95558376 0.2001167
5.1249142 0.05312545
5.16791992 0.01
5.18362788 0.01
5.03316788 0.16315839
4.8514564 0.2843012
4.63696522 0.41667046
4.54145689 0.49058989
4.48015521 0.55379612
4.438991 0.61429149
4.41512241 0.6713631
4.40508615 0.72935555
4.40811218 0.78328896
4.42281417 0.83822195
4.4520345 0.9000588
4.49880217 0.97102616
4.52080366 1
4.54210583 1
4.48755839 0.92018279
4.45463814 0.85675418
4.43615272 0.80103804
4.42904586 0.74677862
4.43434005 0.68875618
4.45319374 0.63181792
4.48865724 0.57149413
4.54361053 0.50839524
4.62570972 0.43877139
4.77158757 0.34145867
4.99020008 0.2004279
5.15677698 0.0531424
5.19933584 0.01
5.2150438 0.01
5.06699806 0.16337779
4.8885616 0.28485182
4.67790116 0.4171299
4.58391712 0.49070099
4.52349638 0.55352948
4.48287288 0.6136682
4.45929737 0.67046115
4.44937964 0.72827187
4.45237022 0.78215896
4.46689637 0.83718592
4.49574977 0.8993019
4.54188452 0.9707787
4.56357017 1
4.58519525 1
4.53146851 0.91955997
4.49900675 0.85578872
4.48076577 0.79992267
4.47375046 0.74566078
4.47897714 0.68777884
4.49758305 0.63109297
4.53255359 0.57111555
4.58667927 0.5084041
4.67305574 0.43489139
4.83088735 0.32929345
5.03186533 0.19563242
5.20765562 0.03203061
5.23075177 0.01
5.24645973 0.01
5.10097442 0.16360577
4.92598899 0.28542367
4.71340172 0.42185061
4.62222117 0.49520753
4.56390541 0.55779039
4.52502862 0.61768164
4.50288278 0.67428148
4.49422233 0.73199411
4.49821212 0.78593237
4.51357891 0.84120158
4.54313893 0.90386171
4.58973405 0.97632357
4.60697961 1
4.62892175 1
4.57607019 0.91891344
4.54409954 0.85478605
4.52503327 0.7937677
4.5191429 0.73478019
4.52650359 0.67727011
4.54702192 0.62106311
4.58374773 0.56169832
4.64383902 0.49532092
4.73794186 0.41840969
5.06001858 0.20108754
5.22675559 0.0462269
5.26216769 0.01
5.27787566 0.01
5.1284423 0.16930333
4.94991293 0.29485708
4.74971046 0.42655995
4.66138014 0.49967392
4.60180188 0.56651948
4.56582774 0.62627764
4.54620233 0.68278925
4.53989196 0.74052304
4.54587109 0.79465782
4.5651558 0.85554828
4.59750342 0.9194032
4.65102014 1
4.67327319 1
4.61825884 0.91270716
4.58785162 0.84854345
4.57015613 0.7875756
4.56544258 0.72875906
4.57377701 0.6715456
4.59738944 0.61115422
4.63926701 0.54798329
4.70178707 0.48248834
4.80330933 0.40213669
5.08862933 0.2065339
5.2525442 0.05319732
5.29358362 0.01
5.30929158 0.01
5.16284907 0.16956221
4.98827788 0.29548203
4.79244307 0.42703348
4.70584761 0.49974086
4.64733262 0.56612921
4.61195124 0.62549829
4.59263217 0.68172077
4.58641764 0.73928605
4.5933896 0.79840768
4.61345682 0.85968705
4.64962341 0.92983605
4.6956793 1
4.7182368 1
4.66426435 0.91198108
4.6324627 0.84224985
4.61612207 0.78135368
4.61255604 0.72273418
4.62181928 0.66584398
4.64616055 0.60591744
4.68843902 0.54331599
4.75558796 0.4741445
4.86299675 0.39017672
5.12416775 0.20690494
5.29046778 0.04625386
5.32499955 0.01
5.34070751 0.01
5.19740431 0.16982735
5.02695911 0.29612172
4.83019118 0.43171896
4.74654222 0.50413525
4.69033739 0.570204
4.65669976 0.62930396
4.63877269 0.68534796
4.63374058 0.7428697
4.64167644 0.80215339
4.66246499 0.8638697
4.69909105 0.93487207
4.74094402 1
4.76379922 1
4.71092789 0.91123781
4.67973269 0.84111391
4.66369057 0.78007422
4.66018879 0.72150421
4.66928578 0.66482138
4.69317541 0.60524228
4.73462318 0.54307937
4.80034555 0.4743784
4.91102622 0.38662078
5.15989841 0.2072838
5.32823706 0.03920635
5.35641547 0.01
5.37212344 0.01
5.22587401 0.17554962
5.05314271 0.30557775
4.86874577 0.43637942
4.78807769 0.50847988
4.73419241 0.57421467
4.70229248 0.63304404
4.68492992 0.69364702
4.68211032 0.7512961
4.69202032 0.81097114
4.71450039 0.87344883
4.75256343 0.94581483
4.78680063 1
4.80994647 1
4.75823582 0.91048017
4.72768309 0.8399554
4.71195824 0.77876896
4.70852481 0.72024936
4.71744493 0.66377827
4.74085519 0.60455389
4.78142493 0.5428383
4.84564822 0.47461654
4.95923232 0.38309175
5.19581801 0.20766897
5.3878314 0.01
5.40353936 0.01
5.26088221 0.17584165
5.08657007 0.31063197
4.90810511 0.44101012
4.83044793 0.51277193
4.77888854 0.57816124
4.7487176 0.63672156
4.73281059 0.6971636
4.73108677 0.75483582
4.74183969 0.81477156
4.76487999 0.877813
4.80667492 0.95711917
4.83323489 1
4.85666403 1
4.80617385 0.9097111
4.77630013 0.83877877
4.76091166 0.77744288
4.75755081 0.71897442
4.76755317 0.65811766
4.79151334 0.59940886
4.83569576 0.53400601
4.90506764 0.46236368
5.03577257 0.35869039
5.23786379 0.20289145
5.41924733 0.01
5.43495529 0.01
5.29011611 0.18156564
5.11466914 0.32002841
4.94826631 0.44560656
4.86984888 0.52127716
4.82174442 0.58646217
4.79434599 0.64490466
4.78096128 0.70536884
4.78131307 0.76327897
4.79386213 0.82376121
4.8209347 0.89329108
4.86869454 0.98112876
4.88023197 1
4.90393678 1
4.85202405 0.90323058
4.82387395 0.83232388
4.80981165 0.77112762
4.80751323 0.71293086
4.81834859 0.65250638
4.8451993 0.58993927
4.89048449 0.52533982
4.96476354 0.45030768
5.14032384 0.31230013
5.30259483 0.17655031
5.45066325 0.01
5.46637122 0.01
5.32559263 0.18188098
5.15545926 0.32073498
4.98922536 0.45016453
4.91403325 0.52543355
4.86823294 0.59026075
4.84251459 0.64845375
4.83050534 0.70881041
4.83184592 0.76682459
4.8450934 0.82767673
4.87255532 0.89797586
4.92021682 0.98724003
4.92777649 1
4.95174909 1
4.90124786 0.90240657
4.87382267 0.83110369
4.85948381 0.76481777
4.85861854 0.70221271
4.87125024 0.64244093
4.89955225 0.58064043
4.94933649 0.51265733
5.02927824 0.43432465
5.30467412 0.20884689
5.48207918 0.01
5.49778714 0.01
5.3556329 0.18760508
5.18533276 0.33008833
5.03097718 0.45468017
4.95902846 0.52953155
4.91552821 0.59399982
4.89016964 0.65650389
4.88054683 0.71697514
4.88379867 0.77535706
4.90038367 0.84223067
4.93292888 0.92007526
4.97585255 1
5.00008478 1
4.95105826 0.90158019
4.92286232 0.82460311
4.90990893 0.75852243
4.91008149 0.69627466
4.92337596 0.63698998
4.95192491 0.57579771
5.0013214 0.50849546
5.08440798 0.42665842
5.33590708 0.21441107
5.51349511 0.01
5.52920307 0.01
5.39158901 0.18793914
5.22170979 0.33510007
5.07351562 0.45914999
5.00482422 0.53357082
4.96361668 0.59768241
4.94001018 0.65995209
4.93166239 0.72038511
4.93662764 0.7839891
4.95477095 0.85177208
4.98844715 0.93120403
5.02444369 1
5.04892713 1
4.9990273 0.89497182
4.97267145 0.8180956
4.96106638 0.75225075
4.9622197 0.69038747
4.97609807 0.63160925
5.00735539 0.56679759
5.06084694 0.49621551
5.15335034 0.4068429
5.37290701 0.21482143
5.54491103 0.01
5.560619 0.01
5.42247159 0.1936599
5.25362527 0.34435483
5.11683349 0.46357096
5.05140921 0.53755162
5.01248366 0.60131228
4.99060139 0.66336712
4.98348422 0.72379295
4.98930116 0.78766453
5.00788349 0.85606792
5.04443346 0.94271979
5.07353296 1
5.09825897 1
5.0500382 0.89411115
5.02452979 0.81684
5.01328873 0.750896
5.01440694 0.68916261
5.02938518 0.62630413
5.06064712 0.56215816
5.11332771 0.49226149
5.21257619 0.39520687
5.410076 0.21522849
5.57632696 0.01
5.59203492 0.01
5.45891415 0.19400716
5.2916219 0.34930803
5.16092257 0.4679405
5.09877109 0.54147491
5.06211325 0.60489383
5.04192351 0.66675648
5.03598829 0.72720835
5.04258711 0.79139073
5.06346892 0.86602324
5.10381743 0.96095454
5.12310293 1
5.1480626 1
5.10158605 0.8932586
5.0769626 0.81559556
5.06576003 0.74467128
5.06776357 0.68336264
5.08320449 0.62107941
5.1143447 0.55759998
5.1695737 0.48434998
5.28037543 0.37530036
5.45221949 0.21041064
5.60774289 0.01
5.62345085 0.01
5.49066828 0.19971939
5.32561779 0.35844034
5.20205928 0.47627573
5.14416164 0.54947124
5.11071709 0.61273848
5.09315673 0.67466225
5.0892816 0.73544949
5.09751474 0.800342
5.11960509 0.8762738
5.16359099 0.98002788
5.17313568 1
5.19831987 1
5.15154872 0.88656423
5.12760251 0.80383732
5.11870375 0.73366944
5.12317282 0.66860092
5.14258033 0.60313994
5.17891475 0.53679892
5.24390353 0.45664235
5.48950342 0.21078977
5.63915881 0.01
5.65486678 0.01
5.52296612 0.20540721
5.35634178 0.37163924
5.24438747 0.4845091
5.19068689 0.5573762
5.16037482 0.62052854
5.14534052 0.68257632
5.14373794 0.74866205
5.1556314 0.82007842
5.18279801 0.90451311
5.22361284 1
5.24901221 1
5.20419895 0.88570195
5.18121965 0.80260031
5.17267397 0.73237758
5.17696761 0.66749861
5.1955993 0.60242852
5.23308608 0.53256637
5.29979181 0.44906869
5.52254393 0.21641343
5.67057474 0.01
5.6862827 0.01
5.56024742 0.20577039
5.39712424 0.37643319
5.29112281 0.48866447
5.24061716 0.56109368
5.21105237 0.62827881
5.19843097 0.69052025
5.19875194 0.75716783
5.21200244 0.82963382
5.24223736 0.92198201
5.27451559 1
5.30012057 1
5.25545857 0.87898229
5.2343681 0.79615142
5.22706221 0.72632613
5.2320504 0.66197526
5.25077707 0.59755561
5.28750895 0.52840793
5.35550015 0.44155635
5.56033451 0.21679093
5.70199067 0.01
5.71769863 0.01
5.593453 0.21143898
5.42677119 0.39343445
5.33255639 0.50066727
5.28703885 0.57294191
5.26156902 0.6403395
5.2519146 0.7078069
5.25578323 0.77591734
5.2735315 0.85623653
5.30950392 0.95958561
5.32582471 1
5.35162553 1
5.30913952 0.87812936
5.28816412 0.78974812
5.28204301 0.71562452
5.2893729 0.64779895
5.31156878 0.5804571
5.35259441 0.50856923
5.43903652 0.40222388
5.60222249 0.21187389
5.73340659 0.01
5.74911456 0.01
5.62722442 0.21707714
5.38965026 0.49288409
5.34259988 0.56839891
5.3174356 0.63509231
5.3073293 0.70194439
5.31082776 0.77466291
5.32774839 0.85523989
5.36446966 0.96589194
5.37752055 1
5.40350726 1
5.36162279 0.87141222
5.34258152 0.78340015
5.33762058 0.70976715
5.345426 0.64254779
5.36732874 0.57589578
5.40962628 0.50078485
5.50695807 0.37840359
5.64751861 0.20146302
5.76482252 0.01
5.78053048 0.01
5.66156841 0.22268243
5.43833328 0.49689714
5.39461384 0.57199674
5.37158322 0.63849269
5.36283807 0.70541262
5.36702396 0.7785588
5.38547246 0.8657986
5.42451023 0.98605153
5.42958312 1
5.45574557 1
5.41625648 0.87058894
5.39759255 0.77711703
5.39388123 0.69937974
5.40386578 0.62890523
5.42874653 0.55946753
5.47706009 0.47765698
5.67803096 0.2125374
5.79623845 0.01
5.81194641 0.01
5.69649021 0.22825214
5.48770063 0.50085701
5.44560032 0.57959419
5.42464041 0.65052635
5.41884948 0.72306473
5.42696654 0.8035642
5.4502328 0.90089301
5.48199203 1
5.5083199 1
5.46988224 0.86390382
5.45316788 0.770908
5.45048825 0.69375028
5.460663 0.62394125
5.48660114 0.55127156
5.5386222 0.46245928
5.71611463 0.21284716
5.82765437 0.01
5.84336234 0.01
5.73199367 0.23378327
5.54007792 0.50091507
5.50058082 0.57911247
5.48088693 0.64962796
5.47544187 0.72194979
5.48307364 0.80250554
5.50662826 0.90646643
5.53472657 1
5.56120938 1
5.52411431 0.85725955
5.50881442 0.7597308
5.5081605 0.67922791
5.52097826 0.60674036
5.55191284 0.52778646
5.61790166 0.4200713
5.75735145 0.20775146
5.8590703 0.01
5.87477826 0.01
5.76498812 0.24436549
5.59056967 0.50479745
5.55309743 0.58664653
5.53622655 0.65741296
5.53284805 0.73527824
5.54322347 0.823303
5.57189892 0.94466742
5.58776569 1
5.61439281 1
5.57892639 0.85066656
5.56550123 0.75373225
5.56563986 0.67389251
5.57934873 0.59806634
5.61130879 0.51622894
5.69259992 0.38047702
5.80940774 0.18020673
5.89048623 0.01
5.90619419 0.01
5.80189785 0.24977502
5.64169353 0.50863416
5.60772648 0.59016071
5.59229582 0.66527814
5.59066874 0.74403237
5.6028008 0.83931284
5.63533406 0.9786078
5.64108806 1
5.66784871 1
5.63429068 0.84413521
5.62237504 0.74289639
5.62431894 0.6599476
5.64014167 0.58166571
5.67588698 0.49350204
5.83870507 0.19727853
5.92190215 0.01
5.93761012 0.01
5.83677893 0.26011416
5.69342945 0.51242914
5.66183111 0.59768044
5.64870115 0.67767967
5.64969049 0.76307549
5.6648085 0.86783011
5.69467205 1
5.72155533 1
5.69017787 0.83767564
5.67983306 0.73228518
5.68343392 0.64638552
5.70216155 0.56183548
5.74519075 0.45961927
5.87647031 0.19748449
5.95331808 0.01
5.96902604 0.01
5.87510584 0.26538733
5.74575617 0.51618695
5.71766334 0.60120487
5.7063794 0.68134122
5.70839124 0.77245601
5.72578999 0.89174114
5.7484958 1
5.77549068 1
5.74655712 0.83129769
5.73780694 0.72190714
5.74284773 0.63319602
5.76273258 0.54630883
5.81458687 0.42150432
5.92055809 0.18073049
5.98473401 0.01
6.00044197 0.01
5.90976344 0.28029395
5.79725158 0.52367304
5.77243329 0.6128077
5.76401684 0.69869003
5.76892778 0.79810328
5.79023645 0.93672004
5.80253718 1
5.82963252 1
5.80339608 0.82501078
5.79622527 0.71176828
5.80302628 0.61630216
5.82641227 0.51984727
5.96141468 0.1692799
6.01614993 0.01
6.03185789 0.01
5.94787322 0.29012974
5.85087175 0.5273599
5.82881985 0.62045695
5.82251134 0.71189614
5.82988136 0.82512028
5.85677387 1
5.88395843 1
5.86014506 0.81322305
5.85507003 0.69728137
5.86386914 0.59596558
5.89142545 0.48634666
5.99816698 0.16939161
6.04756586 0.01
6.06327382 0.01
5.98543491 0.30443062
5.90398538 0.53477242
5.88538488 0.63231013
5.88172863 0.73515954
5.89232983 0.86567731
5.91118335 1
5.9384458 1
5.91750442 0.80168408
5.91443243 0.67877309
5.92513617 0.57241635
5.96022742 0.43380583
6.07898178 0.01
6.09468975 0.01
6.02320653 0.32287538
5.95794623 0.54216689
5.94246412 0.64858368
5.94182985 0.76463584
5.95687936 0.92926577
5.96574292 1
5.99307186 1
5.97513504 0.78504735
5.9745223 0.65237165
5.98906734 0.53087697
6.11039771 0.01
6.12610567 0.01
6.06084778 0.34937871
6.01206182 0.55331936
6.00031653 0.66964394
6.0030068 0.80684839
6.02042975 1
6.04781371 1
6.03327252 0.76375182
6.03530616 0.61904208
6.05517087 0.46799607
6.14181364 0.01
6.1575216 0.01
6.09991691 0.3829495
6.06593068 0.57594468
6.05900808 0.70990517
6.06666798 0.88961558
6.07522087 1
6.10264833 1
6.09198845 0.73344659
6.09713644 0.56819391
6.1662818 0.0174612
6.17322956 0.01
6.18893753 0.01
6.13862667 0.44558208
6.12043225 0.62292954
6.12000604 0.79526663
6.13009321 1
6.1575526 1
6.15148895 0.6820702
6.16174447 0.45317207
6.20464549 0.01
6.22035345 0.01
6.17889329 0.63504197
6.18115829 0.88299474
6.18502362 1
6.21250335 1
6.21286538 0.49764735
6.22931478 0.01746134
6.23606142 0.01
6.25176938 0.01
6.23769287 0.73320289
6.23998889 1
6.26747734 1
6.26975792 0.59740564
6.25826005 0.02492113
6.26747734 0.01
6.28318531 0.01
6.28318531 0
6.28318531 0
