0 0
0 0
0 1
-565.48667765 0.1
-565.4475053 0.3020095
-565.38295591 0.48462502
-565.32361473 0.60404189
-565.26670427 0.68974598
-565.20896874 0.75547553
-565.15101731 0.80505366
-565.09088982 0.84295197
-565.02894869 0.87047602
-564.96296322 0.88922501
-564.89334295 0.89884061
-564.82337528 0.89884061
-564.75375501 0.88922501
-564.68776954 0.87047602
-564.62582841 0.84295197
-564.56570092 0.80505366
-564.50774949 0.75547553
-564.45001396 0.68974598
-564.3931035 0.60404189
-564.33376232 0.48462502
-564.26921293 0.3020095
-564.23004058 0.1
-564.27043549 0.30107304
-564.33511556 0.47698529
-564.39639428 0.59491698
-564.45526564 0.67887308
-564.51260789 0.74041582
-564.57000804 0.78677128
-564.63213967 0.82353129
-564.69615521 0.84977116
-564.76432274 0.86705394
-564.83616976 0.87499558
-564.9082512 0.87311497
-564.97707376 0.86195561
-565.04476069 0.8410899
-565.10812214 0.81104594
-565.16692994 0.77195311
-565.2259343 0.71900504
-565.28451147 0.64883776
-565.34413915 0.55338699
-565.4054496 0.41983427
-565.46774079 0.22178833
-565.48667765 0.1
-565.4467718 0.29446748
-565.38223661 0.46512626
-565.32133263 0.57898455
-565.26305489 0.65983674
-565.20396892 0.72134311
-565.14473756 0.76731104
-565.08327874 0.80211155
-565.01719931 0.82788344
-564.94681649 0.84445467
-564.87552399 0.85135412
-564.80405288 0.84894013
-564.73314451 0.83708635
-564.66626092 0.81626789
-564.60379137 0.78677494
-564.54335339 0.74680712
-564.48530476 0.69497869
-564.42759228 0.62650693
-564.36868877 0.53339692
-564.30598018 0.3978693
-564.2435172 0.19574243
-564.23004058 0.1
-564.26923879 0.28739009
-564.33332156 0.45253688
-564.39586251 0.56586665
-564.455842 0.6457953
-564.51414185 0.70391319
-564.5751339 0.74911548
-564.63846515 0.78298121
-564.7065732 0.80764986
-564.77616907 0.82253847
-564.84953292 0.82843123
-564.922994 0.82482756
-564.99574757 0.81152762
-565.06421677 0.78897728
-565.12800195 0.75739224
-565.18953525 0.71478023
-565.24844667 0.65961633
-565.30680012 0.58676871
-565.36825481 0.48342313
-565.43239983 0.33254661
-565.48408077 0.13508002
-565.48667765 0.1
-565.44610793 0.28694192
-565.38187939 0.4458775
-565.31950619 0.55439723
-565.25997331 0.63064636
-565.19966052 0.68820032
-565.1392859 0.73083926
-565.07374157 0.76405488
-565.00619703 0.78701967
-564.93420594 0.8011807
-564.85835912 0.80607134
-564.78251229 0.8011807
-564.7105212 0.78701967
-564.64297666 0.76405488
-564.57743233 0.73083926
-564.51705771 0.68820032
-564.45674492 0.63064636
-564.39721204 0.55439723
-564.33483884 0.4458775
-564.26871932 0.28114163
-564.23004058 0.1
-564.26990633 0.28020925
-564.33592748 0.43843306
-564.39780904 0.54210561
-564.45919341 0.61753614
-564.5187024 0.67183369
-564.58098776 0.71375753
-564.6456666 0.74484967
-564.71533379 0.76714895
-564.78958413 0.78044284
-564.86462144 0.78428437
-564.93958657 0.77889748
-565.01362491 0.76396908
-565.08296946 0.73994101
-565.14724544 0.7069825
-565.20905208 0.66293084
-565.27062901 0.60329087
-565.33119955 0.52404006
-565.39431391 0.41091286
-565.45996545 0.23867575
-565.48667765 0.1
-565.44753736 0.2736473
-565.3819638 0.42681952
-565.31825736 0.53021458
-565.25762425 0.60210851
-565.1962527 0.65598202
-565.13193476 0.69719758
-565.06509605 0.72737956
-564.99309294 0.74856985
-564.91639711 0.7605586
-564.83899325 0.76291956
-564.76182674 0.7557998
-564.68895903 0.73967923
-564.62095955 0.71493615
-564.55520779 0.67992226
-564.49218183 0.63317066
-564.42962368 0.56984757
-564.36838156 0.4856133
-564.30288684 0.36018421
-564.24054113 0.17514547
-564.23004058 0.1
-564.27048046 0.27300204
-564.3359453 0.41997225
-564.39917345 0.51871494
-564.4618126 0.58989197
-564.52531635 0.64274058
-564.58884323 0.68114412
-564.6579844 0.71040397
-564.7324734 0.7304585
-564.80843807 0.74085238
-564.88832814 0.74206426
-564.96782706 0.73351027
-565.0427077 0.71563513
-565.1123752 0.68872682
-565.17651963 0.65288903
-565.23791855 0.60569139
-565.29891052 0.54224375
-565.36113192 0.45419202
-565.42705639 0.32265806
-565.4826505 0.14171236
-565.48667765 0.1
-565.44720313 0.26610117
-565.38009707 0.4123163
-565.31501363 0.50981766
-565.25330713 0.57686145
-565.19094351 0.6267131
-565.12557724 0.66458985
-565.05766339 0.69205021
-564.98439117 0.71101263
-564.90627117 0.72120904
-564.824123 0.72203281
-564.74582671 0.71346848
-564.67223526 0.69620947
-564.60069887 0.66911767
-564.53493849 0.63281792
-564.47212159 0.58478244
-564.40988646 0.51993352
-564.34664319 0.42957994
-564.28024141 0.29409085
-564.23125705 0.12100635
-564.23004058 0.1
-564.27067156 0.26505375
-564.33735291 0.40492545
-564.40160919 0.49783488
-564.46512006 0.56424448
-564.52941096 0.61321842
-564.59686372 0.65004263
-564.66697251 0.67634066
-564.74259217 0.69400523
-564.82313055 0.70275523
-564.90414277 0.70215084
-564.98453998 0.69215025
-565.05990162 0.67317534
-565.12966624 0.64546103
-565.19669572 0.60700758
-565.2604996 0.55614866
-565.32344123 0.48745217
-565.38950658 0.38713506
-565.45657282 0.23609832
-565.48667765 0.1
-565.44676677 0.25914181
-565.37791043 0.3988799
-565.31126229 0.49080991
-565.24834041 0.5532417
-565.18159993 0.60124909
-565.11491464 0.63541006
-565.0421661 0.6607892
-564.96370803 0.67729226
-564.8802356 0.68462309
-564.79644742 0.68233395
-564.71711828 0.67099298
-564.64307259 0.65113543
-564.57144822 0.62132853
-564.50607576 0.58230487
-564.44091875 0.52837864
-564.37696166 0.45536095
-564.31040582 0.34845857
-564.24542155 0.18710043
-564.23004058 0.1
-564.26894024 0.25270322
-564.33697197 0.3876828
-564.40252883 0.476183
-564.46721301 0.53882028
-564.5326169 0.58463788
-564.60127667 0.61884696
-564.67627923 0.64399667
-564.75722202 0.66003518
-564.84332388 0.6666786
-564.9296567 0.66347879
-565.01123574 0.65098167
-565.08718333 0.62964463
-565.1570004 0.59961925
-565.22376442 0.55865363
-565.29005908 0.50194392
-565.35480244 0.4249941
-565.42398919 0.30694649
-565.48078766 0.14798532
-565.48667765 0.1
-565.446771 0.25140049
-565.37956848 0.38001241
-565.31225298 0.46740307
-565.24569602 0.52877232
-565.17831716 0.57325472
-565.10754315 0.60607486
-565.03023618 0.62975518
-564.94687657 0.64425453
-564.86221814 0.64923921
-564.77750242 0.64509015
-564.69397542 0.63148961
-564.61641721 0.60878089
-564.5453346 0.57703218
-564.4775927 0.53379817
-564.4106051 0.47396026
-564.34274815 0.38853458
-564.27466177 0.26253448
-564.23021295 0.10699419
-564.23004058 0.1
-564.26891645 0.24526012
-564.33807683 0.37366537
-564.40453327 0.45682868
-564.46991045 0.51517827
-564.5394538 0.55949763
-564.61261718 0.59184042
-564.68873099 0.61392511
-564.77092816 0.62750535
-564.85835912 0.63219818
-564.94579007 0.62750535
-565.02798724 0.61392511
-565.10410105 0.59184042
-565.17726443 0.55949763
-565.24680778 0.51517827
-565.31218496 0.45682868
-565.3786414 0.37366537
-565.44780178 0.24526012
-565.48667765 0.1
-565.44671222 0.24419496
-565.37838373 0.36647875
-565.31003268 0.44865561
-565.24264507 0.50582616
-565.17455575 0.54696453
-565.10302493 0.57714271
-565.02470606 0.59875919
-564.94010331 0.61171376
-564.85016588 0.61562007
-564.7603659 0.60996263
-564.67614002 0.59519834
-564.59837739 0.57161879
-564.52752318 0.53927228
-564.46022699 0.49560088
-564.39378356 0.43530984
-564.32375615 0.34463717
-564.25587653 0.20969592
-564.23004058 0.1
-564.2689565 0.23833725
-564.33940663 0.36060788
-564.40688168 0.43873253
-564.47664246 0.49548942
-564.54726704 0.53587345
-564.6215395 0.56506391
-564.70287459 0.58547478
-564.79065901 0.59701898
-564.88378147 0.59925259
-564.97226852 0.5921626
-565.05485806 0.57649511
-565.13077346 0.55252068
-565.20339776 0.51825228
-565.27208547 0.47190105
-565.33953031 0.40775516
-565.40990138 0.31103316
-565.47286815 0.17304392
-565.48667765 0.1
-565.44657611 0.23750831
-565.37695456 0.35388593
-565.30742689 0.43113972
-565.23910173 0.48432689
-565.16628166 0.52407856
-565.08961248 0.55245437
-565.00562441 0.5718875
-564.91503274 0.58230624
-564.82345879 0.58339403
-564.73249151 0.57525046
-564.64782616 0.55825277
-564.57026882 0.53257258
-564.49636831 0.49600063
-564.42680272 0.44656643
-564.35892844 0.37812433
-564.28906015 0.2748438
-564.23388852 0.13407542
-564.23004058 0.1
-564.26875217 0.23124145
-564.34016454 0.34739018
-564.41187513 0.4238043
-564.48251369 0.47589607
-564.55382497 0.51264353
-564.63304373 0.54019968
-564.71984951 0.55863943
-564.81340836 0.56790344
-564.90779763 0.56768095
-565.00127414 0.55795021
-565.0879318 0.53900733
-565.16695692 0.51089006
-565.23804651 0.47351446
-565.30841694 0.42063955
-565.3797814 0.34319925
-565.45059053 0.22565436
-565.48667765 0.1
-565.4466886 0.23063588
-565.37610427 0.341116
-565.30576264 0.41360567
-565.23690174 0.46304296
-565.16346543 0.49984303
-565.08612841 0.5259693
-565.00117763 0.54373525
-564.90935538 0.55300807
-564.81199156 0.553236
-564.72008509 0.54441882
-564.63498496 0.52714197
-564.5574538 0.50155794
-564.48378201 0.46539942
-564.41465062 0.41672082
-564.34395939 0.34522809
-564.27278205 0.23611118
-564.23024803 0.10692953
-564.23004058 0.1
-564.27104419 0.22941936
-564.34021582 0.33397789
-564.41234833 0.40562781
-564.48313194 0.45408896
-564.5587214 0.48980375
-564.63837367 0.51480693
-564.72584795 0.53138901
-564.82028309 0.53941449
-564.92018115 0.53825905
-565.01416079 0.52791739
-565.10082883 0.50883334
-565.17943573 0.48103792
-565.2537595 0.44200116
-565.32677794 0.38624429
-565.39987211 0.30385283
-565.46657582 0.18377528
-565.48667765 0.1
-565.44709973 0.22355064
-565.37597551 0.32813161
-565.30527717 0.39601785
-565.23217433 0.44425496
-565.15840249 0.4777523
-565.0760723 0.50252293
-564.98556639 0.51861945
-564.88787384 0.52593456
-564.78469054 0.52379611
-564.68790295 0.51217869
-564.60357678 0.49275366
-564.52307014 0.46331984
-564.45137449 0.42457436
-564.38080162 0.36973297
-564.30997558 0.28898767
-564.2438372 0.16543643
-564.23004058 0.1
-564.27070745 0.22254406
-564.34399539 0.32544459
-564.41700347 0.39159147
-564.48824871 0.43586045
-564.56431729 0.4683336
-564.64925872 0.49196822
-564.7425982 0.5068552
-564.84318936 0.51287381
-564.94410521 0.5096516
-565.03832396 0.49770686
-565.12454122 0.47734522
-565.20213573 0.44856347
-565.27516409 0.40869513
-565.34671125 0.35205699
-565.41784604 0.26837652
-565.4787778 0.14631447
-565.48667765 0.1
-565.44748006 0.21691858
-565.37572717 0.315979
-565.30462501 0.379522
-565.231218 0.42439664
-565.15259181 0.45699164
-565.06960644 0.4793581
-564.9730038 0.49424329
-564.86882964 0.49996731
-564.76441478 0.49616705
-564.66716181 0.48332109
-564.57848126 0.46162941
-564.49901885 0.43097781
-564.42463337 0.38843472
-564.35231594 0.3278396
-564.2784958 0.23289552
-564.23091723 0.11365027
-564.23004058 0.1
-564.27041251 0.21611865
-564.34065457 0.30966463
-564.41380056 0.37258671
-564.48952462 0.41658794
-564.57075644 0.44815539
-564.65653886 0.46942887
-564.7563405 0.48306768
-564.86374834 0.48742903
-564.97102464 0.48208672
-565.06533146 0.4684299
-565.15087635 0.44660236
-565.23180898 0.41436672
-565.30718185 0.3695593
-565.37988647 0.30561337
-565.45240633 0.20522153
-565.48667765 0.1
-565.44822406 0.21003164
-565.37639311 0.30354546
-565.30108072 0.36587739
-565.22289068 0.4090107
-565.14396779 0.43805529
-565.05545705 0.45878172
-564.95794273 0.47124315
-564.84725562 0.47519591
-564.74232554 0.46977926
-564.64534549 0.45580086
-564.55759819 0.43336806
-564.47957895 0.40238493
-564.40251613 0.35676465
-564.32863483 0.29125695
-564.25933348 0.19350549
-564.23004058 0.1
-564.26973119 0.2093361
-564.34405626 0.30140306
-564.41759993 0.35917644
-564.49348557 0.39930315
-564.57487801 0.42799036
-564.66629232 0.44814965
-564.76703673 0.45988809
-564.8755313 0.46299723
-564.98359688 0.45697487
-565.08318901 0.44212542
-565.17294955 0.41843868
-565.25238296 0.38571465
-565.3303563 0.33743979
-565.40428809 0.26796647
-565.4705923 0.1640917
-565.48667765 0.1
-565.44566809 0.20860079
-565.37289148 0.29528816
-565.29702119 0.35243921
-565.21849985 0.39168347
-565.13414509 0.41933502
-565.0393618 0.43832883
-564.93500569 0.44880892
-564.82292526 0.45051517
-564.71178869 0.44284135
-564.61549295 0.42715417
-564.52922238 0.40329032
-564.44839598 0.36866322
-564.37403278 0.32094595
-564.29976887 0.24832413
-564.23717177 0.13932888
-564.23004058 0.1
-564.26900882 0.20256797
-564.34359295 0.28916905
-564.42194282 0.34566265
-564.50328805 0.38398139
-564.5908205 0.41055586
-564.68920875 0.42834749
-564.79740092 0.43753377
-564.91323537 0.43778253
-565.02158579 0.42910266
-565.12024844 0.41187916
-565.20812895 0.38596141
-565.28989359 0.34844905
-565.36877741 0.29300153
-565.44425883 0.20782224
-565.48640589 0.10675944
-565.48667765 0.1
-565.4463271 0.20180832
-565.3733631 0.28304532
-565.29739198 0.33605348
-565.21891952 0.37222499
-565.13453106 0.39766543
-565.03926538 0.41516063
-564.92768034 0.42508923
-564.80790263 0.42585178
-564.69579158 0.41748411
-564.59382826 0.40035623
-564.50873123 0.3761905
-564.42941081 0.34157608
-564.35236078 0.29058609
-564.27761654 0.21210092
-564.23109449 0.11337492
-564.23004058 0.1
-564.26823942 0.19579611
-564.34311361 0.27691653
-564.42173302 0.32924297
-564.50322308 0.36447671
-564.59101362 0.38883675
-564.69015761 0.40513157
-564.80611986 0.41369818
-564.93012521 0.4129189
-565.04550257 0.40274727
-565.1437092 0.38472973
-565.2303342 0.35837308
-565.31042581 0.32068204
-565.38723677 0.26515346
-565.4588556 0.17965153
-565.48667765 0.1
-565.44702584 0.19500872
-565.37384937 0.27078217
-565.29776785 0.31964855
-565.21351525 0.35471745
-565.12245444 0.37861316
-565.01944805 0.39423648
-564.89899098 0.40193375
-564.77724073 0.4004248
-564.664547 0.39032095
-564.56323663 0.37174401
-564.47429815 0.34439114
-564.39260494 0.30503249
-564.31515831 0.24672293
-564.24613918 0.15650352
-564.23004058 0.1
-564.27125971 0.19416853
-564.34756982 0.26835289
-564.42713818 0.31547432
-564.50928586 0.34684181
-564.60430512 0.36956883
-564.71180985 0.38391439
-564.83726142 0.39017063
-564.96344011 0.38707656
-565.07939776 0.37504438
-565.17649323 0.35554952
-565.2610447 0.32794365
-565.34370215 0.28579343
-565.42064702 0.22315229
-565.48047926 0.13221836
-565.48667765 0.1
-565.44776731 0.18820043
-565.37434598 0.2584943
-565.29235837 0.3058954
-565.20719323 0.33704481
-565.10833716 0.35923395
-564.996307 0.37283595
-564.86567041 0.37814835
-564.73476044 0.37391539
-564.62206309 0.36145347
-564.52228619 0.3406154
-564.43605304 0.31105445
-564.35267539 0.26576739
-564.27705712 0.19824451
-564.23036533 0.10662512
-564.23004058 0.1
-564.27061363 0.18732204
-564.34743764 0.25597668
-564.42742445 0.2989328
-564.51641939 0.32902003
-564.61281086 0.34885723
-564.72974956 0.36168092
-564.8659706 0.36601278
-564.9944338 0.36114407
-565.11100241 0.34773149
-565.20691968 0.32723946
-565.29532639 0.29632472
-565.37459606 0.25233936
-565.45017702 0.18223782
-565.48667765 0.1
-565.44855449 0.18138138
-565.37484567 0.24617594
-565.29225016 0.2893681
-565.20660605 0.31742482
-565.10649209 0.33735588
-564.98460368 0.34996019
-564.85042216 0.35387721
-564.71655567 0.34889279
-564.60284279 0.33623458
-564.50325423 0.31562199
-564.41821445 0.28676328
-564.33641675 0.24249516
-564.26402789 0.17628131
-564.23004058 0.1
-564.26993633 0.18045819
-564.3473668 0.24355474
-564.42784154 0.28234369
-564.51767612 0.30931341
-564.62292819 0.32796173
-564.75103571 0.33911797
-564.89151036 0.34151011
-565.03054457 0.33472873
-565.14739034 0.31982232
-565.2415556 0.29816807
-565.3272981 0.26607272
-565.40797681 0.21680448
-565.47364954 0.14307497
-565.48667765 0.1
-565.4493902 0.17454884
-565.3753364 0.23381939
-565.29202959 0.2727934
-565.19829538 0.29943931
-565.08798112 0.31743337
-564.95349028 0.32769752
-564.80634563 0.32905345
-564.67000212 0.32168754
-564.55682797 0.30699193
-564.45961998 0.28434366
-564.37204008 0.25045718
-564.29140377 0.19801797
-564.23519891 0.12514065
-564.23004058 0.1
-564.26922895 0.17357236
-564.34738859 0.23107512
-564.43566405 0.26805931
-564.53522574 0.29264667
-564.65240675 0.30855632
-564.79474757 0.31669587
-564.94908902 0.31586493
-565.08157107 0.30684388
-565.18949937 0.29112642
-565.28105418 0.26805931
-565.36932964 0.23107512
-565.44748928 0.17357236
-565.48667765 0.1
-565.44538565 0.1725094
-565.36927003 0.22480873
-565.28410407 0.25850742
-565.18813693 0.28117217
-565.07446451 0.2961868
-564.92521677 0.30454465
-564.76301631 0.30369583
-564.62421854 0.29441759
-564.51192755 0.27804835
-564.41760837 0.2537314
-564.33448895 0.21792125
-564.26173457 0.16276717
-564.23004058 0.1
-564.26849483 0.16665812
-564.34755057 0.21852125
-564.43727635 0.25122031
-564.53899495 0.2726149
-564.65977855 0.28621051
-564.81805377 0.29294873
-564.9885796 0.29033796
-565.12315078 0.27995466
-565.22992301 0.26314648
-565.32597536 0.23647454
-565.40850116 0.19695281
-565.47445396 0.13580414
-565.48667765 0.1
-565.4459267 0.16551567
-565.36901233 0.21220949
-565.28265583 0.24167352
-565.17546499 0.26255177
-565.04747967 0.27532948
-564.87966565 0.28101294
-564.71045337 0.27766344
-564.56983055 0.26629276
-564.45970176 0.24787425
-564.36997267 0.22138289
-564.28787174 0.1788068
-564.23380572 0.11834453
-564.23004058 0.1
-564.26774112 0.1597063
-564.34792713 0.20586961
-564.43944627 0.234258
-564.54382511 0.25245097
-564.67990393 0.26435273
-564.85835912 0.26894551
-565.0368143 0.26435273
-565.17289312 0.25245097
-565.27727196 0.234258
-565.3687911 0.20586961
-565.44897711 0.1597063
-565.48667765 0.1
-565.44644055 0.15846435
-565.36848737 0.19949691
-565.28063672 0.2247101
-565.16994343 0.24230667
-565.02470744 0.25327006
-564.83433652 0.25674074
-564.65740803 0.25149605
-564.52569709 0.2397633
-564.41744607 0.22045447
-564.32472627 0.18982787
-564.25388497 0.14439917
-564.23004058 0.1
-564.26698186 0.1527033
-564.34863861 0.19308558
-564.44243815 0.21712996
-564.56160759 0.23321241
-564.7183587 0.24249836
-564.92239487 0.24423566
-565.09648542 0.23781312
-565.22195696 0.22558558
-565.32312805 0.20641495
-565.40855001 0.17676876
-565.47529504 0.12845616
-565.48667765 0.1
-565.44689243 0.15133336
-565.36753959 0.18662838
-565.26690517 0.20937685
-565.1378911 0.22383127
-564.954298 0.23167217
-564.73530843 0.23109179
-564.56643349 0.2228765
-564.44981306 0.20937685
-564.34917864 0.18662838
-564.2698258 0.15133336
-564.23004058 0.1
-564.26624379 0.1456281
-564.34024933 0.17732647
-564.43511361 0.19802616
-564.5588447 0.21153405
-564.74043399 0.21927334
-564.97628424 0.21927334
-565.15787353 0.21153405
-565.28160462 0.19802616
-565.3764689 0.17732647
-565.45047444 0.1456281
-565.48667765 0.1
-565.44722026 0.14408771
-565.36589862 0.17353699
-565.26085533 0.19175093
-565.12331003 0.20271989
-564.90651546 0.2081174
-564.65319995 0.20519065
-564.4950804 0.19589495
-564.38355816 0.18069025
-564.29337975 0.15536324
-564.23575067 0.11652534
-564.23004058 0.1
-564.26557866 0.13844634
-564.34085021 0.16437475
-564.43934685 0.18059853
-564.58693833 0.19133893
-564.82332201 0.19606995
-565.09765031 0.19258731
-565.24981637 0.18346267
-565.35314346 0.16923046
-565.43501093 0.14599352
-565.48374779 0.11093124
-565.48667765 0.1
-565.44730726 0.13666845
-565.36306202 0.16011136
-565.25177639 0.17368581
-565.08433644 0.18159974
-564.76241195 0.18362523
-564.52865193 0.17778881
-564.39263209 0.16617877
-564.29721314 0.14683063
-564.23692756 0.11550472
-564.23004058 0.1
-564.19086824 0.3020095
-564.12631885 0.48462502
-564.06697767 0.60404189
-564.01006721 0.68974598
-563.95233168 0.75547553
-563.89438025 0.80505366
-563.83425276 0.84295197
-563.77231163 0.87047602
-563.70632616 0.88922501
-563.63670589 0.89884061
-563.56673822 0.89884061
-563.49711795 0.88922501
-563.43113248 0.87047602
-563.36919135 0.84295197
-563.30906386 0.80505366
-563.25111243 0.75547553
-563.19337689 0.68974598
-563.13646644 0.60404189
-563.07712526 0.48462502
-563.01257587 0.3020095
-562.97340352 0.1
-563.01379843 0.30107304
-563.07847849 0.47698529
-563.13975722 0.59491698
-563.19862858 0.67887308
-563.25597083 0.74041582
-563.31337098 0.78677128
-563.37550261 0.82353129
-563.43951815 0.84977116
-563.50768568 0.86705394
-563.5795327 0.87499558
-563.65161414 0.87311497
-563.7204367 0.86195561
-563.78812363 0.8410899
-563.85148507 0.81104594
-563.91029287 0.77195311
-563.96929724 0.71900504
-564.02787441 0.64883776
-564.08750208 0.55338699
-564.14881254 0.41983427
-564.21110373 0.22178833
-564.23004058 0.1
-564.19013474 0.29446748
-564.12559954 0.46512626
-564.06469557 0.57898455
-564.00641783 0.65983674
-563.94733186 0.72134311
-563.8881005 0.76731104
-563.82664168 0.80211155
-563.76056225 0.82788344
-563.69017943 0.84445467
-563.61888692 0.85135412
-563.54741582 0.84894013
-563.47650744 0.83708635
-563.40962386 0.81626789
-563.34715431 0.78677494
-563.28671633 0.74680712
-563.2286677 0.69497869
-563.17095522 0.62650693
-563.11205171 0.53339692
-563.04934312 0.3978693
-562.98688014 0.19574243
-562.97340352 0.1
-563.01260173 0.28739009
-563.0766845 0.45253688
-563.13922544 0.56586665
-563.19920494 0.6457953
-563.25750479 0.70391319
-563.31849684 0.74911548
-563.38182809 0.78298121
-563.44993614 0.80764986
-563.519532 0.82253847
-563.59289586 0.82843123
-563.66635694 0.82482756
-563.7391105 0.81152762
-563.80757971 0.78897728
-563.87136489 0.75739224
-563.93289819 0.71478023
-563.99180961 0.65961633
-564.05016306 0.58676871
-564.11161774 0.48342313
-564.17576277 0.33254661
-564.22744371 0.13508002
-564.23004058 0.1
-564.18947087 0.28694192
-564.12524233 0.4458775
-564.06286913 0.55439723
-564.00333625 0.63064636
-563.94302346 0.68820032
-563.88264884 0.73083926
-563.81710451 0.76405488
-563.74955997 0.78701967
-563.67756888 0.8011807
-563.60172205 0.80607134
-563.52587522 0.8011807
-563.45388414 0.78701967
-563.3863396 0.76405488
-563.32079527 0.73083926
-563.26042065 0.68820032
-563.20010786 0.63064636
-563.14057498 0.55439723
-563.07820178 0.4458775
-563.01208226 0.28114163
-562.97340352 0.1
-563.01326926 0.28020925
-563.07929041 0.43843306
-563.14117198 0.54210561
-563.20255635 0.61753614
-563.26206534 0.67183369
-563.3243507 0.71375753
-563.38902954 0.74484967
-563.45869673 0.76714895
-563.53294707 0.78044284
-563.60798438 0.78428437
-563.68294951 0.77889748
-563.75698784 0.76396908
-563.82633239 0.73994101
-563.89060838 0.7069825
-563.95241502 0.66293084
-564.01399195 0.60329087
-564.07456249 0.52404006
-564.13767685 0.41091286
-564.20332839 0.23867575
-564.23004058 0.1
-564.1909003 0.2736473
-564.12532674 0.42681952
-564.06162029 0.53021458
-564.00098719 0.60210851
-563.93961564 0.65598202
-563.8752977 0.69719758
-563.80845899 0.72737956
-563.73645587 0.74856985
-563.65976005 0.7605586
-563.58235619 0.76291956
-563.50518968 0.7557998
-563.43232197 0.73967923
-563.36432249 0.71493615
-563.29857073 0.67992226
-563.23554477 0.63317066
-563.17298662 0.56984757
-563.1117445 0.4856133
-563.04624978 0.36018421
-562.98390407 0.17514547
-562.97340352 0.1
-563.0138434 0.27300204
-563.07930824 0.41997225
-563.14253639 0.51871494
-563.20517554 0.58989197
-563.26867929 0.64274058
-563.33220617 0.68114412
-563.40134734 0.71040397
-563.47583634 0.7304585
-563.551801 0.74085238
-563.63169108 0.74206426
-563.71118999 0.73351027
-563.78607064 0.71563513
-563.85573813 0.68872682
-563.91988257 0.65288903
-563.98128149 0.60569139
-564.04227346 0.54224375
-564.10449486 0.45419202
-564.17041933 0.32265806
-564.22601344 0.14171236
-564.23004058 0.1
-564.19056607 0.26610117
-564.12346 0.4123163
-564.05837657 0.50981766
-563.99667007 0.57686145
-563.93430644 0.6267131
-563.86894017 0.66458985
-563.80102633 0.69205021
-563.72775411 0.71101263
-563.64963411 0.72120904
-563.56748594 0.72203281
-563.48918965 0.71346848
-563.4155982 0.69620947
-563.3440618 0.66911767
-563.27830143 0.63281792
-563.21548453 0.58478244
-563.1532494 0.51993352
-563.09000612 0.42957994
-563.02360435 0.29409085
-562.97461999 0.12100635
-562.97340352 0.1
-563.01403449 0.26505375
-563.08071585 0.40492545
-563.14497213 0.49783488
-563.208483 0.56424448
-563.2727739 0.61321842
-563.34022666 0.65004263
-563.41033545 0.67634066
-563.48595511 0.69400523
-563.56649349 0.70275523
-563.6475057 0.70215084
-563.72790292 0.69215025
-563.80326456 0.67317534
-563.87302918 0.64546103
-563.94005866 0.60700758
-564.00386254 0.55614866
-564.06680417 0.48745217
-564.13286951 0.38713506
-564.19993576 0.23609832
-564.23004058 0.1
-564.19012971 0.25914181
-564.12127337 0.3988799
-564.05462523 0.49080991
-563.99170335 0.5532417
-563.92496287 0.60124909
-563.85827758 0.63541006
-563.78552903 0.6607892
-563.70707097 0.67729226
-563.62359854 0.68462309
-563.53981036 0.68233395
-563.46048122 0.67099298
-563.38643553 0.65113543
-563.31481116 0.62132853
-563.2494387 0.58230487
-563.18428168 0.52837864
-563.1203246 0.45536095
-563.05376876 0.34845857
-562.98878449 0.18710043
-562.97340352 0.1
-563.01230318 0.25270322
-563.08033491 0.3876828
-563.14589176 0.476183
-563.21057595 0.53882028
-563.27597984 0.58463788
-563.34463961 0.61884696
-563.41964216 0.64399667
-563.50058496 0.66003518
-563.58668682 0.6666786
-563.67301964 0.66347879
-563.75459868 0.65098167
-563.83054627 0.62964463
-563.90036334 0.59961925
-563.96712736 0.55865363
-564.03342202 0.50194392
-564.09816538 0.4249941
-564.16735213 0.30694649
-564.2241506 0.14798532
-564.23004058 0.1
-564.19013394 0.25140049
-564.12293142 0.38001241
-564.05561592 0.46740307
-563.98905896 0.52877232
-563.9216801 0.57325472
-563.85090609 0.60607486
-563.77359912 0.62975518
-563.69023951 0.64425453
-563.60558108 0.64923921
-563.52086536 0.64509015
-563.43733836 0.63148961
-563.35978015 0.60878089
-563.28869754 0.57703218
-563.22095564 0.53379817
-563.15396804 0.47396026
-563.08611109 0.38853458
-563.01802471 0.26253448
-562.97357589 0.10699419
-562.97340352 0.1
-563.01227939 0.24526012
-563.08143977 0.37366537
-563.14789621 0.45682868
-563.21327339 0.51517827
-563.28281674 0.55949763
-563.35598012 0.59184042
-563.43209393 0.61392511
-563.5142911 0.62750535
-563.60172205 0.63219818
-563.68915301 0.62750535
-563.77135018 0.61392511
-563.84746399 0.59184042
-563.92062737 0.55949763
-563.99017072 0.51517827
-564.0555479 0.45682868
-564.12200434 0.37366537
-564.19116472 0.24526012
-564.23004058 0.1
-564.19007516 0.24419496
-564.12174666 0.36647875
-564.05339562 0.44865561
-563.98600801 0.50582616
-563.91791869 0.54696453
-563.84638787 0.57714271
-563.768069 0.59875919
-563.68346625 0.61171376
-563.59352882 0.61562007
-563.50372884 0.60996263
-563.41950296 0.59519834
-563.34174033 0.57161879
-563.27088612 0.53927228
-563.20358993 0.49560088
-563.13714649 0.43530984
-563.06711909 0.34463717
-562.99923947 0.20969592
-562.97340352 0.1
-563.01231944 0.23833725
-563.08276957 0.36060788
-563.15024462 0.43873253
-563.2200054 0.49548942
-563.29062998 0.53587345
-563.36490244 0.56506391
-563.44623753 0.58547478
-563.53402195 0.59701898
-563.62714441 0.59925259
-563.71563145 0.5921626
-563.798221 0.57649511
-563.87413639 0.55252068
-563.94676069 0.51825228
-564.01544841 0.47190105
-564.08289325 0.40775516
-564.15326432 0.31103316
-564.21623108 0.17304392
-564.23004058 0.1
-564.18993905 0.23750831
-564.1203175 0.35388593
-564.05078983 0.43113972
-563.98246466 0.48432689
-563.9096446 0.52407856
-563.83297542 0.55245437
-563.74898735 0.5718875
-563.65839567 0.58230624
-563.56682172 0.58339403
-563.47585445 0.57525046
-563.3911891 0.55825277
-563.31363176 0.53257258
-563.23973125 0.49600063
-563.17016565 0.44656643
-563.10229138 0.37812433
-563.03242309 0.2748438
-562.97725146 0.13407542
-562.97340352 0.1
-563.01211511 0.23124145
-563.08352748 0.34739018
-563.15523807 0.4238043
-563.22587663 0.47589607
-563.29718791 0.51264353
-563.37640667 0.54019968
-563.46321245 0.55863943
-563.5567713 0.56790344
-563.65116057 0.56768095
-563.74463707 0.55795021
-563.83129473 0.53900733
-563.91031986 0.51089006
-563.98140945 0.47351446
-564.05177988 0.42063955
-564.12314434 0.34319925
-564.19395347 0.22565436
-564.23004058 0.1
-564.19005154 0.23063588
-564.1194672 0.341116
-564.04912558 0.41360567
-563.98026468 0.46304296
-563.90682837 0.49984303
-563.82949135 0.5259693
-563.74454057 0.54373525
-563.65271832 0.55300807
-563.55535449 0.553236
-563.46344803 0.54441882
-563.3783479 0.52714197
-563.30081674 0.50155794
-563.22714494 0.46539942
-563.15801356 0.41672082
-563.08732233 0.34522809
-563.01614499 0.23611118
-562.97361097 0.10692953
-562.97340352 0.1
-563.01440713 0.22941936
-563.08357876 0.33397789
-563.15571126 0.40562781
-563.22649488 0.45408896
-563.30208434 0.48980375
-563.3817366 0.51480693
-563.46921089 0.53138901
-563.56364603 0.53941449
-563.66354409 0.53825905
-563.75752373 0.52791739
-563.84419177 0.50883334
-563.92279867 0.48103792
-563.99712244 0.44200116
-564.07014088 0.38624429
-564.14323505 0.30385283
-564.20993876 0.18377528
-564.23004058 0.1
-564.19046267 0.22355064
-564.11933844 0.32813161
-564.04864011 0.39601785
-563.97553727 0.44425496
-563.90176543 0.4777523
-563.81943524 0.50252293
-563.72892933 0.51861945
-563.63123678 0.52593456
-563.52805348 0.52379611
-563.43126589 0.51217869
-563.34693972 0.49275366
-563.26643307 0.46331984
-563.19473743 0.42457436
-563.12416456 0.36973297
-563.05333852 0.28898767
-562.98720014 0.16543643
-562.97340352 0.1
-563.01407038 0.22254406
-563.08735833 0.32544459
-563.16036641 0.39159147
-563.23161165 0.43586045
-563.30768023 0.4683336
-563.39262166 0.49196822
-563.48596114 0.5068552
-563.5865523 0.51287381
-563.68746815 0.5096516
-563.7816869 0.49770686
-563.86790416 0.47734522
-563.94549867 0.44856347
-564.01852703 0.40869513
-564.09007419 0.35205699
-564.16120898 0.26837652
-564.22214073 0.14631447
-564.23004058 0.1
-564.190843 0.21691858
-564.11909011 0.315979
-564.04798795 0.379522
-563.97458093 0.42439664
-563.89595475 0.45699164
-563.81296938 0.4793581
-563.71636674 0.49424329
-563.61219257 0.49996731
-563.50777771 0.49616705
-563.41052475 0.48332109
-563.3218442 0.46162941
-563.24238179 0.43097781
-563.16799631 0.38843472
-563.09567888 0.3278396
-563.02185874 0.23289552
-562.97428017 0.11365027
-562.97340352 0.1
-563.01377545 0.21611865
-563.0840175 0.30966463
-563.1571635 0.37258671
-563.23288756 0.41658794
-563.31411938 0.44815539
-563.39990179 0.46942887
-563.49970344 0.48306768
-563.60711128 0.48742903
-563.71438758 0.48208672
-563.8086944 0.4684299
-563.89423929 0.44660236
-563.97517192 0.41436672
-564.05054479 0.3695593
-564.12324941 0.30561337
-564.19576927 0.20522153
-564.23004058 0.1
-564.191587 0.21003164
-564.11975605 0.30354546
-564.04444366 0.36587739
-563.96625362 0.4090107
-563.88733073 0.43805529
-563.79881999 0.45878172
-563.70130567 0.47124315
-563.59061856 0.47519591
-563.48568848 0.46977926
-563.38870843 0.45580086
-563.30096113 0.43336806
-563.22294189 0.40238493
-563.14587907 0.35676465
-563.07199777 0.29125695
-563.00269642 0.19350549
-562.97340352 0.1
-563.01309413 0.2093361
-563.0874192 0.30140306
-563.16096287 0.35917644
-563.23684851 0.39930315
-563.31824095 0.42799036
-563.40965525 0.44814965
-563.51039967 0.45988809
-563.61889424 0.46299723
-563.72695982 0.45697487
-563.82655194 0.44212542
-563.91631249 0.41843868
-563.9957459 0.38571465
-564.07371924 0.33743979
-564.14765103 0.26796647
-564.21395524 0.1640917
-564.23004058 0.1
-564.18903103 0.20860079
-564.11625442 0.29528816
-564.04038413 0.35243921
-563.96186279 0.39168347
-563.87750803 0.41933502
-563.78272474 0.43832883
-563.67836862 0.44880892
-563.5662882 0.45051517
-563.45515163 0.44284135
-563.35885589 0.42715417
-563.27258532 0.40329032
-563.19175892 0.36866322
-563.11739572 0.32094595
-563.0431318 0.24832413
-562.98053471 0.13932888
-562.97340352 0.1
-563.01237176 0.20256797
-563.08695589 0.28916905
-563.16530576 0.34566265
-563.24665099 0.38398139
-563.33418344 0.41055586
-563.43257169 0.42834749
-563.54076386 0.43753377
-563.65659831 0.43778253
-563.76494873 0.42910266
-563.86361138 0.41187916
-563.95149189 0.38596141
-564.03325653 0.34844905
-564.11214035 0.29300153
-564.18762177 0.20782224
-564.22976883 0.10675944
-564.23004058 0.1
-564.18969004 0.20180832
-564.11672604 0.28304532
-564.04075492 0.33605348
-563.96228245 0.37222499
-563.877894 0.39766543
-563.78262832 0.41516063
-563.67104328 0.42508923
-563.55126556 0.42585178
-563.43915452 0.41748411
-563.33719119 0.40035623
-563.25209416 0.3761905
-563.17277375 0.34157608
-563.09572372 0.29058609
-563.02097948 0.21210092
-562.97445743 0.11337492
-562.97340352 0.1
-563.01160236 0.19579611
-563.08647655 0.27691653
-563.16509596 0.32924297
-563.24658602 0.36447671
-563.33437656 0.38883675
-563.43352054 0.40513157
-563.5494828 0.41369818
-563.67348815 0.4129189
-563.78886551 0.40274727
-563.88707214 0.38472973
-563.97369714 0.35837308
-564.05378875 0.32068204
-564.13059971 0.26515346
-564.20221854 0.17965153
-564.23004058 0.1
-564.19038878 0.19500872
-564.1172123 0.27078217
-564.04113079 0.31964855
-563.95687819 0.35471745
-563.86581738 0.37861316
-563.76281099 0.39423648
-563.64235392 0.40193375
-563.52060367 0.4004248
-563.40790994 0.39032095
-563.30659957 0.37174401
-563.21766108 0.34439114
-563.13596788 0.30503249
-563.05852124 0.24672293
-562.98950212 0.15650352
-562.97340352 0.1
-563.01462264 0.19416853
-563.09093275 0.26835289
-563.17050112 0.31547432
-563.2526488 0.34684181
-563.34766806 0.36956883
-563.45517279 0.38391439
-563.58062436 0.39017063
-563.70680305 0.38707656
-563.8227607 0.37504438
-563.91985617 0.35554952
-564.00440764 0.32794365
-564.08706509 0.28579343
-564.16400995 0.22315229
-564.2238422 0.13221836
-564.23004058 0.1
-564.19113025 0.18820043
-564.11770892 0.2584943
-564.03572131 0.3058954
-563.95055617 0.33704481
-563.8517001 0.35923395
-563.73966994 0.37283595
-563.60903335 0.37814835
-563.47812337 0.37391539
-563.36542603 0.36145347
-563.26564913 0.3406154
-563.17941598 0.31105445
-563.09603833 0.26576739
-563.02042006 0.19824451
-562.97372827 0.10662512
-562.97340352 0.1
-563.01397657 0.18732204
-563.09080058 0.25597668
-563.17078739 0.2989328
-563.25978233 0.32902003
-563.3561738 0.34885723
-563.4731125 0.36168092
-563.60933354 0.36601278
-563.73779674 0.36114407
-563.85436535 0.34773149
-563.95028262 0.32723946
-564.03868933 0.29632472
-564.11795899 0.25233936
-564.19353996 0.18223782
-564.23004058 0.1
-564.19191743 0.18138138
-564.11820861 0.24617594
-564.0356131 0.2893681
-563.94996899 0.31742482
-563.84985503 0.33735588
-563.72796662 0.34996019
-563.5937851 0.35387721
-563.45991861 0.34889279
-563.34620573 0.33623458
-563.24661717 0.31562199
-563.16157739 0.28676328
-563.07977968 0.24249516
-563.00739083 0.17628131
-562.97340352 0.1
-563.01329927 0.18045819
-563.09072974 0.24355474
-563.17120448 0.28234369
-563.26103906 0.30931341
-563.36629113 0.32796173
-563.49439865 0.33911797
-563.6348733 0.34151011
-563.77390751 0.33472873
-563.89075327 0.31982232
-563.98491854 0.29816807
-564.07066104 0.26607272
-564.15133975 0.21680448
-564.21701248 0.14307497
-564.23004058 0.1
-564.19275314 0.17454884
-564.11869934 0.23381939
-564.03539253 0.2727934
-563.94165832 0.29943931
-563.83134406 0.31743337
-563.69685322 0.32769752
-563.54970856 0.32905345
-563.41336506 0.32168754
-563.30019091 0.30699193
-563.20298292 0.28434366
-563.11540302 0.25045718
-563.03476671 0.19801797
-562.97856184 0.12514065
-562.97340352 0.1
-563.01259189 0.17357236
-563.09075153 0.23107512
-563.17902699 0.26805931
-563.27858867 0.29264667
-563.39576969 0.30855632
-563.5381105 0.31669587
-563.69245195 0.31586493
-563.82493401 0.30684388
-563.93286231 0.29112642
-564.02441712 0.26805931
-564.11269258 0.23107512
-564.19085222 0.17357236
-564.23004058 0.1
-564.18874858 0.1725094
-564.11263296 0.22480873
-564.02746701 0.25850742
-563.93149987 0.28117217
-563.81782745 0.2961868
-563.66857971 0.30454465
-563.50637925 0.30369583
-563.36758148 0.29441759
-563.25529049 0.27804835
-563.16097131 0.2537314
-563.07785189 0.21792125
-563.00509751 0.16276717
-562.97340352 0.1
-563.01185777 0.16665812
-563.09091351 0.21852125
-563.18063929 0.25122031
-563.28235789 0.2726149
-563.40314148 0.28621051
-563.56141671 0.29294873
-563.73194254 0.29033796
-563.86651372 0.27995466
-563.97328594 0.26314648
-564.0693383 0.23647454
-564.1518641 0.19695281
-564.21781689 0.13580414
-564.23004058 0.1
-564.18928963 0.16551567
-564.11237527 0.21220949
-564.02601876 0.24167352
-563.91882793 0.26255177
-563.79084261 0.27532948
-563.62302859 0.28101294
-563.45381631 0.27766344
-563.31319349 0.26629276
-563.2030647 0.24787425
-563.11333561 0.22138289
-563.03123468 0.1788068
-562.97716866 0.11834453
-562.97340352 0.1
-563.01110406 0.1597063
-563.09129006 0.20586961
-563.1828092 0.234258
-563.28718805 0.25245097
-563.42326687 0.26435273
-563.60172205 0.26894551
-563.78017724 0.26435273
-563.91625606 0.25245097
-564.0206349 0.234258
-564.11215404 0.20586961
-564.19234005 0.1597063
-564.23004058 0.1
-564.18980349 0.15846435
-564.11185031 0.19949691
-564.02399966 0.2247101
-563.91330636 0.24230667
-563.76807038 0.25327006
-563.57769946 0.25674074
-563.40077097 0.25149605
-563.26906003 0.2397633
-563.16080901 0.22045447
-563.06808921 0.18982787
-562.99724791 0.14439917
-562.97340352 0.1
-563.01034479 0.1527033
-563.09200155 0.19308558
-563.18580109 0.21712996
-563.30497053 0.23321241
-563.46172164 0.24249836
-563.66575781 0.24423566
-563.83984836 0.23781312
-563.9653199 0.22558558
-564.06649099 0.20641495
-564.15191295 0.17676876
-564.21865797 0.12845616
-564.23004058 0.1
-564.19025537 0.15133336
-564.11090253 0.18662838
-564.01026811 0.20937685
-563.88125403 0.22383127
-563.69766094 0.23167217
-563.47867137 0.23109179
-563.30979643 0.2228765
-563.193176 0.20937685
-563.09254158 0.18662838
-563.01318873 0.15133336
-562.97340352 0.1
-563.00960673 0.1456281
-563.08361227 0.17732647
-563.17847654 0.19802616
-563.30220764 0.21153405
-563.48379693 0.21927334
-563.71964717 0.21927334
-563.90123647 0.21153405
-564.02496756 0.19802616
-564.11983184 0.17732647
-564.19383738 0.1456281
-564.23004058 0.1
-564.1905832 0.14408771
-564.10926156 0.17353699
-564.00421826 0.19175093
-563.86667297 0.20271989
-563.6498784 0.2081174
-563.39656289 0.20519065
-563.23844334 0.19589495
-563.1269211 0.18069025
-563.03674269 0.15536324
-562.97911361 0.11652534
-562.97340352 0.1
-563.0089416 0.13844634
-563.08421315 0.16437475
-563.18270979 0.18059853
-563.33030127 0.19133893
-563.56668495 0.19606995
-563.84101325 0.19258731
-563.99317931 0.18346267
-564.0965064 0.16923046
-564.17837387 0.14599352
-564.22711073 0.11093124
-564.23004058 0.1
-564.1906702 0.13666845
-564.10642496 0.16011136
-563.99513933 0.17368581
-563.82769938 0.18159974
-563.50577489 0.18362523
-563.27201487 0.17778881
-563.13599503 0.16617877
-563.04057608 0.14683063
-562.9802905 0.11550472
-562.97340352 0.1
-562.93423117 0.3020095
-562.86968179 0.48462502
-562.81034061 0.60404189
-562.75343015 0.68974598
-562.69569462 0.75547553
-562.63774319 0.80505366
-562.5776157 0.84295197
-562.51567457 0.87047602
-562.4496891 0.88922501
-562.38006883 0.89884061
-562.31010116 0.89884061
-562.24048089 0.88922501
-562.17449542 0.87047602
-562.11255429 0.84295197
-562.0524268 0.80505366
-561.99447537 0.75547553
-561.93673983 0.68974598
-561.87982937 0.60404189
-561.8204882 0.48462502
-561.75593881 0.3020095
-561.71676646 0.1
-561.75716137 0.30107304
-561.82184143 0.47698529
-561.88312015 0.59491698
-561.94199152 0.67887308
-561.99933377 0.74041582
-562.05673391 0.78677128
-562.11886555 0.82353129
-562.18288109 0.84977116
-562.25104862 0.86705394
-562.32289564 0.87499558
-562.39497708 0.87311497
-562.46379964 0.86195561
-562.53148657 0.8410899
-562.59484801 0.81104594
-562.65365581 0.77195311
-562.71266018 0.71900504
-562.77123735 0.64883776
-562.83086502 0.55338699
-562.89217548 0.41983427
-562.95446667 0.22178833
-562.97340352 0.1
-562.93349768 0.29446748
-562.86896248 0.46512626
-562.80805851 0.57898455
-562.74978076 0.65983674
-562.6906948 0.72134311
-562.63146344 0.76731104
-562.57000462 0.80211155
-562.50392519 0.82788344
-562.43354236 0.84445467
-562.36224986 0.85135412
-562.29077876 0.84894013
-562.21987038 0.83708635
-562.1529868 0.81626789
-562.09051725 0.78677494
-562.03007927 0.74680712
-561.97203064 0.69497869
-561.91431816 0.62650693
-561.85541465 0.53339692
-561.79270606 0.3978693
-561.73024308 0.19574243
-561.71676646 0.1
-561.75596467 0.28739009
-561.82004744 0.45253688
-561.88258838 0.56586665
-561.94256788 0.6457953
-562.00086773 0.70391319
-562.06185978 0.74911548
-562.12519103 0.78298121
-562.19329908 0.80764986
-562.26289494 0.82253847
-562.33625879 0.82843123
-562.40971988 0.82482756
-562.48247344 0.81152762
-562.55094265 0.78897728
-562.61472782 0.75739224
-562.67626112 0.71478023
-562.73517255 0.65961633
-562.793526 0.58676871
-562.85498068 0.48342313
-562.91912571 0.33254661
-562.97080665 0.13508002
-562.97340352 0.1
-562.93283381 0.28694192
-562.86860527 0.4458775
-562.80623207 0.55439723
-562.74669918 0.63064636
-562.68638639 0.68820032
-562.62601178 0.73083926
-562.56046745 0.76405488
-562.49292291 0.78701967
-562.42093182 0.8011807
-562.34508499 0.80607134
-562.26923816 0.8011807
-562.19724707 0.78701967
-562.12970254 0.76405488
-562.0641582 0.73083926
-562.00378359 0.68820032
-561.9434708 0.63064636
-561.88393791 0.55439723
-561.82156471 0.4458775
-561.75544519 0.28114163
-561.71676646 0.1
-561.7566322 0.28020925
-561.82265335 0.43843306
-561.88453492 0.54210561
-561.94591928 0.61753614
-562.00542828 0.67183369
-562.06771364 0.71375753
-562.13239248 0.74484967
-562.20205967 0.76714895
-562.27631 0.78044284
-562.35134732 0.78428437
-562.42631245 0.77889748
-562.50035078 0.76396908
-562.56969533 0.73994101
-562.63397132 0.7069825
-562.69577796 0.66293084
-562.75735488 0.60329087
-562.81792542 0.52404006
-562.88103978 0.41091286
-562.94669132 0.23867575
-562.97340352 0.1
-562.93426324 0.2736473
-562.86868967 0.42681952
-562.80498323 0.53021458
-562.74435012 0.60210851
-562.68297857 0.65598202
-562.61866064 0.69719758
-562.55182193 0.72737956
-562.47981881 0.74856985
-562.40312299 0.7605586
-562.32571913 0.76291956
-562.24855262 0.7557998
-562.17568491 0.73967923
-562.10768543 0.71493615
-562.04193367 0.67992226
-561.97890771 0.63317066
-561.91634956 0.56984757
-561.85510744 0.4856133
-561.78961272 0.36018421
-561.72726701 0.17514547
-561.71676646 0.1
-561.75720633 0.27300204
-561.82267118 0.41997225
-561.88589932 0.51871494
-561.94853847 0.58989197
-562.01204222 0.64274058
-562.07556911 0.68114412
-562.14471027 0.71040397
-562.21919928 0.7304585
-562.29516394 0.74085238
-562.37505402 0.74206426
-562.45455293 0.73351027
-562.52943358 0.71563513
-562.59910107 0.68872682
-562.66324551 0.65288903
-562.72464442 0.60569139
-562.7856364 0.54224375
-562.8478578 0.45419202
-562.91378227 0.32265806
-562.96937638 0.14171236
-562.97340352 0.1
-562.933929 0.26610117
-562.86682294 0.4123163
-562.8017395 0.50981766
-562.74003301 0.57686145
-562.67766938 0.6267131
-562.61230311 0.66458985
-562.54438927 0.69205021
-562.47111705 0.71101263
-562.39299705 0.72120904
-562.31084888 0.72203281
-562.23255259 0.71346848
-562.15896114 0.69620947
-562.08742474 0.66911767
-562.02166437 0.63281792
-561.95884747 0.58478244
-561.89661233 0.51993352
-561.83336906 0.42957994
-561.76696729 0.29409085
-561.71798293 0.12100635
-561.71676646 0.1
-561.75739743 0.26505375
-561.82407879 0.40492545
-561.88833507 0.49783488
-561.95184594 0.56424448
-562.01613683 0.61321842
-562.0835896 0.65004263
-562.15369839 0.67634066
-562.22931805 0.69400523
-562.30985643 0.70275523
-562.39086864 0.70215084
-562.47126585 0.69215025
-562.5466275 0.67317534
-562.61639212 0.64546103
-562.6834216 0.60700758
-562.74722548 0.55614866
-562.81016711 0.48745217
-562.87623245 0.38713506
-562.9432987 0.23609832
-562.97340352 0.1
-562.93349265 0.25914181
-562.86463631 0.3988799
-562.79798817 0.49080991
-562.73506629 0.5532417
-562.66832581 0.60124909
-562.60164052 0.63541006
-562.52889197 0.6607892
-562.45043391 0.67729226
-562.36696148 0.68462309
-562.28317329 0.68233395
-562.20384416 0.67099298
-562.12979846 0.65113543
-562.0581741 0.62132853
-561.99280164 0.58230487
-561.92764462 0.52837864
-561.86368754 0.45536095
-561.7971317 0.34845857
-561.73214743 0.18710043
-561.71676646 0.1
-561.75566612 0.25270322
-561.82369785 0.3876828
-561.8892547 0.476183
-561.95393889 0.53882028
-562.01934278 0.58463788
-562.08800254 0.61884696
-562.1630051 0.64399667
-562.2439479 0.66003518
-562.33004976 0.6666786
-562.41638258 0.66347879
-562.49796162 0.65098167
-562.57390921 0.62964463
-562.64372628 0.59961925
-562.71049029 0.55865363
-562.77678496 0.50194392
-562.84152832 0.4249941
-562.91071507 0.30694649
-562.96751354 0.14798532
-562.97340352 0.1
-562.93349688 0.25140049
-562.86629436 0.38001241
-562.79897886 0.46740307
-562.7324219 0.52877232
-562.66504304 0.57325472
-562.59426903 0.60607486
-562.51696206 0.62975518
-562.43360245 0.64425453
-562.34894402 0.64923921
-562.2642283 0.64509015
-562.1807013 0.63148961
-562.10314309 0.60878089
-562.03206048 0.57703218
-561.96431858 0.53379817
-561.89733097 0.47396026
-561.82947403 0.38853458
-561.76138765 0.26253448
-561.71693882 0.10699419
-561.71676646 0.1
-561.75564233 0.24526012
-561.82480271 0.37366537
-561.89125915 0.45682868
-561.95663632 0.51517827
-562.02617967 0.55949763
-562.09934305 0.59184042
-562.17545687 0.61392511
-562.25765404 0.62750535
-562.34508499 0.63219818
-562.43251595 0.62750535
-562.51471311 0.61392511
-562.59082693 0.59184042
-562.66399031 0.55949763
-562.73353366 0.51517827
-562.79891084 0.45682868
-562.86536728 0.37366537
-562.93452766 0.24526012
-562.97340352 0.1
-562.9334381 0.24419496
-562.8651096 0.36647875
-562.79675856 0.44865561
-562.72937095 0.50582616
-562.66128163 0.54696453
-562.5897508 0.57714271
-562.51143194 0.59875919
-562.42682919 0.61171376
-562.33689176 0.61562007
-562.24709178 0.60996263
-562.1628659 0.59519834
-562.08510327 0.57161879
-562.01424906 0.53927228
-561.94695287 0.49560088
-561.88050943 0.43530984
-561.81048202 0.34463717
-561.7426024 0.20969592
-561.71676646 0.1
-561.75568238 0.23833725
-561.8261325 0.36060788
-561.89360755 0.43873253
-561.96336834 0.49548942
-562.03399292 0.53587345
-562.10826538 0.56506391
-562.18960046 0.58547478
-562.27738489 0.59701898
-562.37050735 0.59925259
-562.45899439 0.5921626
-562.54158394 0.57649511
-562.61749933 0.55252068
-562.69012363 0.51825228
-562.75881135 0.47190105
-562.82625619 0.40775516
-562.89662726 0.31103316
-562.95959402 0.17304392
-562.97340352 0.1
-562.93330199 0.23750831
-562.86368044 0.35388593
-562.79415277 0.43113972
-562.7258276 0.48432689
-562.65300754 0.52407856
-562.57633836 0.55245437
-562.49235028 0.5718875
-562.40175861 0.58230624
-562.31018466 0.58339403
-562.21921739 0.57525046
-562.13455204 0.55825277
-562.0569947 0.53257258
-561.98309419 0.49600063
-561.91352859 0.44656643
-561.84565432 0.37812433
-561.77578603 0.2748438
-561.72061439 0.13407542
-561.71676646 0.1
-561.75547805 0.23124145
-561.82689042 0.34739018
-561.898601 0.4238043
-561.96923957 0.47589607
-562.04055085 0.51264353
-562.11976961 0.54019968
-562.20657539 0.55863943
-562.30013424 0.56790344
-562.3945235 0.56768095
-562.48800001 0.55795021
-562.57465767 0.53900733
-562.6536828 0.51089006
-562.72477239 0.47351446
-562.79514281 0.42063955
-562.86650728 0.34319925
-562.93731641 0.22565436
-562.97340352 0.1
-562.93341448 0.23063588
-562.86283014 0.341116
-562.79248852 0.41360567
-562.72362761 0.46304296
-562.65019131 0.49984303
-562.57285429 0.5259693
-562.48790351 0.54373525
-562.39608126 0.55300807
-562.29871743 0.553236
-562.20681097 0.54441882
-562.12171084 0.52714197
-562.04417968 0.50155794
-561.97050788 0.46539942
-561.9013765 0.41672082
-561.83068527 0.34522809
-561.75950793 0.23611118
-561.71697391 0.10692953
-561.71676646 0.1
-561.75777007 0.22941936
-561.8269417 0.33397789
-561.8990742 0.40562781
-561.96985782 0.45408896
-562.04544728 0.48980375
-562.12509954 0.51480693
-562.21257382 0.53138901
-562.30700897 0.53941449
-562.40690703 0.53825905
-562.50088667 0.52791739
-562.58755471 0.50883334
-562.6661616 0.48103792
-562.74048537 0.44200116
-562.81350382 0.38624429
-562.88659799 0.30385283
-562.9533017 0.18377528
-562.97340352 0.1
-562.93382561 0.22355064
-562.86270138 0.32813161
-562.79200305 0.39601785
-562.71890021 0.44425496
-562.64512837 0.4777523
-562.56279817 0.50252293
-562.47229227 0.51861945
-562.37459972 0.52593456
-562.27141642 0.52379611
-562.17462883 0.51217869
-562.09030266 0.49275366
-562.00979601 0.46331984
-561.93810037 0.42457436
-561.8675275 0.36973297
-561.79670145 0.28898767
-561.73056307 0.16543643
-561.71676646 0.1
-561.75743332 0.22254406
-561.83072127 0.32544459
-561.90372935 0.39159147
-561.97497458 0.43586045
-562.05104317 0.4683336
-562.13598459 0.49196822
-562.22932407 0.5068552
-562.32991524 0.51287381
-562.43083109 0.5096516
-562.52504984 0.49770686
-562.6112671 0.47734522
-562.6888616 0.44856347
-562.76188997 0.40869513
-562.83343713 0.35205699
-562.90457192 0.26837652
-562.96550367 0.14631447
-562.97340352 0.1
-562.93420594 0.21691858
-562.86245305 0.315979
-562.79135089 0.379522
-562.71794387 0.42439664
-562.63931769 0.45699164
-562.55633231 0.4793581
-562.45972968 0.49424329
-562.35555551 0.49996731
-562.25114065 0.49616705
-562.15388769 0.48332109
-562.06520714 0.46162941
-561.98574473 0.43097781
-561.91135925 0.38843472
-561.83904182 0.3278396
-561.76522168 0.23289552
-561.71764311 0.11365027
-561.71676646 0.1
-561.75713839 0.21611865
-561.82738044 0.30966463
-561.90052643 0.37258671
-561.9762505 0.41658794
-562.05748232 0.44815539
-562.14326473 0.46942887
-562.24306637 0.48306768
-562.35047422 0.48742903
-562.45775052 0.48208672
-562.55205734 0.4684299
-562.63760223 0.44660236
-562.71853486 0.41436672
-562.79390772 0.3695593
-562.86661235 0.30561337
-562.93913221 0.20522153
-562.97340352 0.1
-562.93494993 0.21003164
-562.86311899 0.30354546
-562.7878066 0.36587739
-562.70961656 0.4090107
-562.63069367 0.43805529
-562.54218293 0.45878172
-562.44466861 0.47124315
-562.3339815 0.47519591
-562.22905142 0.46977926
-562.13207137 0.45580086
-562.04432407 0.43336806
-561.96630483 0.40238493
-561.889242 0.35676465
-561.81536071 0.29125695
-561.74605936 0.19350549
-561.71676646 0.1
-561.75645707 0.2093361
-561.83078214 0.30140306
-561.90432581 0.35917644
-561.98021145 0.39930315
-562.06160389 0.42799036
-562.15301819 0.44814965
-562.25376261 0.45988809
-562.36225717 0.46299723
-562.47032276 0.45697487
-562.56991488 0.44212542
-562.65967543 0.41843868
-562.73910884 0.38571465
-562.81708218 0.33743979
-562.89101397 0.26796647
-562.95731818 0.1640917
-562.97340352 0.1
-562.93239397 0.20860079
-562.85961736 0.29528816
-562.78374707 0.35243921
-562.70522573 0.39168347
-562.62087097 0.41933502
-562.52608767 0.43832883
-562.42173156 0.44880892
-562.30965114 0.45051517
-562.19851457 0.44284135
-562.10221883 0.42715417
-562.01594826 0.40329032
-561.93512186 0.36866322
-561.86075866 0.32094595
-561.78649474 0.24832413
-561.72389764 0.13932888
-561.71676646 0.1
-561.7557347 0.20256797
-561.83031883 0.28916905
-561.9086687 0.34566265
-561.99001393 0.38398139
-562.07754637 0.41055586
-562.17593463 0.42834749
-562.28412679 0.43753377
-562.39996124 0.43778253
-562.50831167 0.42910266
-562.60697432 0.41187916
-562.69485483 0.38596141
-562.77661946 0.34844905
-562.85550329 0.29300153
-562.93098471 0.20782224
-562.97313177 0.10675944
-562.97340352 0.1
-562.93305297 0.20180832
-562.86008898 0.28304532
-562.78411786 0.33605348
-562.70564539 0.37222499
-562.62125694 0.39766543
-562.52599125 0.41516063
-562.41440622 0.42508923
-562.2946285 0.42585178
-562.18251746 0.41748411
-562.08055413 0.40035623
-561.9954571 0.3761905
-561.91613669 0.34157608
-561.83908666 0.29058609
-561.76434242 0.21210092
-561.71782036 0.11337492
-561.71676646 0.1
-561.7549653 0.19579611
-561.82983949 0.27691653
-561.9084589 0.32924297
-561.98994895 0.36447671
-562.0777395 0.38883675
-562.17688348 0.40513157
-562.29284574 0.41369818
-562.41685109 0.4129189
-562.53222845 0.40274727
-562.63043508 0.38472973
-562.71706008 0.35837308
-562.79715169 0.32068204
-562.87396264 0.26515346
-562.94558148 0.17965153
-562.97340352 0.1
-562.93375172 0.19500872
-562.86057524 0.27078217
-562.78449373 0.31964855
-562.70024113 0.35471745
-562.60918032 0.37861316
-562.50617393 0.39423648
-562.38571686 0.40193375
-562.26396661 0.4004248
-562.15127288 0.39032095
-562.0499625 0.37174401
-561.96102402 0.34439114
-561.87933081 0.30503249
-561.80188418 0.24672293
-561.73286506 0.15650352
-561.71676646 0.1
-561.75798558 0.19416853
-561.83429569 0.26835289
-561.91386406 0.31547432
-561.99601174 0.34684181
-562.091031 0.36956883
-562.19853573 0.38391439
-562.3239873 0.39017063
-562.45016599 0.38707656
-562.56612364 0.37504438
-562.66321911 0.35554952
-562.74777058 0.32794365
-562.83042803 0.28579343
-562.90737289 0.22315229
-562.96720513 0.13221836
-562.97340352 0.1
-562.93449319 0.18820043
-562.86107186 0.2584943
-562.77908425 0.3058954
-562.69391911 0.33704481
-562.59506304 0.35923395
-562.48303288 0.37283595
-562.35239629 0.37814835
-562.22148631 0.37391539
-562.10878897 0.36145347
-562.00901207 0.3406154
-561.92277892 0.31105445
-561.83940127 0.26576739
-561.763783 0.19824451
-561.71709121 0.10662512
-561.71676646 0.1
-561.7573395 0.18732204
-561.83416351 0.25597668
-561.91415033 0.2989328
-562.00314527 0.32902003
-562.09953674 0.34885723
-562.21647544 0.36168092
-562.35269648 0.36601278
-562.48115968 0.36114407
-562.59772828 0.34773149
-562.69364556 0.32723946
-562.78205227 0.29632472
-562.86132193 0.25233936
-562.9369029 0.18223782
-562.97340352 0.1
-562.93528037 0.18138138
-562.86157155 0.24617594
-562.77897604 0.2893681
-562.69333193 0.31742482
-562.59321797 0.33735588
-562.47132956 0.34996019
-562.33714804 0.35387721
-562.20328155 0.34889279
-562.08956867 0.33623458
-561.9899801 0.31562199
-561.90494032 0.28676328
-561.82314262 0.24249516
-561.75075377 0.17628131
-561.71676646 0.1
-561.75666221 0.18045819
-561.83409268 0.24355474
-561.91456742 0.28234369
-562.004402 0.30931341
-562.10965407 0.32796173
-562.23776159 0.33911797
-562.37823624 0.34151011
-562.51727045 0.33472873
-562.63411621 0.31982232
-562.72828148 0.29816807
-562.81402398 0.26607272
-562.89470269 0.21680448
-562.96037542 0.14307497
-562.97340352 0.1
-562.93611608 0.17454884
-562.86206228 0.23381939
-562.77875547 0.2727934
-562.68502126 0.29943931
-562.574707 0.31743337
-562.44021616 0.32769752
-562.2930715 0.32905345
-562.156728 0.32168754
-562.04355385 0.30699193
-561.94634586 0.28434366
-561.85876596 0.25045718
-561.77812965 0.19801797
-561.72192478 0.12514065
-561.71676646 0.1
-561.75595483 0.17357236
-561.83411447 0.23107512
-561.92238993 0.26805931
-562.02195161 0.29264667
-562.13913262 0.30855632
-562.28147344 0.31669587
-562.43581489 0.31586493
-562.56829695 0.30684388
-562.67622525 0.29112642
-562.76778006 0.26805931
-562.85605552 0.23107512
-562.93421515 0.17357236
-562.97340352 0.1
-562.93211152 0.1725094
-562.8559959 0.22480873
-562.77082995 0.25850742
-562.67486281 0.28117217
-562.56119039 0.2961868
-562.41194265 0.30454465
-562.24974219 0.30369583
-562.11094442 0.29441759
-561.99865343 0.27804835
-561.90433425 0.2537314
-561.82121483 0.21792125
-561.74846044 0.16276717
-561.71676646 0.1
-561.75522071 0.16665812
-561.83427645 0.21852125
-561.92400223 0.25122031
-562.02572083 0.2726149
-562.14650442 0.28621051
-562.30477964 0.29294873
-562.47530548 0.29033796
-562.60987666 0.27995466
-562.71664888 0.26314648
-562.81270124 0.23647454
-562.89522703 0.19695281
-562.96117983 0.13580414
-562.97340352 0.1
-562.93265257 0.16551567
-562.85573821 0.21220949
-562.7693817 0.24167352
-562.66219087 0.26255177
-562.53420555 0.27532948
-562.36639153 0.28101294
-562.19717925 0.27766344
-562.05655643 0.26629276
-561.94642764 0.24787425
-561.85669855 0.22138289
-561.77459762 0.1788068
-561.7205316 0.11834453
-561.71676646 0.1
-561.754467 0.1597063
-561.834653 0.20586961
-561.92617214 0.234258
-562.03055098 0.25245097
-562.16662981 0.26435273
-562.34508499 0.26894551
-562.52354018 0.26435273
-562.659619 0.25245097
-562.76399784 0.234258
-562.85551698 0.20586961
-562.93570299 0.1597063
-562.97340352 0.1
-562.93316643 0.15846435
-562.85521325 0.19949691
-562.7673626 0.2247101
-562.6566693 0.24230667
-562.51143332 0.25327006
-562.3210624 0.25674074
-562.14413391 0.25149605
-562.01242297 0.2397633
-561.90417195 0.22045447
-561.81145215 0.18982787
-561.74061085 0.14439917
-561.71676646 0.1
-561.75370773 0.1527033
-561.83536448 0.19308558
-561.92916403 0.21712996
-562.04833347 0.23321241
-562.20508458 0.24249836
-562.40912075 0.24423566
-562.58321129 0.23781312
-562.70868284 0.22558558
-562.80985392 0.20641495
-562.89527589 0.17676876
-562.96202091 0.12845616
-562.97340352 0.1
-562.93361831 0.15133336
-562.85426547 0.18662838
-562.75363105 0.20937685
-562.62461697 0.22383127
-562.44102388 0.23167217
-562.22203431 0.23109179
-562.05315937 0.2228765
-561.93653894 0.20937685
-561.83590452 0.18662838
-561.75655167 0.15133336
-561.71676646 0.1
-561.75296967 0.1456281
-561.82697521 0.17732647
-561.92183948 0.19802616
-562.04557058 0.21153405
-562.22715987 0.21927334
-562.46301011 0.21927334
-562.64459941 0.21153405
-562.7683305 0.19802616
-562.86319478 0.17732647
-562.93720031 0.1456281
-562.97340352 0.1
-562.93394614 0.14408771
-562.8526245 0.17353699
-562.7475812 0.19175093
-562.61003591 0.20271989
-562.39324134 0.2081174
-562.13992583 0.20519065
-561.98180628 0.19589495
-561.87028404 0.18069025
-561.78010563 0.15536324
-561.72247655 0.11652534
-561.71676646 0.1
-561.75230454 0.13844634
-561.82757609 0.16437475
-561.92607273 0.18059853
-562.07366421 0.19133893
-562.31004788 0.19606995
-562.58437619 0.19258731
-562.73654225 0.18346267
-562.83986933 0.16923046
-562.9217368 0.14599352
-562.97047367 0.11093124
-562.97340352 0.1
-562.93403314 0.13666845
-562.8497879 0.16011136
-562.73850226 0.17368581
-562.57106232 0.18159974
-562.24913783 0.18362523
-562.01537781 0.17778881
-561.87935797 0.16617877
-561.78393902 0.14683063
-561.72365344 0.11550472
-561.71676646 0.1
-561.67759411 0.3020095
-561.61304473 0.48462502
-561.55370355 0.60404189
-561.49679309 0.68974598
-561.43905756 0.75547553
-561.38110612 0.80505366
-561.32097864 0.84295197
-561.25903751 0.87047602
-561.19305203 0.88922501
-561.12343177 0.89884061
-561.0534641 0.89884061
-560.98384383 0.88922501
-560.91785836 0.87047602
-560.85591722 0.84295197
-560.79578974 0.80505366
-560.73783831 0.75547553
-560.68010277 0.68974598
-560.62319231 0.60404189
-560.56385114 0.48462502
-560.49930175 0.3020095
-560.4601294 0.1
-560.5005243 0.30107304
-560.56520437 0.47698529
-560.62648309 0.59491698
-560.68535445 0.67887308
-560.7426967 0.74041582
-560.80009685 0.78677128
-560.86222849 0.82353129
-560.92624403 0.84977116
-560.99441155 0.86705394
-561.06625858 0.87499558
-561.13834002 0.87311497
-561.20716258 0.86195561
-561.27484951 0.8410899
-561.33821095 0.81104594
-561.39701875 0.77195311
-561.45602312 0.71900504
-561.51460028 0.64883776
-561.57422796 0.55338699
-561.63553841 0.41983427
-561.69782961 0.22178833
-561.71676646 0.1
-561.67686062 0.29446748
-561.61232542 0.46512626
-561.55142144 0.57898455
-561.4931437 0.65983674
-561.43405774 0.72134311
-561.37482638 0.76731104
-561.31336755 0.80211155
-561.24728813 0.82788344
-561.1769053 0.84445467
-561.1056128 0.85135412
-561.0341417 0.84894013
-560.96323332 0.83708635
-560.89634974 0.81626789
-560.83388019 0.78677494
-560.77344221 0.74680712
-560.71539358 0.69497869
-560.6576811 0.62650693
-560.59877759 0.53339692
-560.53606899 0.3978693
-560.47360602 0.19574243
-560.4601294 0.1
-560.49932761 0.28739009
-560.56341038 0.45253688
-560.62595132 0.56586665
-560.68593081 0.6457953
-560.74423066 0.70391319
-560.80522272 0.74911548
-560.86855397 0.78298121
-560.93666202 0.80764986
-561.00625788 0.82253847
-561.07962173 0.82843123
-561.15308281 0.82482756
-561.22583638 0.81152762
-561.29430559 0.78897728
-561.35809076 0.75739224
-561.41962406 0.71478023
-561.47853549 0.65961633
-561.53688894 0.58676871
-561.59834362 0.48342313
-561.66248865 0.33254661
-561.71416959 0.13508002
-561.71676646 0.1
-561.67619675 0.28694192
-561.61196821 0.4458775
-561.54959501 0.55439723
-561.49006212 0.63064636
-561.42974933 0.68820032
-561.36937472 0.73083926
-561.30383038 0.76405488
-561.23628585 0.78701967
-561.16429476 0.8011807
-561.08844793 0.80607134
-561.0126011 0.8011807
-560.94061001 0.78701967
-560.87306548 0.76405488
-560.80752114 0.73083926
-560.74714653 0.68820032
-560.68683374 0.63064636
-560.62730085 0.55439723
-560.56492765 0.4458775
-560.49880813 0.28114163
-560.4601294 0.1
-560.49999514 0.28020925
-560.56601629 0.43843306
-560.62789786 0.54210561
-560.68928222 0.61753614
-560.74879122 0.67183369
-560.81107658 0.71375753
-560.87575542 0.74484967
-560.94542261 0.76714895
-561.01967294 0.78044284
-561.09471025 0.78428437
-561.16967539 0.77889748
-561.24371372 0.76396908
-561.31305827 0.73994101
-561.37733426 0.7069825
-561.4391409 0.66293084
-561.50071782 0.60329087
-561.56128836 0.52404006
-561.62440272 0.41091286
-561.69005426 0.23867575
-561.71676646 0.1
-561.67762618 0.2736473
-561.61205261 0.42681952
-561.54834617 0.53021458
-561.48771306 0.60210851
-561.42634151 0.65598202
-561.36202358 0.69719758
-561.29518487 0.72737956
-561.22318175 0.74856985
-561.14648593 0.7605586
-561.06908207 0.76291956
-560.99191555 0.7557998
-560.91904785 0.73967923
-560.85104837 0.71493615
-560.78529661 0.67992226
-560.72227065 0.63317066
-560.6597125 0.56984757
-560.59847038 0.4856133
-560.53297566 0.36018421
-560.47062995 0.17514547
-560.4601294 0.1
-560.50056927 0.27300204
-560.56603412 0.41997225
-560.62926226 0.51871494
-560.69190141 0.58989197
-560.75540516 0.64274058
-560.81893205 0.68114412
-560.88807321 0.71040397
-560.96256221 0.7304585
-561.03852688 0.74085238
-561.11841695 0.74206426
-561.19791587 0.73351027
-561.27279652 0.71563513
-561.34246401 0.68872682
-561.40660844 0.65288903
-561.46800736 0.60569139
-561.52899934 0.54224375
-561.59122073 0.45419202
-561.65714521 0.32265806
-561.71273932 0.14171236
-561.71676646 0.1
-561.67729194 0.26610117
-561.61018588 0.4123163
-561.54510244 0.50981766
-561.48339594 0.57686145
-561.42103232 0.6267131
-561.35566605 0.66458985
-561.28775221 0.69205021
-561.21447999 0.71101263
-561.13635998 0.72120904
-561.05421182 0.72203281
-560.97591553 0.71346848
-560.90232408 0.69620947
-560.83078768 0.66911767
-560.76502731 0.63281792
-560.7022104 0.58478244
-560.63997527 0.51993352
-560.576732 0.42957994
-560.51033023 0.29409085
-560.46134587 0.12100635
-560.4601294 0.1
-560.50076037 0.26505375
-560.56744173 0.40492545
-560.63169801 0.49783488
-560.69520888 0.56424448
-560.75949977 0.61321842
-560.82695254 0.65004263
-560.89706133 0.67634066
-560.97268099 0.69400523
-561.05321937 0.70275523
-561.13423158 0.70215084
-561.21462879 0.69215025
-561.28999044 0.67317534
-561.35975506 0.64546103
-561.42678454 0.60700758
-561.49058841 0.55614866
-561.55353004 0.48745217
-561.61959539 0.38713506
-561.68666164 0.23609832
-561.71676646 0.1
-561.67685559 0.25914181
-561.60799925 0.3988799
-561.54135111 0.49080991
-561.47842923 0.5532417
-561.41168874 0.60124909
-561.34500346 0.63541006
-561.27225491 0.6607892
-561.19379685 0.67729226
-561.11032441 0.68462309
-561.02653623 0.68233395
-560.9472071 0.67099298
-560.8731614 0.65113543
-560.80153704 0.62132853
-560.73616458 0.58230487
-560.67100756 0.52837864
-560.60705048 0.45536095
-560.54049464 0.34845857
-560.47551037 0.18710043
-560.4601294 0.1
-560.49902906 0.25270322
-560.56706079 0.3876828
-560.63261764 0.476183
-560.69730182 0.53882028
-560.76270572 0.58463788
-560.83136548 0.61884696
-560.90636804 0.64399667
-560.98731084 0.66003518
-561.0734127 0.6666786
-561.15974552 0.66347879
-561.24132456 0.65098167
-561.31727215 0.62964463
-561.38708922 0.59961925
-561.45385323 0.55865363
-561.52014789 0.50194392
-561.58489126 0.4249941
-561.65407801 0.30694649
-561.71087648 0.14798532
-561.71676646 0.1
-561.67685981 0.25140049
-561.60965729 0.38001241
-561.5423418 0.46740307
-561.47578484 0.52877232
-561.40840598 0.57325472
-561.33763197 0.60607486
-561.26032499 0.62975518
-561.17696538 0.64425453
-561.09230696 0.64923921
-561.00759124 0.64509015
-560.92406424 0.63148961
-560.84650602 0.60878089
-560.77542342 0.57703218
-560.70768152 0.53379817
-560.64069391 0.47396026
-560.57283696 0.38853458
-560.50475059 0.26253448
-560.46030176 0.10699419
-560.4601294 0.1
-560.49900527 0.24526012
-560.56816564 0.37366537
-560.63462209 0.45682868
-560.69999926 0.51517827
-560.76954261 0.55949763
-560.84270599 0.59184042
-560.91881981 0.61392511
-561.00101698 0.62750535
-561.08844793 0.63219818
-561.17587888 0.62750535
-561.25807605 0.61392511
-561.33418987 0.59184042
-561.40735325 0.55949763
-561.4768966 0.51517827
-561.54227378 0.45682868
-561.60873022 0.37366537
-561.67789059 0.24526012
-561.71676646 0.1
-561.67680103 0.24419496
-561.60847254 0.36647875
-561.5401215 0.44865561
-561.47273389 0.50582616
-561.40464457 0.54696453
-561.33311374 0.57714271
-561.25479488 0.59875919
-561.17019212 0.61171376
-561.0802547 0.61562007
-560.99045472 0.60996263
-560.90622883 0.59519834
-560.82846621 0.57161879
-560.757612 0.53927228
-560.69031581 0.49560088
-560.62387237 0.43530984
-560.55384496 0.34463717
-560.48596534 0.20969592
-560.4601294 0.1
-560.49904532 0.23833725
-560.56949544 0.36060788
-560.63697049 0.43873253
-560.70673128 0.49548942
-560.77735585 0.53587345
-560.85162832 0.56506391
-560.9329634 0.58547478
-561.02074783 0.59701898
-561.11387028 0.59925259
-561.20235733 0.5921626
-561.28494688 0.57649511
-561.36086227 0.55252068
-561.43348657 0.51825228
-561.50217429 0.47190105
-561.56961912 0.40775516
-561.6399902 0.31103316
-561.70295696 0.17304392
-561.71676646 0.1
-561.67666493 0.23750831
-561.60704338 0.35388593
-561.53751571 0.43113972
-561.46919054 0.48432689
-561.39637048 0.52407856
-561.31970129 0.55245437
-561.23571322 0.5718875
-561.14512155 0.58230624
-561.0535476 0.58339403
-560.96258033 0.57525046
-560.87791498 0.55825277
-560.80035764 0.53257258
-560.72645712 0.49600063
-560.65689153 0.44656643
-560.58901726 0.37812433
-560.51914896 0.2748438
-560.46397733 0.13407542
-560.4601294 0.1
-560.49884098 0.23124145
-560.57025336 0.34739018
-560.64196394 0.4238043
-560.71260251 0.47589607
-560.78391379 0.51264353
-560.86313255 0.54019968
-560.94993833 0.55863943
-561.04349718 0.56790344
-561.13788644 0.56768095
-561.23136295 0.55795021
-561.31802061 0.53900733
-561.39704574 0.51089006
-561.46813533 0.47351446
-561.53850575 0.42063955
-561.60987022 0.34319925
-561.68067935 0.22565436
-561.71676646 0.1
-561.67677742 0.23063588
-561.60619308 0.341116
-561.53585146 0.41360567
-561.46699055 0.46304296
-561.39355425 0.49984303
-561.31621723 0.5259693
-561.23126645 0.54373525
-561.1394442 0.55300807
-561.04208037 0.553236
-560.95017391 0.54441882
-560.86507378 0.52714197
-560.78754262 0.50155794
-560.71387082 0.46539942
-560.64473943 0.41672082
-560.57404821 0.34522809
-560.50287087 0.23611118
-560.46033685 0.10692953
-560.4601294 0.1
-560.50113301 0.22941936
-560.57030464 0.33397789
-560.64243714 0.40562781
-560.71322076 0.45408896
-560.78881022 0.48980375
-560.86846248 0.51480693
-560.95593676 0.53138901
-561.05037191 0.53941449
-561.15026997 0.53825905
-561.24424961 0.52791739
-561.33091765 0.50883334
-561.40952454 0.48103792
-561.48384831 0.44200116
-561.55686676 0.38624429
-561.62996093 0.30385283
-561.69666464 0.18377528
-561.71676646 0.1
-561.67718854 0.22355064
-561.60606432 0.32813161
-561.53536599 0.39601785
-561.46226315 0.44425496
-561.3884913 0.4777523
-561.30616111 0.50252293
-561.21565521 0.51861945
-561.11796265 0.52593456
-561.01477936 0.52379611
-560.91799177 0.51217869
-560.8336656 0.49275366
-560.75315895 0.46331984
-560.6814633 0.42457436
-560.61089043 0.36973297
-560.54006439 0.28898767
-560.47392601 0.16543643
-560.4601294 0.1
-560.50079626 0.22254406
-560.57408421 0.32544459
-560.64709229 0.39159147
-560.71833752 0.43586045
-560.79440611 0.4683336
-560.87934753 0.49196822
-560.97268701 0.5068552
-561.07327818 0.51287381
-561.17419403 0.5096516
-561.26841277 0.49770686
-561.35463004 0.47734522
-561.43222454 0.44856347
-561.50525291 0.40869513
-561.57680007 0.35205699
-561.64793485 0.26837652
-561.70886661 0.14631447
-561.71676646 0.1
-561.67756888 0.21691858
-561.60581599 0.315979
-561.53471382 0.379522
-561.46130681 0.42439664
-561.38268063 0.45699164
-561.29969525 0.4793581
-561.20309262 0.49424329
-561.09891845 0.49996731
-560.99450359 0.49616705
-560.89725063 0.48332109
-560.80857008 0.46162941
-560.72910766 0.43097781
-560.65472218 0.38843472
-560.58240476 0.3278396
-560.50858462 0.23289552
-560.46100605 0.11365027
-560.4601294 0.1
-560.50050133 0.21611865
-560.57074338 0.30966463
-560.64388937 0.37258671
-560.71961344 0.41658794
-560.80084526 0.44815539
-560.88662767 0.46942887
-560.98642931 0.48306768
-561.09383716 0.48742903
-561.20111346 0.48208672
-561.29542028 0.4684299
-561.38096517 0.44660236
-561.4618978 0.41436672
-561.53727066 0.3695593
-561.60997528 0.30561337
-561.68249515 0.20522153
-561.71676646 0.1
-561.67831287 0.21003164
-561.60648192 0.30354546
-561.53116954 0.36587739
-561.4529795 0.4090107
-561.37405661 0.43805529
-561.28554587 0.45878172
-561.18803155 0.47124315
-561.07734443 0.47519591
-560.97241436 0.46977926
-560.87543431 0.45580086
-560.78768701 0.43336806
-560.70966777 0.40238493
-560.63260494 0.35676465
-560.55872365 0.29125695
-560.4894223 0.19350549
-560.4601294 0.1
-560.49982001 0.2093361
-560.57414508 0.30140306
-560.64768875 0.35917644
-560.72357439 0.39930315
-560.80496683 0.42799036
-560.89638113 0.44814965
-560.99712554 0.45988809
-561.10562011 0.46299723
-561.2136857 0.45697487
-561.31327782 0.44212542
-561.40303837 0.41843868
-561.48247178 0.38571465
-561.56044512 0.33743979
-561.63437691 0.26796647
-561.70068112 0.1640917
-561.71676646 0.1
-561.67575691 0.20860079
-561.6029803 0.29528816
-561.52711001 0.35243921
-561.44858867 0.39168347
-561.36423391 0.41933502
-561.26945061 0.43832883
-561.1650945 0.44880892
-561.05301408 0.45051517
-560.94187751 0.44284135
-560.84558177 0.42715417
-560.7593112 0.40329032
-560.6784848 0.36866322
-560.60412159 0.32094595
-560.52985768 0.24832413
-560.46726058 0.13932888
-560.4601294 0.1
-560.49909764 0.20256797
-560.57368177 0.28916905
-560.65203163 0.34566265
-560.73337687 0.38398139
-560.82090931 0.41055586
-560.91929756 0.42834749
-561.02748973 0.43753377
-561.14332418 0.43778253
-561.2516746 0.42910266
-561.35033726 0.41187916
-561.43821777 0.38596141
-561.5199824 0.34844905
-561.59886623 0.29300153
-561.67434764 0.20782224
-561.71649471 0.10675944
-561.71676646 0.1
-561.67641591 0.20180832
-561.60345192 0.28304532
-561.5274808 0.33605348
-561.44900833 0.37222499
-561.36461988 0.39766543
-561.26935419 0.41516063
-561.15776916 0.42508923
-561.03799144 0.42585178
-560.9258804 0.41748411
-560.82391707 0.40035623
-560.73882004 0.3761905
-560.65949962 0.34157608
-560.5824496 0.29058609
-560.50770536 0.21210092
-560.4611833 0.11337492
-560.4601294 0.1
-560.49832824 0.19579611
-560.57320243 0.27691653
-560.65182184 0.32924297
-560.73331189 0.36447671
-560.82110244 0.38883675
-560.92024642 0.40513157
-561.03620868 0.41369818
-561.16021402 0.4129189
-561.27559139 0.40274727
-561.37379802 0.38472973
-561.46042301 0.35837308
-561.54051463 0.32068204
-561.61732558 0.26515346
-561.68894442 0.17965153
-561.71676646 0.1
-561.67711466 0.19500872
-561.60393818 0.27078217
-561.52785667 0.31964855
-561.44360407 0.35471745
-561.35254326 0.37861316
-561.24953687 0.39423648
-561.1290798 0.40193375
-561.00732955 0.4004248
-560.89463582 0.39032095
-560.79332544 0.37174401
-560.70438696 0.34439114
-560.62269375 0.30503249
-560.54524712 0.24672293
-560.476228 0.15650352
-560.4601294 0.1
-560.50134852 0.19416853
-560.57765863 0.26835289
-560.657227 0.31547432
-560.73937468 0.34684181
-560.83439394 0.36956883
-560.94189867 0.38391439
-561.06735024 0.39017063
-561.19352893 0.38707656
-561.30948658 0.37504438
-561.40658205 0.35554952
-561.49113352 0.32794365
-561.57379096 0.28579343
-561.65073583 0.22315229
-561.71056807 0.13221836
-561.71676646 0.1
-561.67785613 0.18820043
-561.6044348 0.2584943
-561.52244719 0.3058954
-561.43728205 0.33704481
-561.33842598 0.35923395
-561.22639582 0.37283595
-561.09575923 0.37814835
-560.96484925 0.37391539
-560.8521519 0.36145347
-560.75237501 0.3406154
-560.66614186 0.31105445
-560.58276421 0.26576739
-560.50714594 0.19824451
-560.46045415 0.10662512
-560.4601294 0.1
-560.50070244 0.18732204
-560.57752645 0.25597668
-560.65751327 0.2989328
-560.74650821 0.32902003
-560.84289968 0.34885723
-560.95983837 0.36168092
-561.09605942 0.36601278
-561.22452262 0.36114407
-561.34109122 0.34773149
-561.4370085 0.32723946
-561.52541521 0.29632472
-561.60468487 0.25233936
-561.68026584 0.18223782
-561.71676646 0.1
-561.67864331 0.18138138
-561.60493449 0.24617594
-561.52233897 0.2893681
-561.43669487 0.31742482
-561.33658091 0.33735588
-561.2146925 0.34996019
-561.08051098 0.35387721
-560.94664449 0.34889279
-560.8329316 0.33623458
-560.73334304 0.31562199
-560.64830326 0.28676328
-560.56650556 0.24249516
-560.49411671 0.17628131
-560.4601294 0.1
-560.50002515 0.18045819
-560.57745562 0.24355474
-560.65793035 0.28234369
-560.74776494 0.30931341
-560.85301701 0.32796173
-560.98112453 0.33911797
-561.12159918 0.34151011
-561.26063338 0.33472873
-561.37747915 0.31982232
-561.47164441 0.29816807
-561.55738692 0.26607272
-561.63806563 0.21680448
-561.70373836 0.14307497
-561.71676646 0.1
-561.67947902 0.17454884
-561.60542522 0.23381939
-561.52211841 0.2727934
-561.42838419 0.29943931
-561.31806994 0.31743337
-561.18357909 0.32769752
-561.03643444 0.32905345
-560.90009094 0.32168754
-560.78691678 0.30699193
-560.6897088 0.28434366
-560.6021289 0.25045718
-560.52149259 0.19801797
-560.46528772 0.12514065
-560.4601294 0.1
-560.49931777 0.17357236
-560.57747741 0.23107512
-560.66575287 0.26805931
-560.76531455 0.29264667
-560.88249556 0.30855632
-561.02483638 0.31669587
-561.17917783 0.31586493
-561.31165989 0.30684388
-561.41958819 0.29112642
-561.511143 0.26805931
-561.59941846 0.23107512
-561.67757809 0.17357236
-561.71676646 0.1
-561.67547446 0.1725094
-561.59935884 0.22480873
-561.51419289 0.25850742
-561.41822574 0.28117217
-561.30455333 0.2961868
-561.15530559 0.30454465
-560.99310513 0.30369583
-560.85430736 0.29441759
-560.74201637 0.27804835
-560.64769719 0.2537314
-560.56457777 0.21792125
-560.49182338 0.16276717
-560.4601294 0.1
-560.49858365 0.16665812
-560.57763939 0.21852125
-560.66736516 0.25122031
-560.76908377 0.2726149
-560.88986736 0.28621051
-561.04814258 0.29294873
-561.21866841 0.29033796
-561.35323959 0.27995466
-561.46001182 0.26314648
-561.55606418 0.23647454
-561.63858997 0.19695281
-561.70454277 0.13580414
-561.71676646 0.1
-561.67601551 0.16551567
-561.59910115 0.21220949
-561.51274464 0.24167352
-561.40555381 0.26255177
-561.27756849 0.27532948
-561.10975447 0.28101294
-560.94054219 0.27766344
-560.79991936 0.26629276
-560.68979057 0.24787425
-560.60006149 0.22138289
-560.51796055 0.1788068
-560.46389454 0.11834453
-560.4601294 0.1
-560.49782994 0.1597063
-560.57801594 0.20586961
-560.66953508 0.234258
-560.77391392 0.25245097
-560.90999275 0.26435273
-561.08844793 0.26894551
-561.26690311 0.26435273
-561.40298194 0.25245097
-561.50736078 0.234258
-561.59887992 0.20586961
-561.67906592 0.1597063
-561.71676646 0.1
-561.67652937 0.15846435
-561.59857619 0.19949691
-561.51072554 0.2247101
-561.40003224 0.24230667
-561.25479626 0.25327006
-561.06442533 0.25674074
-560.88749685 0.25149605
-560.7557859 0.2397633
-560.64753488 0.22045447
-560.55481509 0.18982787
-560.48397379 0.14439917
-560.4601294 0.1
-560.49707067 0.1527033
-560.57872742 0.19308558
-560.67252697 0.21712996
-560.79169641 0.23321241
-560.94844752 0.24249836
-561.15248369 0.24423566
-561.32657423 0.23781312
-561.45204578 0.22558558
-561.55321686 0.20641495
-561.63863883 0.17676876
-561.70538385 0.12845616
-561.71676646 0.1
-561.67698125 0.15133336
-561.59762841 0.18662838
-561.49699399 0.20937685
-561.36797991 0.22383127
-561.18438682 0.23167217
-560.96539725 0.23109179
-560.79652231 0.2228765
-560.67990187 0.20937685
-560.57926746 0.18662838
-560.49991461 0.15133336
-560.4601294 0.1
-560.49633261 0.1456281
-560.57033815 0.17732647
-560.66520242 0.19802616
-560.78893352 0.21153405
-560.97052281 0.21927334
-561.20637305 0.21927334
-561.38796234 0.21153405
-561.51169344 0.19802616
-561.60655771 0.17732647
-561.68056325 0.1456281
-561.71676646 0.1
-561.67730908 0.14408771
-561.59598744 0.17353699
-561.49094414 0.19175093
-561.35339885 0.20271989
-561.13660428 0.2081174
-560.88328877 0.20519065
-560.72516922 0.19589495
-560.61364698 0.18069025
-560.52346857 0.15536324
-560.46583949 0.11652534
-560.4601294 0.1
-560.49566748 0.13844634
-560.57093902 0.16437475
-560.66943567 0.18059853
-560.81702715 0.19133893
-561.05341082 0.19606995
-561.32773912 0.19258731
-561.47990519 0.18346267
-561.58323227 0.16923046
-561.66509974 0.14599352
-561.71383661 0.11093124
-561.71676646 0.1
-561.67739608 0.13666845
-561.59315083 0.16011136
-561.4818652 0.17368581
-561.31442526 0.18159974
-560.99250077 0.18362523
-560.75874075 0.17778881
-560.62272091 0.16617877
-560.52730196 0.14683063
-560.46701638 0.11550472
-560.4601294 0.1
-560.42095705 0.3020095
-560.35640766 0.48462502
-560.29706649 0.60404189
-560.24015603 0.68974598
-560.18242049 0.75547553
-560.12446906 0.80505366
-560.06434158 0.84295197
-560.00240045 0.87047602
-559.93641497 0.88922501
-559.86679471 0.89884061
-559.79682703 0.89884061
-559.72720677 0.88922501
-559.66122129 0.87047602
-559.59928016 0.84295197
-559.53915268 0.80505366
-559.48120124 0.75547553
-559.42346571 0.68974598
-559.36655525 0.60404189
-559.30721408 0.48462502
-559.24266469 0.3020095
-559.20349234 0.1
-559.24388724 0.30107304
-559.30856731 0.47698529
-559.36984603 0.59491698
-559.42871739 0.67887308
-559.48605964 0.74041582
-559.54345979 0.78677128
-559.60559142 0.82353129
-559.66960697 0.84977116
-559.73777449 0.86705394
-559.80962152 0.87499558
-559.88170296 0.87311497
-559.95052552 0.86195561
-560.01821244 0.8410899
-560.08157389 0.81104594
-560.14038169 0.77195311
-560.19938605 0.71900504
-560.25796322 0.64883776
-560.3175909 0.55338699
-560.37890135 0.41983427
-560.44119255 0.22178833
-560.4601294 0.1
-560.42022356 0.29446748
-560.35568836 0.46512626
-560.29478438 0.57898455
-560.23650664 0.65983674
-560.17742068 0.72134311
-560.11818932 0.76731104
-560.05673049 0.80211155
-559.99065107 0.82788344
-559.92026824 0.84445467
-559.84897574 0.85135412
-559.77750464 0.84894013
-559.70659626 0.83708635
-559.63971268 0.81626789
-559.57724312 0.78677494
-559.51680515 0.74680712
-559.45875652 0.69497869
-559.40104403 0.62650693
-559.34214052 0.53339692
-559.27943193 0.3978693
-559.21696895 0.19574243
-559.20349234 0.1
-559.24269055 0.28739009
-559.30677331 0.45253688
-559.36931426 0.56586665
-559.42929375 0.6457953
-559.4875936 0.70391319
-559.54858566 0.74911548
-559.6119169 0.78298121
-559.68002496 0.80764986
-559.74962082 0.82253847
-559.82298467 0.82843123
-559.89644575 0.82482756
-559.96919932 0.81152762
-560.03766852 0.78897728
-560.1014537 0.75739224
-560.162987 0.71478023
-560.22189842 0.65961633
-560.28025188 0.58676871
-560.34170656 0.48342313
-560.40585159 0.33254661
-560.45753253 0.13508002
-560.4601294 0.1
-560.41955968 0.28694192
-560.35533115 0.4458775
-560.29295795 0.55439723
-560.23342506 0.63064636
-560.17311227 0.68820032
-560.11273766 0.73083926
-560.04719332 0.76405488
-559.97964879 0.78701967
-559.9076577 0.8011807
-559.83181087 0.80607134
-559.75596404 0.8011807
-559.68397295 0.78701967
-559.61642842 0.76405488
-559.55088408 0.73083926
-559.49050947 0.68820032
-559.43019668 0.63064636
-559.37066379 0.55439723
-559.30829059 0.4458775
-559.24217107 0.28114163
-559.20349234 0.1
-559.24335808 0.28020925
-559.30937923 0.43843306
-559.3712608 0.54210561
-559.43264516 0.61753614
-559.49215416 0.67183369
-559.55443952 0.71375753
-559.61911836 0.74484967
-559.68878555 0.76714895
-559.76303588 0.78044284
-559.83807319 0.78428437
-559.91303833 0.77889748
-559.98707666 0.76396908
-560.05642121 0.73994101
-560.1206972 0.7069825
-560.18250384 0.66293084
-560.24408076 0.60329087
-560.3046513 0.52404006
-560.36776566 0.41091286
-560.4334172 0.23867575
-560.4601294 0.1
-560.42098912 0.2736473
-560.35541555 0.42681952
-560.29170911 0.53021458
-560.231076 0.60210851
-560.16970445 0.65598202
-560.10538651 0.69719758
-560.03854781 0.72737956
-559.96654469 0.74856985
-559.88984887 0.7605586
-559.81244501 0.76291956
-559.73527849 0.7557998
-559.66241078 0.73967923
-559.59441131 0.71493615
-559.52865955 0.67992226
-559.46563359 0.63317066
-559.40307544 0.56984757
-559.34183332 0.4856133
-559.2763386 0.36018421
-559.21399288 0.17514547
-559.20349234 0.1
-559.24393221 0.27300204
-559.30939706 0.41997225
-559.3726252 0.51871494
-559.43526435 0.58989197
-559.4987681 0.64274058
-559.56229498 0.68114412
-559.63143615 0.71040397
-559.70592515 0.7304585
-559.78188982 0.74085238
-559.86177989 0.74206426
-559.94127881 0.73351027
-560.01615946 0.71563513
-560.08582695 0.68872682
-560.14997138 0.65288903
-560.2113703 0.60569139
-560.27236228 0.54224375
-560.33458367 0.45419202
-560.40050815 0.32265806
-560.45610226 0.14171236
-560.4601294 0.1
-560.42065488 0.26610117
-560.35354882 0.4123163
-560.28846538 0.50981766
-560.22675888 0.57686145
-560.16439526 0.6267131
-560.09902899 0.66458985
-560.03111514 0.69205021
-559.95784293 0.71101263
-559.87972292 0.72120904
-559.79757476 0.72203281
-559.71927846 0.71346848
-559.64568701 0.69620947
-559.57415062 0.66911767
-559.50839025 0.63281792
-559.44557334 0.58478244
-559.38333821 0.51993352
-559.32009494 0.42957994
-559.25369316 0.29409085
-559.20470881 0.12100635
-559.20349234 0.1
-559.24412331 0.26505375
-559.31080466 0.40492545
-559.37506094 0.49783488
-559.43857182 0.56424448
-559.50286271 0.61321842
-559.57031548 0.65004263
-559.64042427 0.67634066
-559.71604393 0.69400523
-559.79658231 0.70275523
-559.87759452 0.70215084
-559.95799173 0.69215025
-560.03335338 0.67317534
-560.103118 0.64546103
-560.17014748 0.60700758
-560.23395135 0.55614866
-560.29689298 0.48745217
-560.36295833 0.38713506
-560.43002458 0.23609832
-560.4601294 0.1
-560.42021853 0.25914181
-560.35136219 0.3988799
-560.28471405 0.49080991
-560.22179217 0.5532417
-560.15505168 0.60124909
-560.0883664 0.63541006
-560.01561785 0.6607892
-559.93715979 0.67729226
-559.85368735 0.68462309
-559.76989917 0.68233395
-559.69057004 0.67099298
-559.61652434 0.65113543
-559.54489998 0.62132853
-559.47952752 0.58230487
-559.4143705 0.52837864
-559.35041342 0.45536095
-559.28385758 0.34845857
-559.21887331 0.18710043
-559.20349234 0.1
-559.242392 0.25270322
-559.31042373 0.3876828
-559.37598058 0.476183
-559.44066476 0.53882028
-559.50606866 0.58463788
-559.57472842 0.61884696
-559.64973098 0.64399667
-559.73067378 0.66003518
-559.81677564 0.6666786
-559.90310846 0.66347879
-559.98468749 0.65098167
-560.06063509 0.62964463
-560.13045216 0.59961925
-560.19721617 0.55865363
-560.26351083 0.50194392
-560.32825419 0.4249941
-560.39744094 0.30694649
-560.45423941 0.14798532
-560.4601294 0.1
-560.42022275 0.25140049
-560.35302023 0.38001241
-560.28570474 0.46740307
-560.21914778 0.52877232
-560.15176891 0.57325472
-560.08099491 0.60607486
-560.00368793 0.62975518
-559.92032832 0.64425453
-559.8356699 0.64923921
-559.75095418 0.64509015
-559.66742717 0.63148961
-559.58986896 0.60878089
-559.51878635 0.57703218
-559.45104446 0.53379817
-559.38405685 0.47396026
-559.3161999 0.38853458
-559.24811352 0.26253448
-559.2036647 0.10699419
-559.20349234 0.1
-559.24236821 0.24526012
-559.31152858 0.37366537
-559.37798502 0.45682868
-559.4433622 0.51517827
-559.51290555 0.55949763
-559.58606893 0.59184042
-559.66218275 0.61392511
-559.74437992 0.62750535
-559.83181087 0.63219818
-559.91924182 0.62750535
-560.00143899 0.61392511
-560.07755281 0.59184042
-560.15071619 0.55949763
-560.22025954 0.51517827
-560.28563672 0.45682868
-560.35209316 0.37366537
-560.42125353 0.24526012
-560.4601294 0.1
-560.42016397 0.24419496
-560.35183548 0.36647875
-560.28348443 0.44865561
-560.21609683 0.50582616
-560.1480075 0.54696453
-560.07647668 0.57714271
-559.99815782 0.59875919
-559.91355506 0.61171376
-559.82361763 0.61562007
-559.73381766 0.60996263
-559.64959177 0.59519834
-559.57182915 0.57161879
-559.50097494 0.53927228
-559.43367875 0.49560088
-559.36723531 0.43530984
-559.2972079 0.34463717
-559.22932828 0.20969592
-559.20349234 0.1
-559.24240825 0.23833725
-559.31285838 0.36060788
-559.38033343 0.43873253
-559.45009421 0.49548942
-559.52071879 0.53587345
-559.59499125 0.56506391
-559.67632634 0.58547478
-559.76411077 0.59701898
-559.85723322 0.59925259
-559.94572027 0.5921626
-560.02830982 0.57649511
-560.10422521 0.55252068
-560.17684951 0.51825228
-560.24553723 0.47190105
-560.31298206 0.40775516
-560.38335313 0.31103316
-560.4463199 0.17304392
-560.4601294 0.1
-560.42002787 0.23750831
-560.35040632 0.35388593
-560.28087865 0.43113972
-560.21255348 0.48432689
-560.13973341 0.52407856
-560.06306423 0.55245437
-559.97907616 0.5718875
-559.88848449 0.58230624
-559.79691054 0.58339403
-559.70594327 0.57525046
-559.62127791 0.55825277
-559.54372058 0.53257258
-559.46982006 0.49600063
-559.40025447 0.44656643
-559.3323802 0.37812433
-559.2625119 0.2748438
-559.20734027 0.13407542
-559.20349234 0.1
-559.24220392 0.23124145
-559.3136163 0.34739018
-559.38532688 0.4238043
-559.45596544 0.47589607
-559.52727673 0.51264353
-559.60649549 0.54019968
-559.69330127 0.55863943
-559.78686012 0.56790344
-559.88124938 0.56768095
-559.97472589 0.55795021
-560.06138355 0.53900733
-560.14040867 0.51089006
-560.21149826 0.47351446
-560.28186869 0.42063955
-560.35323316 0.34319925
-560.42404229 0.22565436
-560.4601294 0.1
-560.42014035 0.23063588
-560.34955602 0.341116
-560.27921439 0.41360567
-560.21035349 0.46304296
-560.13691719 0.49984303
-560.05958016 0.5259693
-559.97462939 0.54373525
-559.88280714 0.55300807
-559.78544331 0.553236
-559.69353685 0.54441882
-559.60843672 0.52714197
-559.53090555 0.50155794
-559.45723376 0.46539942
-559.38810237 0.41672082
-559.31741115 0.34522809
-559.24623381 0.23611118
-559.20369978 0.10692953
-559.20349234 0.1
-559.24449595 0.22941936
-559.31366758 0.33397789
-559.38580008 0.40562781
-559.4565837 0.45408896
-559.53217315 0.48980375
-559.61182542 0.51480693
-559.6992997 0.53138901
-559.79373484 0.53941449
-559.89363291 0.53825905
-559.98761255 0.52791739
-560.07428058 0.50883334
-560.15288748 0.48103792
-560.22721125 0.44200116
-560.3002297 0.38624429
-560.37332386 0.30385283
-560.44002758 0.18377528
-560.4601294 0.1
-560.42055148 0.22355064
-560.34942726 0.32813161
-560.27872893 0.39601785
-560.20562609 0.44425496
-560.13185424 0.4777523
-560.04952405 0.50252293
-559.95901814 0.51861945
-559.86132559 0.52593456
-559.75814229 0.52379611
-559.66135471 0.51217869
-559.57702853 0.49275366
-559.49652189 0.46331984
-559.42482624 0.42457436
-559.35425337 0.36973297
-559.28342733 0.28898767
-559.21728895 0.16543643
-559.20349234 0.1
-559.2441592 0.22254406
-559.31744715 0.32544459
-559.39045523 0.39159147
-559.46170046 0.43586045
-559.53776905 0.4683336
-559.62271047 0.49196822
-559.71604995 0.5068552
-559.81664112 0.51287381
-559.91755697 0.5096516
-560.01177571 0.49770686
-560.09799298 0.47734522
-560.17558748 0.44856347
-560.24861585 0.40869513
-560.32016301 0.35205699
-560.39129779 0.26837652
-560.45222955 0.14631447
-560.4601294 0.1
-560.42093182 0.21691858
-560.34917893 0.315979
-560.27807676 0.379522
-560.20466975 0.42439664
-560.12604357 0.45699164
-560.04305819 0.4793581
-559.94645556 0.49424329
-559.84228139 0.49996731
-559.73786653 0.49616705
-559.64061357 0.48332109
-559.55193302 0.46162941
-559.4724706 0.43097781
-559.39808512 0.38843472
-559.3257677 0.3278396
-559.25194756 0.23289552
-559.20436898 0.11365027
-559.20349234 0.1
-559.24386427 0.21611865
-559.31410632 0.30966463
-559.38725231 0.37258671
-559.46297638 0.41658794
-559.5442082 0.44815539
-559.62999061 0.46942887
-559.72979225 0.48306768
-559.8372001 0.48742903
-559.9444764 0.48208672
-560.03878321 0.4684299
-560.1243281 0.44660236
-560.20526074 0.41436672
-560.2806336 0.3695593
-560.35333822 0.30561337
-560.42585809 0.20522153
-560.4601294 0.1
-560.42167581 0.21003164
-560.34984486 0.30354546
-560.27453248 0.36587739
-560.19634244 0.4090107
-560.11741955 0.43805529
-560.02890881 0.45878172
-559.93139449 0.47124315
-559.82070737 0.47519591
-559.7157773 0.46977926
-559.61879725 0.45580086
-559.53104995 0.43336806
-559.45303071 0.40238493
-559.37596788 0.35676465
-559.30208659 0.29125695
-559.23278524 0.19350549
-559.20349234 0.1
-559.24318294 0.2093361
-559.31750802 0.30140306
-559.39105169 0.35917644
-559.46693732 0.39930315
-559.54832977 0.42799036
-559.63974407 0.44814965
-559.74048848 0.45988809
-559.84898305 0.46299723
-559.95704864 0.45697487
-560.05664076 0.44212542
-560.14640131 0.41843868
-560.22583472 0.38571465
-560.30380806 0.33743979
-560.37773985 0.26796647
-560.44404406 0.1640917
-560.4601294 0.1
-560.41911985 0.20860079
-560.34634324 0.29528816
-560.27047295 0.35243921
-560.19195161 0.39168347
-560.10759685 0.41933502
-560.01281355 0.43832883
-559.90845744 0.44880892
-559.79637702 0.45051517
-559.68524045 0.44284135
-559.58894471 0.42715417
-559.50267414 0.40329032
-559.42184773 0.36866322
-559.34748453 0.32094595
-559.27322062 0.24832413
-559.21062352 0.13932888
-559.20349234 0.1
-559.24246058 0.20256797
-559.31704471 0.28916905
-559.39539457 0.34566265
-559.47673981 0.38398139
-559.56427225 0.41055586
-559.6626605 0.42834749
-559.77085267 0.43753377
-559.88668712 0.43778253
-559.99503754 0.42910266
-560.0937002 0.41187916
-560.18158071 0.38596141
-560.26334534 0.34844905
-560.34222917 0.29300153
-560.41771058 0.20782224
-560.45985765 0.10675944
-560.4601294 0.1
-560.41977885 0.20180832
-560.34681486 0.28304532
-560.27084374 0.33605348
-560.19237127 0.37222499
-560.10798281 0.39766543
-560.01271713 0.41516063
-559.90113209 0.42508923
-559.78135438 0.42585178
-559.66924334 0.41748411
-559.56728001 0.40035623
-559.48218298 0.3761905
-559.40286256 0.34157608
-559.32581253 0.29058609
-559.2510683 0.21210092
-559.20454624 0.11337492
-559.20349234 0.1
-559.24169118 0.19579611
-559.31656537 0.27691653
-559.39518478 0.32924297
-559.47667483 0.36447671
-559.56446537 0.38883675
-559.66360936 0.40513157
-559.77957162 0.41369818
-559.90357696 0.4129189
-560.01895432 0.40274727
-560.11716096 0.38472973
-560.20378595 0.35837308
-560.28387757 0.32068204
-560.36068852 0.26515346
-560.43230736 0.17965153
-560.4601294 0.1
-560.4204776 0.19500872
-560.34730112 0.27078217
-560.27121961 0.31964855
-560.18696701 0.35471745
-560.09590619 0.37861316
-559.99289981 0.39423648
-559.87244273 0.40193375
-559.75069248 0.4004248
-559.63799876 0.39032095
-559.53668838 0.37174401
-559.4477499 0.34439114
-559.36605669 0.30503249
-559.28861006 0.24672293
-559.21959094 0.15650352
-559.20349234 0.1
-559.24471146 0.19416853
-559.32102157 0.26835289
-559.40058994 0.31547432
-559.48273762 0.34684181
-559.57775688 0.36956883
-559.68526161 0.38391439
-559.81071318 0.39017063
-559.93689187 0.38707656
-560.05284952 0.37504438
-560.14994499 0.35554952
-560.23449645 0.32794365
-560.3171539 0.28579343
-560.39409877 0.22315229
-560.45393101 0.13221836
-560.4601294 0.1
-560.42121907 0.18820043
-560.34779774 0.2584943
-560.26581013 0.3058954
-560.18064499 0.33704481
-560.08178891 0.35923395
-559.96975875 0.37283595
-559.83912217 0.37814835
-559.70821219 0.37391539
-559.59551484 0.36145347
-559.49573794 0.3406154
-559.4095048 0.31105445
-559.32612715 0.26576739
-559.25050888 0.19824451
-559.20381709 0.10662512
-559.20349234 0.1
-559.24406538 0.18732204
-559.32088939 0.25597668
-559.40087621 0.2989328
-559.48987115 0.32902003
-559.58626262 0.34885723
-559.70320131 0.36168092
-559.83942236 0.36601278
-559.96788556 0.36114407
-560.08445416 0.34773149
-560.18037144 0.32723946
-560.26877815 0.29632472
-560.34804781 0.25233936
-560.42362878 0.18223782
-560.4601294 0.1
-560.42200624 0.18138138
-560.34829743 0.24617594
-560.26570191 0.2893681
-560.18005781 0.31742482
-560.07994385 0.33735588
-559.95805543 0.34996019
-559.82387391 0.35387721
-559.69000742 0.34889279
-559.57629454 0.33623458
-559.47670598 0.31562199
-559.3916662 0.28676328
-559.3098685 0.24249516
-559.23747965 0.17628131
-559.20349234 0.1
-559.24338808 0.18045819
-559.32081856 0.24355474
-559.40129329 0.28234369
-559.49112788 0.30931341
-559.59637995 0.32796173
-559.72448747 0.33911797
-559.86496211 0.34151011
-560.00399632 0.33472873
-560.12084209 0.31982232
-560.21500735 0.29816807
-560.30074986 0.26607272
-560.38142857 0.21680448
-560.44710129 0.14307497
-560.4601294 0.1
-560.42284195 0.17454884
-560.34878816 0.23381939
-560.26548135 0.2727934
-560.17174713 0.29943931
-560.06143287 0.31743337
-559.92694203 0.32769752
-559.77979738 0.32905345
-559.64345388 0.32168754
-559.53027972 0.30699193
-559.43307174 0.28434366
-559.34549184 0.25045718
-559.26485553 0.19801797
-559.20865066 0.12514065
-559.20349234 0.1
-559.24268071 0.17357236
-559.32084034 0.23107512
-559.40911581 0.26805931
-559.50867749 0.29264667
-559.6258585 0.30855632
-559.76819932 0.31669587
-559.92254077 0.31586493
-560.05502283 0.30684388
-560.16295113 0.29112642
-560.25450593 0.26805931
-560.34278139 0.23107512
-560.42094103 0.17357236
-560.4601294 0.1
-560.4188374 0.1725094
-560.34272178 0.22480873
-560.25755582 0.25850742
-560.16158868 0.28117217
-560.04791627 0.2961868
-559.89866853 0.30454465
-559.73646807 0.30369583
-559.5976703 0.29441759
-559.4853793 0.27804835
-559.39106012 0.2537314
-559.3079407 0.21792125
-559.23518632 0.16276717
-559.20349234 0.1
-559.24194658 0.16665812
-559.32100233 0.21852125
-559.4107281 0.25122031
-559.51244671 0.2726149
-559.6332303 0.28621051
-559.79150552 0.29294873
-559.96203135 0.29033796
-560.09660253 0.27995466
-560.20337476 0.26314648
-560.29942712 0.23647454
-560.38195291 0.19695281
-560.44790571 0.13580414
-560.4601294 0.1
-560.41937845 0.16551567
-560.34246409 0.21220949
-560.25610758 0.24167352
-560.14891674 0.26255177
-560.02093143 0.27532948
-559.85311741 0.28101294
-559.68390512 0.27766344
-559.5432823 0.26629276
-559.43315351 0.24787425
-559.34342443 0.22138289
-559.26132349 0.1788068
-559.20725748 0.11834453
-559.20349234 0.1
-559.24119288 0.1597063
-559.32137888 0.20586961
-559.41289802 0.234258
-559.51727686 0.25245097
-559.65335569 0.26435273
-559.83181087 0.26894551
-560.01026605 0.26435273
-560.14634488 0.25245097
-560.25072372 0.234258
-560.34224286 0.20586961
-560.42242886 0.1597063
-560.4601294 0.1
-560.41989231 0.15846435
-560.34193913 0.19949691
-560.25408847 0.2247101
-560.14339518 0.24230667
-559.9981592 0.25327006
-559.80778827 0.25674074
-559.63085979 0.25149605
-559.49914884 0.2397633
-559.39089782 0.22045447
-559.29817803 0.18982787
-559.22733673 0.14439917
-559.20349234 0.1
-559.24043361 0.1527033
-559.32209036 0.19308558
-559.41588991 0.21712996
-559.53505934 0.23321241
-559.69181045 0.24249836
-559.89584662 0.24423566
-560.06993717 0.23781312
-560.19540872 0.22558558
-560.2965798 0.20641495
-560.38200177 0.17676876
-560.44874679 0.12845616
-560.4601294 0.1
-560.42034419 0.15133336
-560.34099134 0.18662838
-560.24035693 0.20937685
-560.11134285 0.22383127
-559.92774976 0.23167217
-559.70876019 0.23109179
-559.53988525 0.2228765
-559.42326481 0.20937685
-559.3226304 0.18662838
-559.24327755 0.15133336
-559.20349234 0.1
-559.23969555 0.1456281
-559.31370109 0.17732647
-559.40856536 0.19802616
-559.53229646 0.21153405
-559.71388575 0.21927334
-559.94973599 0.21927334
-560.13132528 0.21153405
-560.25505638 0.19802616
-560.34992065 0.17732647
-560.42392619 0.1456281
-560.4601294 0.1
-560.42067202 0.14408771
-560.33935037 0.17353699
-560.23430708 0.19175093
-560.09676178 0.20271989
-559.87996722 0.2081174
-559.62665171 0.20519065
-559.46853216 0.19589495
-559.35700991 0.18069025
-559.26683151 0.15536324
-559.20920243 0.11652534
-559.20349234 0.1
-559.23903041 0.13844634
-559.31430196 0.16437475
-559.41279861 0.18059853
-559.56039008 0.19133893
-559.79677376 0.19606995
-560.07110206 0.19258731
-560.22326812 0.18346267
-560.32659521 0.16923046
-560.40846268 0.14599352
-560.45719954 0.11093124
-560.4601294 0.1
-560.42075901 0.13666845
-560.33651377 0.16011136
-560.22522814 0.17368581
-560.05778819 0.18159974
-559.73586371 0.18362523
-559.50210369 0.17778881
-559.36608385 0.16617877
-559.2706649 0.14683063
-559.21037932 0.11550472
-559.20349234 0.1
-559.20349234 0.125
-633.91427925 0.00113968
-635.71154 0
-635.71154 0
-635.71154 0
